Source/alpine3d/doc/examples/radiation_complex/input/surface-grids/totalp.dem
ncols        250
nrows        120
xllcorner    780500.000000000000
yllcorner    189000.000000000000
cellsize     10.000000000000
NODATA_value  -999
[rows 100 to 119 of 120, columns 180 to 224 of 250]
2255.6904296875 2252.173828125 2249.54541015625 2247.63623046875 2244.71630859375 2241.119384765625 2237.836181640625 2237.40869140625 2235.77734375 2233.473388671875 2229.6591796875 2228.58154296875 2225.11865234375 2222.9033203125 2219.144775390625 2220.224365234375 2217.19287109375 2214.854248046875 2212.692138671875 2215.17578125 2216.0791015625 2217.311767578125 2217.3759765625 2216.752685546875 2217.08642578125 2222.52783203125 2224.780517578125 2223.538330078125 2232.560302734375 2237.302001953125 2242.874267578125 2244.288818359375 2244.486328125 2244.7890625 2243.310302734375 2241.059326171875 2234.091552734375 2226.818603515625 2222.25390625 2217.766357421875 2210.524169921875 2205.894287109375 2202.66650390625 2199.202392578125 2196.694091796875
2269.129638671875 2263.281982421875 2258.106201171875 2254.8203125 2252.595947265625 2250.060546875 2248.2470703125 2250.953857421875 2250.392822265625 2244.606689453125 2241.056396484375 2236.162109375 2233.129638671875 2233.447021484375 2234.311767578125 2231.890380859375 2229.98388671875 2233.804443359375 2232.849853515625 2226.62451171875 2224.91259765625 2225.748291015625 2225.951171875 2229.10302734375 2230.2646484375 2229.598876953125 2230.734619140625 2233.803955078125 2241.369384765625 2245.80712890625 2246.142578125 2245.619140625 2245.93603515625 2244.74755859375 2242.43359375 2238.9638671875 2231.84765625 2224.66552734375 2219.09033203125 2213.4716796875 2207.447998046875 2202.916015625 2200.216796875 2197.0341796875 2194.531494140625
2276.505126953125 2276.0888671875 2269.0380859375 2264.337646484375 2261.513671875 2260.617919921875 2260.240478515625 2263.669921875 2261.60888671875 2257.685546875 2250.4931640625 2247.67578125 2246.529541015625 2246.68896484375 2243.42333984375 2240.69677734375 2246.686767578125 2244.578125 2242.552978515625 2243.531005859375 2241.1220703125 2236.730712890625 2236.05859375 2237.576904296875 2240.929931640625 2240.869873046875 2241.164306640625 2248.268798828125 2248.856689453125 2247.8544921875 2246.46923828125 2244.74951171875 2243.54443359375 2242.97705078125 2240.840087890625 2236.415771484375 2228.074951171875 2221.399169921875 2215.543701171875 2210.944091796875 2206.51416015625 2201.550048828125 2198.02001953125 2196.40283203125 2193.71142578125
2285.309326171875 2283.908203125 2278.186767578125 2276.970703125 2275.629638671875 2274.10693359375 2273.02880859375 2274.547119140625 2271.78369140625 2266.388427734375 2261.51220703125 2259.822998046875 2259.736328125 2260.06640625 2261.41259765625 2256.95361328125 2255.418212890625 2255.732177734375 2252.7978515625 2251.4638671875 2249.157470703125 2244.839599609375 2243.578369140625 2245.585205078125 2249.50634765625 2248.632568359375 2249.367431640625 2250.39892578125 2249.883056640625 2248.876953125 2246.652099609375 2244.1982421875 2241.516845703125 2240.64013671875 2237.881591796875 2233.609619140625 2225.9365234375 2219.734619140625 2213.928466796875 2209.159912109375 2204.89208984375 2200.3427734375 2197.54345703125 2195.8095703125 2192.669677734375
2293.648681640625 2290.998046875 2289.483642578125 2288.330810546875 2285.846923828125 2284.901611328125 2285.593505859375 2285.39111328125 2282.154052734375 2279.486083984375 2278.205078125 2282.280517578125 2280.964111328125 2272.39208984375 2274.5625 2272.23388671875 2269.30419921875 2266.94970703125 2263.88134765625 2260.737060546875 2255.899169921875 2253.5048828125 2252.16943359375 2253.776611328125 2254.335205078125 2252.984130859375 2252.055908203125 2251.214599609375 2250.79296875 2249.46875 2246.357666015625 2242.98046875 2239.2763671875 2236.255859375 2233.17333984375 2228.595703125 2223.04052734375 2217.550537109375 2212.66064453125 2207.84912109375 2202.95068359375 2198.4375 2196.1083984375 2194.865966796875 2191.583251953125
2301.443115234375 2300.352294921875 2300.277099609375 2298.378173828125 2293.520263671875 2291.015625 2290.21240234375 2290.646240234375 2291.403076171875 2292.16748046875 2292.2392578125 2291.915283203125 2291.657470703125 2289.487060546875 2285.939453125 2283.901123046875 2280.253662109375 2276.35888671875 2271.58642578125 2265.97802734375 2262.1689453125 2261.69189453125 2260.074462890625 2257.04052734375 2254.57763671875 2253.61279296875 2252.752685546875 2251.199462890625 2250.092041015625 2248.10986328125 2245.468994140625 2242.4248046875 2237.239501953125 2232.01708984375 2228.460693359375 2225.039306640625 2220.035400390625 2215.87158203125 2211.65283203125 2207.548583984375 2202.2177734375 2196.78173828125 2194.779052734375 2193.3720703125 2189.8740234375
2311.092529296875 2310.731689453125 2311.56201171875 2310.28466796875 2303.74560546875 2300.23828125 2297.743408203125 2297.3408203125 2295.631591796875 2293.916259765625 2293.391357421875 2294.534423828125 2293.94384765625 2291.62451171875 2289.444091796875 2286.41650390625 2282.152099609375 2277.6611328125 2271.860107421875 2266.791015625 2264.17578125 2262.57763671875 2259.304931640625 2256.080078125 2254.536865234375 2253.9013671875 2252.923583984375 2251.0546875 2248.794677734375 2247.61083984375 2245.74462890625 2241.641845703125 2234.69140625 2229.102783203125 2225.596435546875 2221.637451171875 2217.656005859375 2214.894287109375 2210.597412109375 2205.547119140625 2200.550048828125 2195.51416015625 2193.045654296875 2190.800048828125 2188.51318359375
2320.9326171875 2323.294189453125 2321.902587890625 2316.600830078125 2312.784912109375 2306.923828125 2304.43798828125 2301.6923828125 2298.32470703125 2294.52490234375 2292.048095703125 2289.60693359375 2288.2490234375 2287.437744140625 2286.368408203125 2283.20068359375 2280.74609375 2276.3623046875 2270.78271484375 2265.722900390625 2262.459228515625 2259.818115234375 2256.671142578125 2254.610107421875 2254.037841796875 2253.631591796875 2252.567626953125 2250.276123046875 2247.6650390625 2246.4140625 2244.2333984375 2239.04638671875 2231.51171875 2226.882568359375 2223.150634765625 2220.32568359375 2218.174072265625 2215.67333984375 2211.13232421875 2204.501220703125 2198.671875 2193.5908203125 2190.792236328125 2189.093017578125 2187.475341796875
2328.75537109375 2327.9580078125 2325.24267578125 2320.4091796875 2316.522705078125 2312.510986328125 2307.885498046875 2302.24853515625 2296.19384765625 2292.618408203125 2288.983642578125 2286.40625 2283.796875 2282.074462890625 2280.46923828125 2278.24560546875 2275.89599609375 2272.037841796875 2267.692626953125 2263.77685546875 2261.273193359375 2258.0244140625 2255.48095703125 2253.839599609375 2253.1123046875 2252.42626953125 2251.7529296875 2248.9365234375 2244.842041015625 2241.8046875 2239.02978515625 2232.984375 2227.616943359375 2224.345947265625 2221.696533203125 2220.1552734375 2217.430908203125 2213.69580078125 2209.35791015625 2202.36181640625 2196.5888671875 2191.66015625 2188.627197265625 2187.2685546875 2185.6162109375
2336.12158203125 2332.067626953125 2328.5966796875 2323.987548828125 2318.7353515625 2314.93701171875 2310.227294921875 2304.6005859375 2296.264892578125 2292.26806640625 2287.2958984375 2283.814453125 2281.212158203125 2278.808837890625 2276.8720703125 2274.54248046875 2271.828125 2269.180908203125 2265.915283203125 2263.519287109375 2260.967041015625 2258.2822265625 2255.490478515625 2253.983642578125 2253.1123046875 2251.485107421875 2249.264892578125 2245.60302734375 2241.7978515625 2236.560791015625 2233.030029296875 2228.95751953125 2224.869140625 2221.595703125 2220.7802734375 2219.529296875 2216.488525390625 2212.543212890625 2206.56884765625 2200.019287109375 2194.26904296875 2189.114013671875 2186.163330078125 2184.618896484375 2181.59765625
2338.458740234375 2334.204345703125 2330.510986328125 2326.524169921875 2321.743896484375 2316.9560546875 2311.893798828125 2305.525390625 2297.0712890625 2292.459716796875 2287.71533203125 2282.9736328125 2279.607666015625 2277.212158203125 2274.91259765625 2272.7158203125 2270.74560546875 2268.273681640625 2265.506103515625 2263.047119140625 2261.079833984375 2259.5185546875 2257.5625 2256.219970703125 2254.826416015625 2252.646240234375 2249.8662109375 2244.092529296875 2239.253662109375 2233.859619140625 2230.24560546875 2227.41064453125 2222.200439453125 2218.271240234375 2219.35009765625 2216.865234375 2213.875 2209.390625 2203.22119140625 2196.943603515625 2191.366943359375 2185.989013671875 2183.42919921875 2180.536865234375 2177.082763671875
2338.898681640625 2334.760009765625 2332.232421875 2328.5009765625 2323.832275390625 2318.37890625 2313.21484375 2306.805908203125 2298.400634765625 2293.720947265625 2289.125244140625 2284.103271484375 2280.176513671875 2277.296142578125 2274.3330078125 2271.742919921875 2269.38037109375 2267.59228515625 2265.334228515625 2263.409423828125 2262.838623046875 2261.59521484375 2259.622802734375 2258.352294921875 2256.349365234375 2252.839111328125 2248.9814453125 2242.626953125 2238.006103515625 2233.128662109375 2228.42431640625 2224.0048828125 2217.704345703125 2214.929443359375 2214.00537109375 2212.082275390625 2207.94189453125 2204.255615234375 2197.732421875 2193.09619140625 2187.502685546875 2184.186279296875 2180.5498046875 2178.05078125 2175.00537109375
2340.564453125 2337.000244140625 2334.005859375 2329.594970703125 2325.001953125 2319.08984375 2312.05712890625 2306.407958984375 2301.362548828125 2294.303466796875 2289.034912109375 2284.259521484375 2281.360595703125 2277.28125 2273.634521484375 2270.604248046875 2268.431396484375 2266.44921875 2264.32275390625 2263.366943359375 2262.876220703125 2261.385498046875 2259.41943359375 2257.62060546875 2254.993896484375 2250.54736328125 2246.515380859375 2242.201904296875 2239.472412109375 2235.005126953125 2226.32958984375 2220.51171875 2215.048583984375 2211.32275390625 2208.7041015625 2205.83349609375 2202.089111328125 2198.265625 2194.877685546875 2189.8271484375 2185.807373046875 2181.95703125 2179.054931640625 2176.630859375 2173.84765625
2341.930419921875 2337.812255859375 2333.638671875 2329.31982421875 2323.400390625 2318.647705078125 2311.812744140625 2306.1826171875 2299.64013671875 2292.61083984375 2288.908447265625 2285.295166015625 2281.802734375 2277.62158203125 2274.6015625 2271.932861328125 2268.88720703125 2265.5908203125 2262.56591796875 2260.697265625 2259.772216796875 2258.821044921875 2257.175048828125 2255.470947265625 2252.15966796875 2247.35693359375 2243.195068359375 2241.800048828125 2240.28369140625 2235.08935546875 2227.183349609375 2220.346435546875 2213.054443359375 2208.982666015625 2206.45751953125 2202.4384765625 2198.36083984375 2195.09765625 2190.947265625 2186.50732421875 2183.508544921875 2179.70654296875 2178.009765625 2175.577880859375 2172.82666015625
2341.410400390625 2337.215576171875 2331.96142578125 2326.9306640625 2320.496826171875 2315.025390625 2309.36376953125 2303.1025390625 2297.714599609375 2292.611572265625 2289.11669921875 2285.420654296875 2281.48046875 2277.44970703125 2273.616455078125 2270.33203125 2267.013916015625 2264.54931640625 2261.8681640625 2259.781005859375 2256.609130859375 2254.97412109375 2253.434814453125 2251.708984375 2247.34521484375 2243.039306640625 2239.61328125 2238.3837890625 2237.200439453125 2232.903076171875 2227.8369140625 2218.1708984375 2210.361572265625 2206.42578125 2203.85498046875 2199.503662109375 2195.753173828125 2192.130859375 2187.56396484375 2183.71142578125 2180.372802734375 2178.331787109375 2176.4775390625 2174.48974609375 2171.743896484375
2341.65234375 2337.134033203125 2332.656005859375 2327.4111328125 2320.08251953125 2314.526611328125 2308.01953125 2302.32373046875 2297.53564453125 2293.32373046875 2289.69873046875 2285.285400390625 2279.976806640625 2275.881591796875 2272.0009765625 2269.02001953125 2266.575439453125 2264.072998046875 2261.662109375 2259.153564453125 2256.350830078125 2253.25146484375 2249.83544921875 2246.7119140625 2243.0693359375 2238.592529296875 2235.26953125 2233.710693359375 2233.48486328125 2229.31298828125 2224.112060546875 2216.094970703125 2208.673095703125 2204.35302734375 2200.374267578125 2197.3681640625 2193.26171875 2189.17578125 2185.349853515625 2181.512451171875 2178.651123046875 2177.3291015625 2175.6708984375 2173.41015625 2171.029541015625
2340.06787109375 2335.787841796875 2331.559814453125 2326.095703125 2320.328369140625 2314.951416015625 2309.119384765625 2303.775390625 2298.93017578125 2294.052490234375 2289.627197265625 2285.16162109375 2281.7451171875 2278.386474609375 2274.638427734375 2271.00048828125 2267.43505859375 2264.376708984375 2261.725830078125 2259.48291015625 2257.27734375 2252.5673828125 2247.7607421875 2244.12255859375 2239.57275390625 2234.9892578125 2231.414306640625 2229.20166015625 2227.909423828125 2224.9892578125 2219.060546875 2212.093505859375 2207.127197265625 2201.6669921875 2198.09716796875 2194.88720703125 2191.245361328125 2187.49658203125 2183.330810546875 2180.310791015625 2178.02734375 2176.015625 2174.51953125 2172.302978515625 2170.650390625
2340.300048828125 2336.846435546875 2332.02099609375 2326.884765625 2321.222900390625 2316.264892578125 2311.405517578125 2305.67236328125 2299.79541015625 2295.040771484375 2291.064208984375 2287.155029296875 2284.026611328125 2279.4267578125 2274.385009765625 2269.977294921875 2266.590576171875 2263.83984375 2261.357421875 2259.34130859375 2255.55810546875 2249.93212890625 2244.444091796875 2241.18310546875 2237.369873046875 2232.07666015625 2228.7392578125 2225.71875 2223.141357421875 2220.203857421875 2214.875732421875 2210.432861328125 2205.365966796875 2200.337646484375 2196.501953125 2192.797607421875 2189.636962890625 2186.44580078125 2182.862548828125 2179.523193359375 2176.68994140625 2174.680419921875 2172.77099609375 2171.159423828125 2170.23046875
2342.01806640625 2337.78369140625 2332.90869140625 2327.982421875 2322.7548828125 2317.9755859375 2312.1025390625 2306.5361328125 2301.140380859375 2295.615234375 2290.772705078125 2286.069091796875 2282.77880859375 2278.634033203125 2273.81201171875 2270.5400390625 2267.245361328125 2264.50244140625 2261.1982421875 2257.5634765625 2252.2646484375 2246.333251953125 2240.931640625 2236.8984375 2232.167724609375 2228.43994140625 2225.7734375 2223.388916015625 2220.6884765625 2217.670166015625 2212.25341796875 2207.63623046875 2203.582275390625 2199.429931640625 2195.218505859375 2192.071533203125 2188.710205078125 2185.88720703125 2182.73486328125 2178.8623046875 2175.5771484375 2172.7109375 2170.815185546875 2168.810546875 2167.859619140625
2340.645263671875 2339.177734375 2333.995361328125 2328.853271484375 2323.74365234375 2319.047607421875 2313.3837890625 2307.002685546875 2300.887939453125 2295.657958984375 2290.8056640625 2286.691162109375 2282.755859375 2278.452392578125 2274.276611328125 2270.672607421875 2267.331298828125 2263.97900390625 2259.7158203125 2253.775390625 2248.5498046875 2243.17236328125 2237.953369140625 2233.863037109375 2230.77197265625 2227.655029296875 2224.6845703125 2222.811767578125 2219.9873046875 2216.247802734375 2211.350341796875 2207.307373046875 2203.29638671875 2199.884765625 2195.853515625 2191.081298828125 2187.581298828125 2185.091064453125 2182.202392578125 2178.92138671875 2175.23388671875 2171.9384765625 2168.93115234375 2164.792724609375 2162.64013671875
