Source/alpine3d/doc/examples/radiation_complex/input/surface-grids/totalp.dem
ncols        250
nrows        120
xllcorner    780500.000000000000
yllcorner    189000.000000000000
cellsize     10.000000000000
NODATA_value  -999
[rows 100 to 119 of 120, columns 0 to 44 of 250]
2579.823486328125 2586.730224609375 2594.147216796875 2600.387939453125 2601.19970703125 2597.4375 2590.47216796875 2584.16552734375 2576.80224609375 2569.7177734375 2564.305419921875 2558.819091796875 2553.865478515625 2550.442626953125 2548.380859375 2546.995361328125 2546.340087890625 2545.795166015625 2544.916748046875 2544.20703125 2544.416015625 2543.922119140625 2543.27587890625 2541.330810546875 2539.822021484375 2539.2587890625 2537.778076171875 2537.32177734375 2537.072998046875 2536.4541015625 2535.185791015625 2534.623291015625 2534.37255859375 2535.193115234375 2536.317626953125 2537.561767578125 2538.00048828125 2538.634521484375 2539.260986328125 2539.808349609375 2540.399658203125 2541.748046875 2542.468017578125 2539.98876953125 2536.816650390625
2577.314453125 2583.867431640625 2591.009033203125 2598.494140625 2602.235595703125 2597.405029296875 2591.571533203125 2583.3642578125 2575.98193359375 2569.51318359375 2562.4306640625 2557.00244140625 2551.697265625 2548.171875 2545.758544921875 2544.64013671875 2544.29443359375 2544.036376953125 2543.221435546875 2542.6396484375 2542.30126953125 2542.048828125 2540.8935546875 2539.71337890625 2537.974365234375 2536.5380859375 2535.406005859375 2534.99267578125 2534.853271484375 2534.385986328125 2533.403564453125 2533.212890625 2533.971923828125 2534.5888671875 2536.129638671875 2538.091796875 2538.584716796875 2538.561279296875 2538.791748046875 2538.889892578125 2539.11083984375 2539.148193359375 2538.693115234375 2536.984375 2533.526611328125
2575.25537109375 2581.94970703125 2588.913330078125 2596.679443359375 2604.005615234375 2598.66015625 2591.736572265625 2583.2236328125 2575.95166015625 2568.52490234375 2560.958251953125 2555.112060546875 2549.898193359375 2545.628662109375 2543.53857421875 2542.001953125 2541.6015625 2541.94287109375 2541.4921875 2540.509765625 2540.065185546875 2539.674560546875 2538.907958984375 2537.033447265625 2535.68701171875 2534.904541015625 2532.68212890625 2531.3837890625 2531.360595703125 2531.127685546875 2531.3037109375 2531.723388671875 2532.602783203125 2533.833251953125 2535.4111328125 2536.6513671875 2537.704345703125 2537.56640625 2537.83203125 2537.48681640625 2537.175048828125 2536.41845703125 2535.420654296875 2533.216552734375 2530.65869140625
2573.130615234375 2580.281005859375 2587.79833984375 2597.2626953125 2605.707275390625 2599.9599609375 2590.892578125 2583.12744140625 2575.502685546875 2568.016845703125 2560.753173828125 2553.8271484375 2548.31787109375 2543.93505859375 2541.352294921875 2539.782470703125 2539.158935546875 2538.954833984375 2539.18701171875 2538.625 2538.476806640625 2537.5078125 2536.444580078125 2534.926025390625 2533.6826171875 2532.333251953125 2531.767578125 2529.52001953125 2529.0048828125 2528.52685546875 2529.57861328125 2529.82275390625 2531.40771484375 2532.9423828125 2534.056884765625 2535.057373046875 2535.982666015625 2536.4033203125 2535.890625 2535.56640625 2535.150390625 2534.41259765625 2532.893798828125 2530.973388671875 2528.7607421875
2570.77197265625 2577.825927734375 2586.25341796875 2594.948486328125 2604.161865234375 2600.88720703125 2590.6318359375 2582.383056640625 2575.10986328125 2567.915283203125 2560.991943359375 2554.55810546875 2549.21337890625 2544.59716796875 2540.455322265625 2538.056884765625 2536.681884765625 2536.85107421875 2536.53369140625 2536.689453125 2536.312744140625 2535.4345703125 2534.418701171875 2533.57177734375 2531.012451171875 2529.40771484375 2528.496826171875 2528.365966796875 2527.08837890625 2527.00634765625 2527.28369140625 2527.65966796875 2530.10205078125 2531.161376953125 2531.908203125 2533.13818359375 2533.79248046875 2533.973388671875 2533.18701171875 2532.4619140625 2532.479736328125 2532.13671875 2531.099609375 2529.40478515625 2527.474365234375
2568.798095703125 2575.352783203125 2584.431396484375 2592.41259765625 2607.14306640625 2607.866943359375 2592.74560546875 2581.3232421875 2574.2255859375 2567.60400390625 2560.336669921875 2554.42236328125 2549.486572265625 2544.200927734375 2540.005615234375 2537.041748046875 2535.033203125 2534.390625 2534.51708984375 2534.385498046875 2533.9267578125 2533.182373046875 2532.4287109375 2530.932373046875 2529.2216796875 2527.368896484375 2525.677734375 2525.44775390625 2525.46826171875 2524.95703125 2524.41357421875 2526.133056640625 2528.403076171875 2529.167724609375 2529.662109375 2530.263427734375 2530.552978515625 2530.361328125 2529.94189453125 2529.637451171875 2529.67333984375 2529.486328125 2528.815185546875 2527.88623046875 2526.32275390625
2566.599365234375 2574.648193359375 2586.018310546875 2596.173828125 2611.080078125 2613.129638671875 2598.662109375 2583.202880859375 2574.62841796875 2567.61376953125 2561.176025390625 2554.556640625 2549.822509765625 2543.97509765625 2540.04736328125 2537.038818359375 2534.02734375 2532.756103515625 2531.9443359375 2531.583740234375 2531.725830078125 2530.908935546875 2529.743408203125 2528.217041015625 2526.849365234375 2525.309326171875 2523.673095703125 2522.35205078125 2522.625244140625 2522.75439453125 2520.955810546875 2523.974609375 2526.275390625 2526.228759765625 2526.6767578125 2526.303955078125 2526.74365234375 2526.5654296875 2526.337158203125 2526.746337890625 2527.030517578125 2527.089111328125 2526.975341796875 2526.233642578125 2524.674560546875
2564.907958984375 2574.11083984375 2586.49462890625 2595.935791015625 2603.849609375 2607.7939453125 2606.884033203125 2587.6220703125 2576.723388671875 2568.8388671875 2562.43505859375 2555.75048828125 2549.49169921875 2543.891845703125 2539.715087890625 2536.11083984375 2532.5224609375 2531.0146484375 2529.77587890625 2528.46044921875 2528.51904296875 2528.50048828125 2527.10986328125 2526.025146484375 2524.564697265625 2523.1025390625 2521.5205078125 2520.385498046875 2519.372802734375 2520.245849609375 2519.220458984375 2520.859375 2523.026611328125 2523.561279296875 2523.58984375 2523.447021484375 2523.302001953125 2522.697265625 2523.233642578125 2523.8125 2524.02685546875 2524.809326171875 2524.80908203125 2524.41259765625 2522.66796875
2563.563720703125 2571.8291015625 2581.660888671875 2589.505859375 2596.58935546875 2603.61767578125 2607.763671875 2594.43408203125 2581.078125 2572.11328125 2564.239013671875 2557.6708984375 2550.2763671875 2544.832763671875 2539.599365234375 2535.11083984375 2531.5087890625 2529.311279296875 2527.60546875 2526.0693359375 2525.24169921875 2524.885009765625 2523.79833984375 2522.864013671875 2521.814697265625 2520.566650390625 2519.1953125 2518.1572265625 2517.28369140625 2517.0986328125 2517.7490234375 2517.18212890625 2518.9248046875 2520.25 2520.056396484375 2519.9140625 2519.8525390625 2519.8310546875 2520.218994140625 2520.50927734375 2520.768310546875 2521.22705078125 2521.8564453125 2521.745849609375 2520.59765625
2562.141845703125 2571.24755859375 2578.497314453125 2585.200927734375 2591.7216796875 2600.317138671875 2613.7353515625 2598.250244140625 2588.929443359375 2577.4140625 2567.43115234375 2559.68310546875 2552.5166015625 2546.39892578125 2540.347900390625 2534.15966796875 2530.512451171875 2527.85693359375 2525.497802734375 2523.349853515625 2522.09716796875 2520.2333984375 2519.896484375 2519.770751953125 2518.827880859375 2517.6142578125 2516.578125 2515.92041015625 2514.80419921875 2514.61767578125 2514.930419921875 2515.314208984375 2514.70361328125 2516.275390625 2516.633544921875 2516.717041015625 2517.224853515625 2517.026611328125 2517.135009765625 2517.427734375 2517.6650390625 2517.97216796875 2518.990478515625 2519.1591796875 2518.517333984375
2560.710205078125 2568.90966796875 2576.333984375 2582.70068359375 2588.701904296875 2600.15625 2615.106689453125 2606.8193359375 2592.70556640625 2583.662353515625 2570.88671875 2562.791748046875 2554.175048828125 2546.68505859375 2540.442138671875 2534.88427734375 2529.609130859375 2526.283935546875 2523.415283203125 2520.524169921875 2518.08984375 2516.222900390625 2515.467529296875 2514.903076171875 2515.3359375 2514.77587890625 2514.064453125 2513.2275390625 2512.6044921875 2511.685791015625 2511.2333984375 2512.3720703125 2513.002685546875 2512.113037109375 2513.3349609375 2514.29345703125 2515.01123046875 2514.635009765625 2514.804931640625 2515.244140625 2515.8125 2516.158935546875 2516.81298828125 2516.8330078125 2516.262451171875
2558.2861328125 2566.45068359375 2574.270751953125 2580.297607421875 2588.1640625 2597.803466796875 2608.58984375 2610.647705078125 2600.96533203125 2588.636474609375 2577.74853515625 2565.377685546875 2555.06591796875 2547.77685546875 2541.547607421875 2534.7666015625 2529.891845703125 2525.076904296875 2521.524169921875 2517.2724609375 2514.28955078125 2511.387939453125 2511.19091796875 2511.002685546875 2510.571044921875 2511.522216796875 2510.77880859375 2510.326416015625 2509.550537109375 2508.8681640625 2508.607421875 2508.5634765625 2510.100830078125 2510.3583984375 2509.174072265625 2508.848876953125 2512.140625 2513.039794921875 2513.018310546875 2513.516357421875 2513.986572265625 2514.474609375 2515.58740234375 2515.953125 2514.902099609375
2555.680419921875 2563.036376953125 2569.945068359375 2578.58251953125 2586.792236328125 2594.345458984375 2602.283447265625 2609.56494140625 2603.396728515625 2592.130126953125 2580.178955078125 2568.18701171875 2556.889404296875 2548.253173828125 2541.762939453125 2535.591796875 2530.268798828125 2525.44091796875 2519.543701171875 2514.83349609375 2510.909423828125 2508.48486328125 2508.049072265625 2507.114501953125 2506.508544921875 2506.423095703125 2506.45751953125 2507.054931640625 2506.845458984375 2506.3466796875 2506.126708984375 2505.414794921875 2505.876708984375 2507.802490234375 2507.858642578125 2507.78564453125 2509.356689453125 2510.222900390625 2511.5029296875 2511.362548828125 2512.580322265625 2513.152587890625 2514.544677734375 2515.693603515625 2515.05078125
2551.731689453125 2559.54443359375 2567.27001953125 2574.337890625 2583.375244140625 2591.846923828125 2599.903564453125 2609.280029296875 2603.42333984375 2590.71533203125 2579.54541015625 2569.56494140625 2558.80908203125 2549.0478515625 2542.901611328125 2536.944091796875 2530.411865234375 2524.952880859375 2519.500244140625 2514.39892578125 2509.698486328125 2505.824951171875 2503.786865234375 2502.218017578125 2502.26513671875 2502.3486328125 2502.4052734375 2502.886962890625 2504.16162109375 2503.978271484375 2502.935302734375 2502.281494140625 2502.189208984375 2502.90625 2504.87109375 2505.1708984375 2506.082763671875 2509.468505859375 2510.555908203125 2510.15478515625 2510.233642578125 2511.017578125 2512.930419921875 2515.006591796875 2515.486572265625
2549.23779296875 2556.569580078125 2564.219482421875 2572.327392578125 2580.586669921875 2590.334716796875 2599.7958984375 2607.27197265625 2600.01220703125 2588.115234375 2578.867919921875 2568.965087890625 2560.757568359375 2552.482421875 2545.2265625 2538.552734375 2531.41259765625 2524.7392578125 2518.264892578125 2511.66357421875 2507.085693359375 2503.179931640625 2500.695068359375 2499.562744140625 2498.66796875 2498.462158203125 2498.146240234375 2498.579833984375 2499.303466796875 2500.420166015625 2500.615478515625 2499.86962890625 2499.8544921875 2499.707763671875 2500.62744140625 2503.18798828125 2502.938720703125 2504.056884765625 2507.49560546875 2508.737548828125 2508.5166015625 2508.82373046875 2510.974609375 2513.392822265625 2514.9130859375
2544.144775390625 2553.08984375 2561.300048828125 2570.7080078125 2580.272705078125 2588.694580078125 2595.6630859375 2607.13232421875 2599.395263671875 2586.333984375 2575.697509765625 2568.423583984375 2561.07275390625 2554.394287109375 2548.28369140625 2541.27001953125 2533.1806640625 2526.041015625 2517.078857421875 2510.6474609375 2504.44873046875 2500.05712890625 2497.2529296875 2495.4091796875 2494.94189453125 2494.5517578125 2494.009765625 2494.65625 2496.14208984375 2496.338134765625 2498.02587890625 2498.138671875 2498.1025390625 2497.7216796875 2497.25 2498.92724609375 2501.027587890625 2500.839111328125 2503.234619140625 2505.114501953125 2506.2158203125 2506.662109375 2508.537353515625 2511.47119140625 2513.145263671875
2542.981201171875 2551.8623046875 2561.0390625 2569.677001953125 2579.4853515625 2588.432861328125 2595.974609375 2602.912353515625 2601.110595703125 2587.355224609375 2576.041748046875 2566.354248046875 2560.517333984375 2554.44091796875 2549.4345703125 2544.052001953125 2535.956787109375 2527.787109375 2519.859130859375 2510.254150390625 2504.7939453125 2497.67333984375 2493.9775390625 2491.932373046875 2491.407470703125 2491.031982421875 2491.336181640625 2492.844970703125 2493.90771484375 2494.15576171875 2494.32958984375 2495.130859375 2496.246337890625 2495.960693359375 2495.48291015625 2495.1474609375 2496.948974609375 2498.87744140625 2498.56640625 2500.35302734375 2503.089599609375 2503.70458984375 2505.07373046875 2508.236083984375 2510.7275390625
2541.711181640625 2552.281494140625 2561.8349609375 2570.858642578125 2581.751708984375 2588.384033203125 2597.923095703125 2600.2177734375 2597.23486328125 2589.6796875 2577.2509765625 2565.9794921875 2560.375244140625 2553.77490234375 2549.65283203125 2544.930419921875 2537.22412109375 2529.75341796875 2522.685546875 2513.438720703125 2506.226318359375 2498.2119140625 2492.643798828125 2489.6904296875 2488.460205078125 2488.87109375 2489.3984375 2491.144287109375 2491.88623046875 2491.4228515625 2491.17578125 2491.654052734375 2493.380615234375 2494.276611328125 2493.86181640625 2493.619873046875 2493.296875 2495.837890625 2496.51708984375 2496.524658203125 2498.863525390625 2500.13232421875 2501.5556640625 2503.837890625 2506.90185546875
2538.390380859375 2550.74658203125 2561.2958984375 2569.895751953125 2578.924072265625 2587.790771484375 2596.41748046875 2597.5478515625 2595.32568359375 2589.43994140625 2577.650634765625 2568.43701171875 2560.92138671875 2555.459716796875 2549.9521484375 2543.876708984375 2536.583740234375 2530.15673828125 2522.55078125 2515.843505859375 2508.719482421875 2500.77294921875 2494.404296875 2488.888916015625 2487.207275390625 2487.838134765625 2489.1337890625 2489.2919921875 2488.980712890625 2487.736572265625 2486.96875 2487.81201171875 2488.515380859375 2489.8916015625 2491.89892578125 2491.7529296875 2491.413818359375 2491.43896484375 2493.4033203125 2494.248046875 2493.544677734375 2495.684814453125 2496.96044921875 2499.109375 2501.144287109375
2533.819091796875 2547.24365234375 2556.63720703125 2566.2177734375 2574.87255859375 2584.939697265625 2591.0927734375 2596.376220703125 2594.684814453125 2589.7890625 2582.292724609375 2572.9892578125 2564.704345703125 2557.4404296875 2550.10107421875 2542.765380859375 2534.51220703125 2528.4716796875 2521.899658203125 2515.4775390625 2509.639404296875 2503.020751953125 2496.80126953125 2490.70703125 2486.974853515625 2487.67236328125 2490.199462890625 2490.14306640625 2487.02734375 2485.263427734375 2484.475341796875 2484.069091796875 2484.337646484375 2485.967529296875 2487.991943359375 2489.824951171875 2489.70458984375 2489.33544921875 2489.6298828125 2491.1796875 2492.134033203125 2491.367431640625 2493.48095703125 2493.985107421875 2494.264404296875
