Source/alpine3d/doc/examples/radiation_complex/input/surface-grids/totalp.dem
ncols        250
nrows        120
xllcorner    780500.000000000000
yllcorner    189000.000000000000
cellsize     10.000000000000
NODATA_value  -999
[rows 20 to 39 of 120, columns 45 to 89 of 250]
2499.089111328125 2497.61474609375 2496.197998046875 2495.978271484375 2496.331298828125 2496.361083984375 2495.895751953125 2494.247314453125 2491.408447265625 2486.9482421875 2479.8818359375 2471.81201171875 2464.747802734375 2458.265625 2452.941650390625 2447.936279296875 2444.62060546875 2441.608154296875 2439.531982421875 2438.624755859375 2437.97509765625 2438.112548828125 2436.763427734375 2436.046630859375 2436.494140625 2437.74169921875 2438.4453125 2439.53759765625 2440.44287109375 2440.521484375 2439.881103515625 2439.08251953125 2438.07666015625 2436.92431640625 2435.476318359375 2434.1142578125 2432.059326171875 2429.552490234375 2427.03564453125 2423.830322265625 2420.823486328125 2417.447021484375 2414.500732421875 2411.726318359375 2410.990966796875
2497.428955078125 2495.821533203125 2494.556884765625 2493.658447265625 2493.71728515625 2493.459228515625 2492.66015625 2490.59326171875 2487.5478515625 2483.253173828125 2477.85400390625 2470.11767578125 2462.331298828125 2456.062744140625 2450.76708984375 2445.649169921875 2442.478759765625 2439.462890625 2437.5380859375 2437.214599609375 2436.640625 2436.6728515625 2435.630126953125 2434.33154296875 2433.888427734375 2434.844970703125 2435.7763671875 2437.078125 2438.386962890625 2438.720703125 2438.466552734375 2437.610107421875 2436.7587890625 2435.51416015625 2433.90673828125 2432.36865234375 2430.43603515625 2427.414794921875 2424.5419921875 2421.569091796875 2418.782958984375 2415.634521484375 2412.70361328125 2409.880859375 2408.20458984375
2496.129150390625 2495.189208984375 2494.027099609375 2493.32177734375 2492.732666015625 2491.774658203125 2490.737060546875 2488.493408203125 2484.992919921875 2480.544921875 2475.85107421875 2468.517578125 2460.293701171875 2453.44775390625 2448.4970703125 2443.678955078125 2440.053955078125 2436.62255859375 2435.41357421875 2435.6875 2435.353759765625 2434.880126953125 2434.51220703125 2433.38427734375 2432.97705078125 2432.961669921875 2433.9453125 2434.970703125 2435.94482421875 2436.496826171875 2436.556640625 2436.11865234375 2435.183837890625 2434.05419921875 2432.558837890625 2430.683837890625 2428.5302734375 2425.4033203125 2422.5966796875 2419.84814453125 2416.697509765625 2413.135498046875 2409.7763671875 2407.65576171875 2405.914794921875
2493.104736328125 2492.73486328125 2492.511474609375 2492.37841796875 2491.748046875 2490.921630859375 2489.77490234375 2487.337646484375 2482.7353515625 2478.52978515625 2473.343505859375 2465.68798828125 2457.757568359375 2451.48583984375 2446.3671875 2441.435791015625 2437.7919921875 2435.09033203125 2434.29736328125 2434.43603515625 2434.495849609375 2433.787109375 2433.177978515625 2432.34033203125 2432.182861328125 2432.060791015625 2432.703125 2433.432861328125 2433.524658203125 2434.256103515625 2434.408935546875 2433.833251953125 2432.87646484375 2431.87841796875 2430.39501953125 2428.147216796875 2425.62255859375 2423.271240234375 2420.705810546875 2416.961181640625 2414.02294921875 2410.7939453125 2407.87841796875 2405.7666015625 2403.63232421875
2489.8193359375 2489.584716796875 2490.22119140625 2490.3388671875 2490.487060546875 2490.16015625 2488.661376953125 2485.582275390625 2481.443115234375 2476.455322265625 2470.9638671875 2464.01904296875 2455.51806640625 2450.303955078125 2445.2109375 2440.236572265625 2436.58447265625 2434.158203125 2433.10400390625 2433.26806640625 2433.087158203125 2433.225830078125 2432.690673828125 2431.901611328125 2431.364990234375 2431.52978515625 2431.944091796875 2432.267333984375 2432.293701171875 2432.04150390625 2431.6513671875 2431.279052734375 2430.410888671875 2429.109130859375 2427.6552734375 2425.82763671875 2423.369140625 2420.8994140625 2417.995361328125 2414.589599609375 2411.5634765625 2408.6298828125 2405.9716796875 2403.55224609375 2402.2421875
2486.367919921875 2486.331787109375 2486.571533203125 2487.056884765625 2486.89599609375 2487.45947265625 2487.545654296875 2485.515625 2482.0400390625 2476.28515625 2470.455078125 2462.880859375 2456.72216796875 2450.7373046875 2444.1396484375 2439.108642578125 2435.8037109375 2433.52490234375 2432.390625 2432.0673828125 2431.885009765625 2432.220458984375 2431.785888671875 2431.400390625 2430.841552734375 2431.1708984375 2430.8642578125 2431.179443359375 2431.003662109375 2430.5869140625 2429.61474609375 2428.81640625 2427.6376953125 2426.67333984375 2424.705322265625 2423.53662109375 2420.66162109375 2418.163818359375 2415.241455078125 2412.188720703125 2409.302001953125 2406.472900390625 2404.024658203125 2401.6123046875 2400.015869140625
2482.604736328125 2482.765380859375 2483.034423828125 2482.67626953125 2483.283935546875 2483.858642578125 2484.5654296875 2484.043212890625 2481.7578125 2476.96240234375 2471.31689453125 2464.097412109375 2457.673583984375 2451.42333984375 2445.870849609375 2439.010986328125 2436.362548828125 2433.3515625 2431.59033203125 2431.240234375 2431.207275390625 2431.14501953125 2431.0263671875 2430.453857421875 2430.412841796875 2430.555419921875 2430.2216796875 2429.697021484375 2429.518310546875 2429.064697265625 2428.359375 2427.055419921875 2425.6494140625 2424.20166015625 2422.767578125 2420.540283203125 2417.97119140625 2415.58251953125 2413.27685546875 2409.884765625 2407.04150390625 2404.454833984375 2402.12060546875 2399.729736328125 2398.052490234375
2479.231201171875 2478.688720703125 2479.018798828125 2478.051025390625 2478.544677734375 2479.1943359375 2480.05126953125 2480.476806640625 2479.6904296875 2476.40234375 2471.931640625 2465.61474609375 2458.722412109375 2452.694580078125 2446.88427734375 2440.98974609375 2436.742431640625 2434.070556640625 2431.864990234375 2430.468505859375 2430.12060546875 2430.38818359375 2430.208251953125 2429.676025390625 2429.800048828125 2430.3828125 2429.6015625 2428.463623046875 2427.76123046875 2427.0166015625 2425.73681640625 2424.648681640625 2423.18408203125 2422.298583984375 2420.6162109375 2418.558837890625 2416.177490234375 2413.81103515625 2410.983154296875 2407.96923828125 2405.2265625 2402.50830078125 2400.255126953125 2398.352783203125 2396.633544921875
2476.303466796875 2475.190185546875 2474.755859375 2473.907470703125 2474.731689453125 2474.802734375 2474.955810546875 2475.6279296875 2475.8115234375 2475.65625 2472.515625 2466.78466796875 2461.1201171875 2454.18505859375 2448.326416015625 2443.20068359375 2437.9423828125 2434.807373046875 2432.372802734375 2430.873046875 2430.1875 2429.81298828125 2429.384033203125 2428.8017578125 2429.312744140625 2429.615234375 2429.27490234375 2427.718994140625 2426.22802734375 2425.254150390625 2424.079833984375 2422.41162109375 2421.082275390625 2419.96337890625 2418.57568359375 2416.741943359375 2414.4716796875 2412.233154296875 2409.632080078125 2406.759765625 2404.35595703125 2401.537353515625 2399.32177734375 2397.144775390625 2395.72802734375
2472.38916015625 2472.24462890625 2471.5654296875 2470.4375 2470.402587890625 2470.59130859375 2470.669921875 2470.80224609375 2471.7060546875 2471.962158203125 2470.80908203125 2467.1201171875 2462.41162109375 2455.930419921875 2449.62744140625 2444.3876953125 2439.07763671875 2434.935546875 2433.119140625 2431.53515625 2430.408447265625 2429.808349609375 2428.898193359375 2428.28857421875 2428.57763671875 2428.364013671875 2428.03466796875 2427.032470703125 2425.596923828125 2423.747802734375 2421.74951171875 2420.4091796875 2418.992919921875 2417.5673828125 2416.166748046875 2414.5439453125 2412.978759765625 2410.670166015625 2408.67578125 2406.42041015625 2403.84326171875 2401.269775390625 2398.89892578125 2396.33251953125 2394.649169921875
2469.099365234375 2468.224853515625 2466.59619140625 2466.497802734375 2466.267822265625 2466.0869140625 2466.45654296875 2466.498046875 2466.196533203125 2467.365966796875 2467.84130859375 2465.95703125 2462.461669921875 2456.036376953125 2450.49365234375 2445.2431640625 2439.919921875 2436.20361328125 2433.003173828125 2431.189208984375 2430.4169921875 2429.454345703125 2428.1455078125 2426.64208984375 2427.773193359375 2427.711669921875 2427.024658203125 2426.074951171875 2424.55078125 2422.755615234375 2420.727783203125 2418.643310546875 2416.933349609375 2415.49072265625 2414.051025390625 2412.716796875 2410.894775390625 2409.374267578125 2407.603515625 2405.752685546875 2403.267822265625 2400.525390625 2397.953125 2395.421142578125 2393.761474609375
2466.730712890625 2464.751953125 2464.091552734375 2463.65673828125 2462.963623046875 2462.58349609375 2461.8349609375 2462.4130859375 2462.992919921875 2462.71630859375 2463.447509765625 2463.4931640625 2461.266357421875 2456.513916015625 2450.903076171875 2445.4423828125 2439.867431640625 2435.51611328125 2432.314208984375 2429.791015625 2428.74462890625 2428.103515625 2426.88134765625 2425.375244140625 2425.961181640625 2426.07763671875 2425.746826171875 2424.460693359375 2422.956787109375 2421.677734375 2419.70068359375 2417.51123046875 2415.298583984375 2413.457763671875 2412.461181640625 2411.307861328125 2409.55908203125 2408.327880859375 2406.667236328125 2405.0546875 2402.543701171875 2399.732177734375 2397.310791015625 2394.4169921875 2392.585693359375
2467.693603515625 2464.538818359375 2462.0322265625 2460.694091796875 2460.03955078125 2459.3603515625 2458.535888671875 2458.60400390625 2459.298095703125 2459.373779296875 2459.6416015625 2459.702392578125 2459.44580078125 2455.506103515625 2451.089111328125 2445.87255859375 2440.38916015625 2435.602294921875 2432.213134765625 2429.107666015625 2427.34619140625 2426.2666015625 2425.256103515625 2423.976806640625 2423.583740234375 2423.566650390625 2423.23779296875 2421.8935546875 2420.55517578125 2419.496337890625 2418.108642578125 2416.267578125 2414.476806640625 2412.458984375 2410.755859375 2409.6220703125 2408.202392578125 2406.7353515625 2405.412841796875 2403.244140625 2401.18798828125 2398.94140625 2396.4619140625 2394.083251953125 2392.13037109375
2469.995849609375 2466.111572265625 2463.3515625 2460.875244140625 2458.63232421875 2457.401123046875 2456.029296875 2455.83447265625 2456.177734375 2456.273193359375 2456.40185546875 2456.586669921875 2456.5458984375 2453.845947265625 2450.1728515625 2445.74609375 2441.318115234375 2436.558349609375 2432.71435546875 2429.622802734375 2426.97412109375 2425.38525390625 2424.1416015625 2423.112548828125 2421.838134765625 2421.45556640625 2420.717529296875 2419.7255859375 2418.277099609375 2416.8193359375 2415.7373046875 2414.36083984375 2412.605224609375 2411.2666015625 2409.789306640625 2407.771240234375 2406.732666015625 2405.07421875 2403.319580078125 2401.133056640625 2399.220947265625 2397.4453125 2394.98095703125 2393.103759765625 2390.9755859375
2471.981689453125 2468.577880859375 2465.41064453125 2462.9794921875 2460.3720703125 2457.71533203125 2455.597900390625 2453.8486328125 2452.673095703125 2452.8603515625 2453.4208984375 2453.784912109375 2453.778076171875 2452.4326171875 2449.415771484375 2445.687255859375 2441.254150390625 2437.747802734375 2434.18359375 2430.800537109375 2428.08544921875 2426.1787109375 2424.38525390625 2422.81640625 2421.15234375 2419.84912109375 2418.691162109375 2417.682373046875 2415.57568359375 2413.8916015625 2412.964599609375 2411.6796875 2410.110595703125 2409.197021484375 2407.39501953125 2405.8154296875 2404.041748046875 2401.948974609375 2400.30126953125 2398.90966796875 2397.668212890625 2395.92578125 2393.513916015625 2391.532470703125 2389.359619140625
2474.3037109375 2470.279296875 2467.856201171875 2465.078369140625 2462.281005859375 2459.999755859375 2457.420654296875 2454.444580078125 2451.71142578125 2450.243896484375 2450.08349609375 2451.054443359375 2450.841552734375 2449.82373046875 2447.186767578125 2444.171630859375 2440.82568359375 2437.6015625 2434.9267578125 2432.24169921875 2429.89453125 2427.427001953125 2425.008544921875 2422.907958984375 2420.871826171875 2418.427001953125 2416.97265625 2415.570068359375 2414.095703125 2412.941162109375 2412.213623046875 2410.511474609375 2408.971435546875 2408.087890625 2406.265380859375 2404.197509765625 2402.5595703125 2400.795654296875 2399.170166015625 2396.982421875 2395.5390625 2394.73046875 2392.891845703125 2390.3525390625 2388.462890625
2477.0810546875 2472.620361328125 2469.648193359375 2467.264892578125 2463.506591796875 2461.111328125 2458.71484375 2455.78662109375 2452.764892578125 2449.693359375 2448.00732421875 2447.729248046875 2447.882568359375 2446.884765625 2444.7666015625 2441.94677734375 2438.576904296875 2435.926513671875 2433.67529296875 2432.252197265625 2430.119873046875 2428.1875 2425.87744140625 2423.357177734375 2421.13623046875 2418.944091796875 2417.515869140625 2416.4541015625 2416.391357421875 2415.371826171875 2413.968017578125 2412.6552734375 2411.0791015625 2410.005126953125 2408.528076171875 2406.245361328125 2404.0185546875 2402.675537109375 2400.849853515625 2398.54638671875 2396.1640625 2393.999755859375 2392.02294921875 2390.83935546875 2389.520751953125
2480.393310546875 2475.884765625 2471.420654296875 2469.069091796875 2464.824951171875 2461.88037109375 2459.39501953125 2456.81787109375 2454.1171875 2451.30615234375 2447.9912109375 2445.64306640625 2444.818359375 2444.21923828125 2443.000244140625 2440.320556640625 2437.513916015625 2435.165771484375 2432.908935546875 2431.1416015625 2429.53271484375 2427.9775390625 2426.3173828125 2423.795166015625 2421.623046875 2419.60888671875 2418.60400390625 2418.810546875 2418.76416015625 2417.32470703125 2415.731201171875 2414.094970703125 2412.81591796875 2411.41796875 2409.747802734375 2407.6630859375 2405.52783203125 2403.737548828125 2401.46875 2399.6025390625 2397.884765625 2395.793212890625 2394.07568359375 2392.3759765625 2390.628173828125
2485.6171875 2479.46533203125 2474.51513671875 2469.90234375 2467.290283203125 2463.3828125 2460.871826171875 2458.557373046875 2455.16943359375 2452.03369140625 2449.265380859375 2445.953369140625 2443.59033203125 2442.248779296875 2441.06201171875 2439.0224609375 2437.227294921875 2436.02197265625 2433.91357421875 2431.99462890625 2430.378173828125 2429.08154296875 2427.21044921875 2425.3505859375 2423.32080078125 2421.9833984375 2421.427490234375 2421.457763671875 2420.471435546875 2418.5986328125 2416.899658203125 2415.429931640625 2414.132080078125 2412.548828125 2410.703369140625 2408.79345703125 2406.552490234375 2404.5390625 2402.58935546875 2400.603759765625 2399.109375 2397.36865234375 2395.72607421875 2393.58544921875 2391.28369140625
2487.310791015625 2482.822509765625 2477.43798828125 2473.570068359375 2468.7763671875 2465.524658203125 2461.301025390625 2459.119140625 2457.3623046875 2454.2060546875 2451.2314453125 2448.872314453125 2445.901611328125 2443.537841796875 2441.095947265625 2439.6220703125 2438.4697265625 2437.561767578125 2435.9130859375 2434.127685546875 2432.248779296875 2431.0390625 2429.56494140625 2427.99755859375 2426.436767578125 2424.681884765625 2423.3359375 2422.56103515625 2421.1572265625 2419.365234375 2417.575439453125 2416.107666015625 2414.870849609375 2413.3583984375 2411.109619140625 2409.357666015625 2407.1923828125 2405.390869140625 2403.510986328125 2401.642578125 2400.16796875 2398.650390625 2396.799072265625 2394.76904296875 2392.8916015625
