Source/alpine3d/doc/examples/radiation_complex/input/surface-grids/totalp.dem
ncols        250
nrows        120
xllcorner    780500.000000000000
yllcorner    189000.000000000000
cellsize     10.000000000000
NODATA_value  -999
[rows 0 to 19 of 120, columns 180 to 224 of 250]
2274.15576171875 2271.997314453125 2269.943359375 2267.753173828125 2264.875732421875 2262.687255859375 2260.040771484375 2257.26171875 2252.176025390625 2248.251708984375 2245.556640625 2241.767578125 2237.406982421875 2232.691162109375 2227.69384765625 2221.732666015625 2216.205078125 2212.07421875 2206.687744140625 2201.251220703125 2194.968994140625 2189.36328125 2183.11572265625 2178.114990234375 2173.397705078125 2169.066162109375 2165.59326171875 2160.64990234375 2157.906982421875 2153.002197265625 2147.425048828125 2142.279052734375 2138.16943359375 2135.60888671875 2132.886962890625 2128.47900390625 2124.429931640625 2117.81689453125 2111.899169921875 2104.783447265625 2099.538330078125 2093.756103515625 2089.36328125 2088.942626953125 2082.2802734375
2273.754638671875 2271.640625 2269.174072265625 2266.78662109375 2263.508056640625 2260.88232421875 2258.56689453125 2255.671142578125 2250.900634765625 2246.66015625 2242.836181640625 2239.216064453125 2235.489501953125 2232.042236328125 2227.49560546875 2221.281494140625 2216.061279296875 2211.011474609375 2205.295654296875 2199.0185546875 2193.882568359375 2187.975341796875 2182.019287109375 2176.001220703125 2171.201171875 2166.649169921875 2162.76708984375 2159.44873046875 2156.399169921875 2152.432861328125 2148.1435546875 2143.408203125 2139.458984375 2135.093505859375 2129.77197265625 2124.4228515625 2119.3251953125 2114.697021484375 2109.66015625 2103.5654296875 2098.072265625 2092.303955078125 2087.31103515625 2086.677978515625 2079.15869140625
2274.074951171875 2271.13330078125 2268.187255859375 2264.843994140625 2261.86767578125 2259.597900390625 2257.08984375 2253.77685546875 2249.7607421875 2245.439208984375 2240.241455078125 2236.134521484375 2233.271728515625 2230.53173828125 2228.017578125 2221.408935546875 2215.48095703125 2209.887939453125 2204.305419921875 2198.625732421875 2192.8193359375 2187.89111328125 2181.903564453125 2177.5830078125 2171.957763671875 2166.35791015625 2161.556640625 2158.026611328125 2155.08740234375 2152.40771484375 2150.1103515625 2146.813720703125 2142.126953125 2135.889404296875 2129.791015625 2123.60986328125 2117.30078125 2110.501708984375 2105.66357421875 2101.48388671875 2096.6826171875 2091.72119140625 2086.118896484375 2086.1279296875 2078.9677734375
2275.2021484375 2270.85791015625 2267.882568359375 2264.244873046875 2261.506591796875 2258.64501953125 2254.791748046875 2251.89208984375 2248.667236328125 2244.803955078125 2239.8486328125 2235.10205078125 2232.7041015625 2229.849609375 2226.4794921875 2220.97021484375 2214.76025390625 2208.076904296875 2202.044189453125 2197.2490234375 2191.72119140625 2186.544189453125 2181.079345703125 2176.14990234375 2171.286865234375 2166.1904296875 2161.15234375 2156.497314453125 2153.4072265625 2151.109619140625 2149.409912109375 2145.607421875 2138.863525390625 2133.52294921875 2126.59375 2120.797119140625 2114.538330078125 2108.602783203125 2102.71484375 2097.662109375 2094.8681640625 2089.172607421875 2083.63330078125 2082.115966796875 2077.97119140625
2277.77001953125 2272.623779296875 2268.828369140625 2264.8642578125 2262.195068359375 2258.87548828125 2254.421630859375 2250.279296875 2247.06005859375 2243.453369140625 2239.57763671875 2234.276611328125 2231.375732421875 2228.203857421875 2224.67138671875 2220.4541015625 2214.677490234375 2207.8603515625 2200.46435546875 2195.145263671875 2190.397705078125 2185.649658203125 2179.37939453125 2174.576416015625 2168.7109375 2164.043212890625 2159.86767578125 2155.341796875 2152.176513671875 2149.58154296875 2147.72509765625 2144.641357421875 2138.4677734375 2131.61083984375 2124.933349609375 2118.2197265625 2111.1259765625 2105.4951171875 2099.671630859375 2094.28662109375 2088.988525390625 2087.54443359375 2080.357421875 2077.901123046875 2074.281494140625
2280.59033203125 2275.49560546875 2270.190185546875 2265.79833984375 2262.493408203125 2259.326904296875 2255.3125 2250.99853515625 2247.33935546875 2243.517333984375 2238.91357421875 2234.299072265625 2229.55224609375 2225.41455078125 2221.95068359375 2218.16064453125 2213.3779296875 2207.3857421875 2199.734130859375 2194.310546875 2188.151611328125 2183.053955078125 2178.33349609375 2173.71728515625 2169.111083984375 2163.99169921875 2159.004638671875 2154.1005859375 2151.3642578125 2148.28125 2146.560546875 2144.21240234375 2140.5869140625 2134.39306640625 2128.272216796875 2120.095703125 2113.072509765625 2106.491943359375 2100.254150390625 2092.8662109375 2086.108154296875 2078.865478515625 2074.573486328125 2069.50146484375 2068.326904296875
2282.282470703125 2276.6796875 2271.989990234375 2268.30859375 2263.3056640625 2259.935302734375 2256.286376953125 2252.861572265625 2248.397705078125 2243.693359375 2239.20751953125 2233.85546875 2229.4306640625 2225.068359375 2220.20068359375 2215.100341796875 2210.3046875 2205.970458984375 2198.1455078125 2190.71533203125 2184.9130859375 2180.25341796875 2174.896484375 2171.34228515625 2167.521484375 2163.543212890625 2158.953369140625 2154.238037109375 2150.286376953125 2147.099609375 2144.743896484375 2143.74951171875 2141.55224609375 2136.9560546875 2130.196533203125 2122.757568359375 2115.66162109375 2109.662841796875 2103.381591796875 2096.551025390625 2090.126708984375 2084.544677734375 2074.593994140625 2066.14990234375 2059.20263671875
2282.411376953125 2278.043701171875 2273.744873046875 2269.547119140625 2265.095947265625 2261.398193359375 2257.46240234375 2254.23291015625 2249.699951171875 2244.1533203125 2238.669189453125 2233.263916015625 2229.06494140625 2224.7998046875 2219.937744140625 2215.008056640625 2209.796875 2203.8388671875 2198.07421875 2191.51611328125 2185.827392578125 2179.95458984375 2175.22265625 2168.957275390625 2164.862060546875 2160.997314453125 2157.45654296875 2153.795654296875 2149.942626953125 2145.80224609375 2143.23779296875 2141.994140625 2139.900390625 2136.970947265625 2132.02587890625 2125.532958984375 2119.732177734375 2112.705322265625 2105.19091796875 2097.55029296875 2090.803955078125 2082.338623046875 2075.150634765625 2067.60791015625 2060.920166015625
2282.662109375 2278.558837890625 2275.092041015625 2271.262939453125 2267.275146484375 2262.81494140625 2258.658935546875 2255.344970703125 2251.166748046875 2245.791748046875 2239.84619140625 2234.72119140625 2229.904296875 2225.3935546875 2220.70849609375 2216.142578125 2211.8701171875 2207.01904296875 2201.78173828125 2196.138427734375 2190.0712890625 2183.690185546875 2177.693359375 2171.8818359375 2165.503173828125 2160.602294921875 2156.4189453125 2152.774169921875 2149.100830078125 2145.637451171875 2142.01220703125 2139.285400390625 2137.359130859375 2134.82177734375 2130.937255859375 2124.34521484375 2119.369873046875 2112.33251953125 2104.326171875 2097.998779296875 2091.838134765625 2086.265625 2078.31396484375 2069.489990234375 2060.682373046875
2283.679931640625 2279.874755859375 2276.167724609375 2272.013427734375 2268.392578125 2264.876220703125 2260.9951171875 2257.0859375 2252.769287109375 2248.44091796875 2242.372314453125 2236.561279296875 2231.9072265625 2226.562744140625 2221.947509765625 2216.868408203125 2212.333251953125 2207.388671875 2201.87646484375 2197.02099609375 2190.72021484375 2184.561279296875 2177.839599609375 2171.968017578125 2166.71875 2161.957275390625 2158.481689453125 2154.408203125 2150.87841796875 2146.47509765625 2143.2080078125 2139.8369140625 2135.59912109375 2130.712158203125 2125.373291015625 2119.593505859375 2114.3291015625 2111.025634765625 2105.8203125 2100.402587890625 2091.88134765625 2084.033203125 2076.43310546875 2069.093017578125 2062.937255859375
2284.5712890625 2281.41259765625 2277.34375 2273.8037109375 2270.152099609375 2267.106689453125 2262.796875 2258.67431640625 2254.27783203125 2250.388916015625 2244.891845703125 2239.521728515625 2233.99658203125 2228.375 2222.85205078125 2217.82763671875 2212.067626953125 2206.64599609375 2200.82373046875 2194.940185546875 2188.2001953125 2181.932373046875 2174.795166015625 2169.2900390625 2163.25146484375 2159.122802734375 2154.799072265625 2150.417724609375 2147.255126953125 2144.507080078125 2141.150634765625 2138.581298828125 2135.6865234375 2131.784912109375 2127.0537109375 2121.193603515625 2114.240234375 2108.205322265625 2102.14404296875 2097.415771484375 2090.226806640625 2081.093994140625 2077.396484375 2072.64794921875 2070.830810546875
2285.5810546875 2282.22216796875 2279.00732421875 2275.3359375 2272.0537109375 2269.190185546875 2264.654541015625 2260.850341796875 2256.6513671875 2251.79638671875 2246.63720703125 2240.610595703125 2234.907470703125 2228.854248046875 2222.984619140625 2216.859130859375 2210.53662109375 2204.5244140625 2198.177001953125 2191.719482421875 2184.336669921875 2177.453857421875 2171.20458984375 2165.45068359375 2159.886474609375 2154.845458984375 2148.849609375 2144.297607421875 2140.21728515625 2138.142822265625 2135.6865234375 2132.414794921875 2128.8662109375 2126.86279296875 2124.064208984375 2120.383544921875 2114.44140625 2109.4912109375 2104.274169921875 2099.63916015625 2094.7236328125 2088.9560546875 2083.62841796875 2076.230712890625 2070.16552734375
2285.345947265625 2282.610107421875 2279.495849609375 2276.561767578125 2273.087890625 2270.2880859375 2266.8515625 2262.2138671875 2256.834716796875 2251.089111328125 2244.93115234375 2238.42333984375 2232.648681640625 2226.71044921875 2221.24169921875 2215.310302734375 2208.520751953125 2201.484619140625 2194.194091796875 2188.4443359375 2181.539306640625 2175.055908203125 2169.734375 2164.670166015625 2159.17724609375 2153.9951171875 2148.311767578125 2143.227294921875 2138.43408203125 2133.765869140625 2129.021484375 2124.956298828125 2122.15576171875 2120.7578125 2118.3212890625 2115.857421875 2111.11572265625 2106.2080078125 2101.785888671875 2097.573974609375 2093.97216796875 2087.446533203125 2080.3681640625 2073.423583984375 2067.342529296875
2285.63818359375 2282.83203125 2280.03662109375 2276.849853515625 2273.808349609375 2271.076904296875 2268.459228515625 2264.40771484375 2257.49072265625 2251.91552734375 2246.10595703125 2240.205078125 2233.928955078125 2227.054443359375 2221.31494140625 2214.00439453125 2208.170654296875 2201.3466796875 2196.159423828125 2189.735595703125 2185.608642578125 2181.624267578125 2176.5576171875 2170.5419921875 2163.920654296875 2156.6064453125 2150.51171875 2145.224853515625 2139.691162109375 2134.343505859375 2129.6689453125 2124.508544921875 2117.537109375 2111.89892578125 2110.28271484375 2107.786865234375 2104.033203125 2097.912109375 2092.8251953125 2089.83349609375 2087.37451171875 2083.91455078125 2076.800048828125 2070.748779296875 2062.474609375
2285.656494140625 2282.651611328125 2280.021240234375 2277.41064453125 2274.575439453125 2271.69970703125 2269.244873046875 2266.2724609375 2260.250732421875 2255.55419921875 2249.2568359375 2242.4638671875 2235.50927734375 2228.35888671875 2223.041748046875 2217.61083984375 2213.28466796875 2206.451171875 2200.099853515625 2195.557373046875 2190.5263671875 2184.46630859375 2178.021484375 2170.985595703125 2164.708984375 2159.249755859375 2152.8359375 2147.413818359375 2141.575439453125 2136.459228515625 2130.542724609375 2125.373779296875 2117.94287109375 2111.253173828125 2103.091796875 2099.17919921875 2096.764404296875 2091.6669921875 2084.390869140625 2081.5107421875 2079.91943359375 2077.523681640625 2072.793212890625 2066.209716796875 2058.8876953125
2285.542724609375 2282.38037109375 2279.986328125 2277.186279296875 2274.8701171875 2272.28857421875 2270.108642578125 2267.546630859375 2263.363037109375 2258.58056640625 2253.156494140625 2246.26025390625 2240.7763671875 2233.513427734375 2228.127197265625 2222.80322265625 2216.333984375 2210.788330078125 2205.345703125 2199.44921875 2192.615966796875 2186.2568359375 2179.084228515625 2175.194091796875 2168.943359375 2161.586669921875 2156.746337890625 2152.162841796875 2146.41259765625 2140.45166015625 2135.220703125 2128.79541015625 2120.22021484375 2113.638671875 2107.655517578125 2099.933349609375 2091.41845703125 2084.8173828125 2076.444091796875 2073.313720703125 2070.3115234375 2067.534423828125 2065.62890625 2062.3662109375 2055.42333984375
2285.310302734375 2282.208984375 2279.746337890625 2276.96435546875 2274.72265625 2272.46923828125 2270.359619140625 2267.495849609375 2264.42578125 2261.108154296875 2256.013427734375 2251.333251953125 2246.138916015625 2239.169921875 2233.437255859375 2226.46630859375 2219.90380859375 2215.138671875 2208.371337890625 2201.640625 2195.437744140625 2188.89794921875 2183.74609375 2177.391845703125 2171.70361328125 2166.4609375 2162.2724609375 2155.919677734375 2150.420654296875 2144.263427734375 2136.814208984375 2129.07275390625 2120.11328125 2112.125244140625 2104.5634765625 2097.21142578125 2090.90966796875 2084.636474609375 2078.319580078125 2069.739013671875 2062.21435546875 2059.226806640625 2056.991455078125 2054.766845703125 2051.415283203125
2284.24365234375 2281.55712890625 2278.242919921875 2276.5966796875 2274.28076171875 2271.91796875 2268.813232421875 2266.951904296875 2265.0185546875 2262.232177734375 2257.72900390625 2253.383544921875 2248.78076171875 2242.30712890625 2235.520263671875 2229.342041015625 2225.138916015625 2218.294677734375 2211.062744140625 2203.6103515625 2198.836669921875 2193.3369140625 2186.218505859375 2179.7939453125 2174.97998046875 2171.787109375 2164.613037109375 2158.35107421875 2149.468994140625 2141.926513671875 2136.04638671875 2128.712158203125 2120.30517578125 2112.181396484375 2103.819580078125 2094.782958984375 2087.359130859375 2078.73779296875 2071.381591796875 2065.444580078125 2059.050048828125 2053.129150390625 2048.500244140625 2046.6644287109375 2042.77197265625
2283.627197265625 2280.20947265625 2277.74951171875 2275.460205078125 2272.91162109375 2270.967529296875 2269.17041015625 2267.2177734375 2265.25390625 2262.810546875 2259.28515625 2253.7119140625 2248.263427734375 2243.93896484375 2240.5849609375 2234.875732421875 2227.328857421875 2220.407470703125 2213.822265625 2209.053466796875 2202.151611328125 2195.574462890625 2186.8291015625 2179.452392578125 2175.543212890625 2168.86474609375 2164.577880859375 2158.666748046875 2153.01025390625 2145.523193359375 2138.4169921875 2130.8876953125 2121.770751953125 2113.450927734375 2102.797607421875 2095.59765625 2090.48291015625 2084.9228515625 2078.109375 2072.559814453125 2064.372314453125 2057.528564453125 2049.095947265625 2041.3795166015625 2035.25927734375
2284.07861328125 2280.736572265625 2278.227783203125 2275.566162109375 2273.277587890625 2271.530029296875 2269.607666015625 2267.33154296875 2264.801513671875 2262.69873046875 2259.917724609375 2255.316162109375 2250.408447265625 2246.136474609375 2241.558349609375 2236.4638671875 2229.51318359375 2221.66650390625 2215.45263671875 2208.777099609375 2199.020751953125 2193.053466796875 2188.068115234375 2182.944580078125 2176.779052734375 2169.868896484375 2164.438720703125 2157.486328125 2151.03369140625 2140.473876953125 2132.125 2125.939697265625 2120.408447265625 2114.390869140625 2108.283447265625 2104.868896484375 2098.39404296875 2092.009765625 2084.7734375 2078.21240234375 2069.46044921875 2061.41162109375 2053.274169921875 2045.8836669921875 2038.782470703125
