Source/.svn/pristine/80/80df1b047cc5a8a629d16d5e514d17aabd87b6dd.svn-base
ncols               386
nrows               229
xllcorner    479497.492
yllcorner     73502.967
cellsize       1000.000
NODATA_value -999
[rows 58 to 86 of 229, columns 198 to 263 of 386]
287.322 287.334 285.011 287.674 288.267 288.791 288.793 288.782 288.037 286.880 286.380 286.430 286.266 285.812 286.719 288.198 288.395 288.385 288.251 287.859 287.725 287.457 287.673 287.217 287.280 287.150 286.725 285.595 285.402 285.607 284.201 284.141 284.145 282.836 284.047 283.923 283.765 282.729 283.712 283.662 282.854 282.133 282.728 285.806 285.286 285.421 286.164 285.081 283.766 283.848 286.017 284.219 283.399 283.202 284.085 283.387 282.343 283.546 283.758 282.886 283.071 283.216 284.690 283.973 282.495 281.754
287.621 286.942 286.380 287.650 287.929 288.158 288.791 288.780 288.180 287.199 286.791 286.634 285.829 285.497 286.550 287.527 288.147 288.380 288.342 288.303 287.714 287.573 287.274 287.479 287.256 287.177 287.031 286.339 285.575 285.222 284.746 284.395 282.335 284.056 285.113 282.832 284.950 281.051 282.058 280.862 282.990 284.399 284.606 283.733 283.571 285.459 285.791 285.554 284.810 283.832 283.795 285.676 285.422 285.136 283.682 283.610 284.291 283.995 283.012 282.088 281.447 282.212 284.176 283.735 283.676 282.948
287.610 286.627 285.914 287.601 288.468 287.748 288.761 288.778 288.763 287.678 287.314 286.611 286.511 286.255 285.767 286.976 287.668 288.376 288.336 288.222 288.133 287.750 287.486 287.312 287.394 287.239 287.117 286.797 285.889 284.697 283.727 283.817 283.046 284.089 284.988 283.114 282.402 283.725 283.425 280.607 282.758 284.408 283.892 282.519 284.540 283.943 285.993 284.980 282.935 281.556 284.170 284.506 285.024 285.023 284.963 284.262 283.573 282.857 280.837 281.928 282.841 283.907 283.202 282.660 281.695 282.973
287.441 286.555 286.805 286.718 288.384 288.084 288.270 288.776 288.764 288.378 287.292 286.252 286.030 285.677 284.973 286.297 287.127 287.795 288.282 288.243 288.236 287.788 287.524 287.371 287.140 287.280 287.220 286.917 286.288 285.782 284.299 283.875 283.259 284.217 284.643 282.460 281.448 284.307 282.750 283.470 281.204 283.268 282.286 281.482 283.971 285.241 286.311 286.000 284.153 283.440 283.176 283.824 284.538 283.860 285.052 283.701 282.418 281.794 282.404 281.907 282.707 284.156 281.811 281.111 281.610 282.119
286.479 287.072 285.798 285.413 288.158 287.449 287.786 288.774 288.762 288.740 287.775 286.522 285.890 285.448 284.551 285.186 286.922 287.252 288.011 288.238 288.241 288.220 287.799 287.493 287.135 287.229 287.011 287.071 286.901 286.292 285.248 283.545 282.545 284.284 285.380 282.705 281.533 282.304 280.960 282.025 282.928 280.222 280.734 281.279 283.034 283.980 286.011 286.284 284.167 283.539 283.532 283.988 283.837 283.404 284.340 283.779 283.547 282.591 280.639 280.656 282.759 283.628 282.134 280.800 281.172 278.858
286.490 285.858 285.846 285.188 287.566 288.251 287.553 288.370 288.760 288.748 288.091 286.966 286.665 285.729 285.409 284.410 286.135 287.432 287.654 288.090 287.878 288.169 288.108 287.711 287.390 287.265 287.115 287.140 286.941 286.577 285.658 283.339 282.373 284.721 285.683 284.261 283.884 282.520 283.112 283.597 283.339 283.217 279.785 282.586 282.056 283.325 284.213 286.293 285.621 284.211 283.203 282.462 281.780 282.389 284.148 282.452 281.211 280.927 280.591 280.236 281.836 283.651 279.964 277.605 278.497 276.678
286.403 286.888 284.626 284.248 286.624 287.688 287.566 288.020 288.758 288.745 288.733 288.119 287.395 287.039 286.166 285.549 285.435 286.803 287.471 287.735 287.709 287.609 288.002 287.665 287.519 287.293 287.332 287.228 287.184 286.656 286.106 284.305 284.368 284.567 285.543 284.181 282.441 282.062 283.820 284.661 283.444 281.306 281.490 282.846 282.793 282.947 285.338 285.426 286.259 284.590 282.992 281.804 281.362 281.403 282.805 283.700 282.484 280.693 279.618 279.076 279.097 282.494 281.273 280.810 279.174 279.418
286.762 285.900 286.247 285.279 285.397 287.108 288.062 286.958 288.210 288.743 288.730 288.717 288.159 287.681 287.295 286.996 286.403 286.165 286.872 287.591 287.428 287.502 287.541 287.552 287.649 287.452 287.159 287.481 287.520 287.336 286.859 286.070 285.803 286.220 286.079 284.460 284.781 282.663 284.499 284.334 282.754 283.484 283.406 284.076 284.136 285.150 284.338 284.293 286.145 285.954 283.695 282.928 281.892 281.595 282.004 282.197 281.710 282.836 280.799 279.972 279.486 278.758 281.871 280.636 280.448 279.183
287.032 285.720 286.281 286.033 284.234 285.831 287.194 287.111 287.487 288.737 288.727 288.715 288.702 288.633 288.414 288.120 287.886 287.158 286.160 287.055 287.077 287.139 287.474 287.510 287.286 287.275 287.478 287.500 287.617 287.547 287.247 286.742 285.892 285.360 286.302 286.368 285.597 284.917 286.280 283.814 284.157 284.408 283.381 284.409 284.635 283.806 282.007 282.154 284.419 286.039 285.816 284.735 282.035 282.815 281.944 281.015 278.641 279.386 280.116 278.776 280.181 279.615 280.062 280.810 278.834 279.187
287.095 286.699 286.328 285.946 286.057 284.907 286.197 287.919 286.643 287.984 288.711 288.712 288.699 288.686 288.673 288.660 288.351 288.001 287.081 286.621 287.066 287.115 287.268 287.581 287.353 287.500 287.583 287.574 287.761 287.950 287.208 286.822 286.344 285.853 286.246 286.691 286.299 285.395 286.060 285.640 285.330 284.623 284.652 284.417 283.663 282.236 280.935 281.062 283.341 284.521 285.780 285.430 285.532 284.485 281.955 280.018 279.650 280.344 281.330 280.695 278.864 279.631 280.344 279.735 278.311 273.532
286.969 286.214 287.097 286.912 286.043 285.550 284.853 286.653 286.068 286.386 287.751 288.559 288.663 288.550 288.669 288.655 288.642 288.628 288.421 287.743 287.027 287.295 287.594 287.763 288.003 287.566 287.371 287.545 287.858 288.033 287.817 287.622 287.523 287.172 286.373 286.659 287.031 286.917 286.509 286.538 286.207 285.896 285.220 283.193 282.023 280.258 279.854 280.795 281.515 282.868 284.595 284.292 284.379 285.118 284.260 282.343 282.894 283.561 283.191 282.575 282.413 281.946 280.943 279.320 273.081 273.381
288.014 287.188 287.076 286.955 286.910 286.679 284.881 285.520 287.380 285.973 286.218 287.357 287.876 287.837 288.419 288.651 288.637 288.624 288.611 288.518 288.242 287.718 288.109 287.994 288.383 288.522 288.268 288.165 288.147 288.024 287.985 287.358 287.358 287.335 287.676 287.560 287.577 287.961 287.022 286.618 286.627 286.686 286.157 284.675 283.502 283.190 280.823 280.715 280.338 281.240 284.177 281.391 282.502 283.921 284.810 284.372 283.827 281.805 279.836 279.504 279.199 279.748 279.633 277.134 273.806 277.065
288.255 287.780 287.235 286.992 286.878 286.878 286.353 284.997 287.541 285.358 285.952 286.677 287.336 287.027 287.731 288.371 288.632 288.619 288.605 288.592 288.579 288.566 288.553 288.541 288.528 288.516 288.504 288.389 288.343 288.340 288.268 288.265 288.161 287.885 287.981 287.570 287.644 288.112 288.284 287.903 287.383 287.042 286.621 286.364 284.197 283.045 282.787 281.889 279.020 279.600 281.963 283.259 281.260 283.145 284.400 284.787 283.905 282.270 278.961 276.915 279.153 278.183 274.187 274.126 278.996 280.152
288.439 288.013 287.829 287.262 287.295 286.971 286.631 286.231 286.491 286.705 285.546 285.899 286.950 286.756 286.721 287.591 288.346 288.613 288.599 288.586 288.572 288.559 288.546 288.533 288.520 288.507 288.495 288.482 288.414 288.458 288.411 288.035 288.003 288.418 288.409 288.401 288.392 288.346 288.352 288.342 288.268 288.027 287.691 286.864 285.375 284.558 283.597 280.872 279.127 279.475 281.149 282.899 279.629 280.502 283.246 283.884 284.138 282.937 279.912 277.979 274.842 277.686 277.952 279.696 281.351 278.026
288.471 287.935 287.618 287.535 287.309 287.682 287.568 287.162 287.317 286.264 285.626 286.137 285.924 286.701 286.177 286.601 287.211 287.411 288.593 288.579 288.565 288.552 288.538 288.525 288.511 288.457 288.486 288.473 288.462 288.450 288.439 288.428 288.417 288.407 288.397 288.178 287.296 288.047 288.358 288.325 288.313 288.266 288.097 287.943 286.753 282.983 282.398 282.209 278.917 279.485 281.629 279.044 278.796 281.524 279.239 280.615 282.555 283.774 281.388 276.901 277.774 278.669 278.873 280.187 282.099 281.182
288.545 288.258 288.081 287.607 287.799 288.383 287.831 287.169 286.073 286.618 286.467 286.305 285.955 285.894 286.431 286.516 286.951 287.441 288.401 288.573 288.559 288.253 288.447 288.492 288.472 288.489 288.476 288.464 288.451 288.439 288.427 288.369 288.369 287.179 286.451 287.397 288.335 288.333 288.319 288.302 288.300 287.617 288.149 288.092 287.290 284.788 281.473 282.225 281.119 276.909 279.691 276.828 279.991 278.838 280.866 282.443 283.134 283.590 283.348 279.350 278.062 280.384 282.493 283.336 283.163 282.148
288.660 288.576 288.467 288.285 288.463 288.335 287.629 287.581 286.242 286.213 285.533 286.178 285.912 285.642 286.175 286.267 286.573 286.811 287.131 287.437 287.406 287.745 287.661 287.854 287.088 287.936 288.330 288.454 288.441 288.428 288.330 288.291 288.250 287.818 287.926 287.706 288.311 288.320 288.299 288.290 288.280 287.532 287.080 288.177 287.918 285.466 282.741 279.593 280.491 276.657 277.141 277.380 280.818 281.567 281.989 281.275 279.798 281.479 282.911 283.633 282.245 283.418 281.686 280.507 279.931 280.281
288.719 288.731 288.689 288.623 288.518 288.400 287.273 287.554 285.629 285.292 285.685 285.691 285.853 285.539 285.567 285.698 285.933 286.135 286.617 286.656 286.082 285.682 285.452 285.411 285.599 286.143 286.770 287.632 287.850 288.176 288.178 288.199 288.149 288.121 288.162 288.223 288.276 288.294 288.279 288.274 288.250 286.417 288.198 288.196 288.051 287.033 284.359 280.160 278.061 276.127 275.642 276.446 279.126 279.675 278.757 277.959 279.452 276.990 279.456 282.884 282.411 279.321 278.006 278.072 278.034 278.620
288.760 288.754 288.713 288.666 288.604 288.213 287.199 286.440 285.040 284.767 284.604 285.282 286.121 285.667 285.161 285.887 284.865 284.755 284.846 285.387 285.024 283.964 282.608 282.809 283.725 283.640 284.806 285.765 286.227 286.638 287.676 288.054 288.031 287.969 288.033 288.153 288.148 288.226 288.243 288.202 288.214 288.198 288.195 288.183 288.149 287.540 283.291 279.312 276.627 278.775 276.609 275.897 275.890 278.156 275.355 277.172 277.270 278.517 281.136 277.423 276.737 276.940 277.273 276.160 275.545 274.927
288.794 288.777 288.760 288.742 288.305 287.371 286.168 286.533 284.541 284.471 284.843 284.624 285.808 286.182 285.535 284.776 283.881 282.302 282.958 284.522 284.337 283.925 284.185 283.883 282.944 281.618 281.684 282.739 283.324 285.412 285.582 285.807 286.913 287.038 287.209 286.702 286.202 286.451 287.509 287.857 288.085 288.192 288.169 288.166 288.160 286.716 280.502 274.470 277.204 280.575 274.947 278.389 279.226 280.057 277.036 278.226 276.409 279.749 276.469 275.704 275.031 274.950 274.731 273.849 273.951 273.141
288.796 288.778 288.760 288.743 288.095 285.856 285.199 286.226 283.773 283.593 284.103 284.028 283.091 284.261 283.470 281.806 280.931 281.945 281.933 282.936 283.652 283.764 283.245 283.266 283.768 282.900 281.569 280.770 282.407 283.429 281.782 282.699 285.294 284.389 281.112 281.328 282.672 282.739 283.503 285.765 286.419 288.111 288.091 288.135 288.059 286.442 278.418 278.515 281.721 281.436 280.046 281.726 281.564 279.829 278.308 278.166 275.697 275.343 273.907 272.579 271.420 271.767 274.887 275.370 271.002 271.940
288.798 288.780 288.761 288.743 287.518 284.603 284.089 285.472 284.758 283.477 282.645 282.179 281.266 280.912 281.400 281.804 282.849 283.410 284.068 284.099 284.138 283.578 283.190 283.522 283.573 283.245 281.148 280.070 280.858 281.633 279.601 281.066 284.669 284.927 283.395 281.269 279.633 279.805 280.964 281.740 281.452 285.253 287.642 288.086 288.076 285.370 282.109 282.631 284.423 284.469 283.208 284.218 282.850 279.803 279.819 278.176 272.973 274.129 274.506 277.705 278.281 279.317 281.746 281.842 278.752 276.257
288.799 288.781 288.763 288.645 286.045 283.558 284.252 285.350 284.787 284.543 284.109 284.193 283.762 283.329 282.548 281.955 282.702 283.334 283.517 283.219 282.378 283.151 283.602 283.582 283.565 283.224 281.778 281.835 280.954 279.810 281.279 283.113 285.042 285.211 284.778 283.264 280.796 278.776 278.238 280.320 279.858 278.407 282.854 287.773 288.041 287.990 286.205 287.240 287.305 288.064 288.068 288.072 287.595 286.585 284.926 284.476 283.175 282.867 283.895 284.231 283.800 283.369 284.377 285.064 286.256 284.064
288.473 288.782 288.764 288.511 285.046 283.434 284.223 285.148 285.328 285.428 285.472 285.417 284.728 283.359 282.535 281.097 282.923 283.518 282.945 281.503 283.495 283.724 283.383 283.573 283.556 283.478 283.068 282.487 280.975 280.218 281.151 282.942 285.132 282.354 282.890 282.375 282.748 279.841 277.458 278.206 278.492 279.488 281.050 282.614 286.324 287.974 287.989 287.990 287.992 288.034 288.049 288.055 288.061 288.068 288.075 288.083 288.091 288.100 288.108 288.117 288.125 288.133 288.141 288.150 288.085 287.584
288.803 288.784 288.765 285.665 283.715 283.088 283.334 283.977 284.934 285.256 285.469 285.450 285.431 284.669 282.214 282.730 283.526 283.112 282.714 282.809 283.477 283.605 283.234 282.492 283.547 283.529 282.338 280.739 280.171 280.283 281.710 282.024 283.604 284.866 283.066 280.419 281.311 279.135 276.864 278.973 278.324 276.892 278.565 282.451 286.846 287.915 287.922 287.913 287.913 283.989 284.590 284.457 285.833 286.576 288.060 288.069 288.078 288.087 288.096 288.106 288.113 288.124 288.133 288.141 288.056 288.050
288.768 288.785 288.766 287.220 284.322 282.996 282.834 282.522 284.847 283.905 283.050 284.138 285.428 285.409 283.163 282.731 283.486 282.141 280.824 280.793 283.401 283.356 281.868 283.029 283.538 283.520 281.859 279.428 279.572 278.970 279.324 279.149 278.101 283.087 283.734 281.387 278.640 280.348 278.283 278.132 278.809 277.973 276.592 277.125 283.565 287.879 287.855 285.345 282.648 280.685 281.730 282.023 283.320 284.086 284.683 286.436 285.634 286.772 286.196 286.784 286.496 286.490 286.375 286.068 286.522 287.901
287.339 288.234 288.767 288.551 286.404 283.320 282.634 281.327 283.989 283.112 282.018 281.981 285.306 285.405 283.384 282.743 283.165 281.499 279.330 282.425 283.296 281.250 282.491 282.567 283.529 283.510 280.183 281.565 281.952 281.490 276.847 277.772 279.666 282.934 283.231 281.507 279.590 278.550 273.560 273.503 276.018 279.282 279.843 281.469 281.740 287.803 287.768 282.958 279.892 276.703 278.022 280.524 280.836 281.516 280.473 281.982 281.021 283.608 282.116 283.966 284.309 282.649 280.527 281.563 283.119 285.436
288.541 288.788 288.768 288.747 288.046 284.890 282.807 281.334 282.709 283.004 281.234 280.357 284.266 285.248 282.060 282.263 283.206 281.330 280.396 282.696 282.868 278.499 282.285 279.162 281.798 283.453 283.482 283.324 280.875 280.514 279.609 278.552 280.502 282.163 283.215 283.197 280.801 272.124 278.576 278.474 279.007 280.400 280.917 283.157 283.656 287.728 287.737 286.418 282.054 277.363 275.755 278.502 276.949 278.115 276.657 276.166 283.875 279.728 277.985 279.004 280.701 278.314 277.813 279.246 280.976 283.679
288.474 288.790 288.769 288.748 288.727 285.836 283.067 281.687 280.100 278.449 279.214 280.599 283.914 284.737 283.122 283.546 282.435 279.571 279.441 281.916 282.303 278.124 280.439 277.890 280.642 279.886 283.469 283.438 280.445 279.268 278.229 277.844 279.848 280.164 282.824 283.179 277.447 274.949 273.691 273.668 281.139 282.088 281.864 279.865 281.018 287.644 287.638 284.944 280.830 279.193 276.728 276.245 271.548 276.623 274.817 277.059 281.843 276.564 275.728 275.863 275.267 275.885 275.992 277.037 280.882 283.881
