Source/.svn/pristine/80/80df1b047cc5a8a629d16d5e514d17aabd87b6dd.svn-base
ncols               386
nrows               229
xllcorner    479497.492
yllcorner     73502.967
cellsize       1000.000
NODATA_value -999
[rows 145 to 173 of 229, columns 132 to 197 of 386]
279.545 281.407 285.644 283.441 282.732 286.249 281.292 278.428 276.171 276.278 281.152 282.060 276.619 276.786 277.479 277.603 273.881 268.807 269.572 267.575 268.626 274.175 276.054 277.513 286.074 278.064 279.434 277.851 274.007 268.493 263.973 257.927 259.119 259.448 262.796 265.596 267.951 261.778 265.897 268.075 264.327 264.696 266.413 261.395 265.639 269.936 267.359 271.285 271.888 271.554 272.172 272.121 274.613 274.534 272.693 269.330 269.242 271.693 274.301 274.062 270.546 268.560 267.950 266.861 265.442 266.925
280.642 285.002 283.461 280.209 283.263 286.058 282.369 277.480 272.832 273.934 279.126 282.425 280.499 278.164 272.089 268.088 268.567 267.838 268.993 267.763 273.867 274.438 275.775 280.322 283.128 269.744 271.461 268.667 267.643 265.805 261.668 257.972 257.485 260.316 259.882 257.401 256.394 257.324 259.863 262.274 262.287 260.058 266.950 267.897 268.997 268.822 263.897 267.697 266.224 265.994 264.980 267.331 270.578 269.364 269.819 266.138 269.333 271.082 273.579 275.462 273.037 268.322 264.297 265.466 265.366 268.892
282.110 283.417 280.771 277.370 281.123 285.676 281.374 276.107 271.828 270.951 272.809 278.041 280.117 279.439 277.093 270.261 267.114 267.364 272.682 273.816 273.459 274.038 279.480 281.422 283.242 272.933 267.356 260.395 260.723 258.884 260.491 260.131 258.507 259.431 261.129 260.283 257.421 260.727 259.889 258.452 256.660 261.743 265.078 268.078 266.259 260.930 261.150 264.475 265.582 267.614 270.621 270.628 269.759 265.756 267.053 268.771 271.487 273.854 276.474 278.369 271.469 269.518 267.730 265.631 264.567 265.574
283.031 282.201 279.265 274.573 277.152 285.423 282.520 275.312 273.431 268.403 274.433 273.838 275.629 276.362 278.063 273.820 270.904 269.294 271.513 274.831 278.331 280.470 278.255 277.332 283.736 274.208 267.470 262.672 253.879 258.848 261.772 262.658 259.830 258.731 261.785 261.905 259.262 257.621 262.552 262.056 257.175 254.837 260.552 261.820 264.942 262.021 265.373 267.627 268.515 268.364 267.614 266.346 266.125 267.489 270.184 271.246 273.100 277.277 279.530 277.329 276.435 272.902 267.243 268.006 269.243 264.809
283.327 280.859 276.519 272.353 275.192 281.222 284.614 280.375 277.010 273.259 270.103 273.392 272.891 272.391 274.468 277.191 271.261 265.339 271.312 278.468 273.022 274.832 274.397 277.705 281.114 276.677 269.238 266.009 264.299 257.382 261.905 264.279 264.825 263.658 261.966 262.511 259.899 257.981 259.329 263.361 260.957 260.393 260.718 262.329 262.504 262.933 264.084 264.348 265.076 264.803 265.709 265.876 268.993 270.913 271.371 273.021 277.398 279.688 277.899 275.313 274.818 274.833 273.319 273.033 264.363 266.987
280.947 278.605 275.828 274.735 273.324 279.638 284.012 281.483 273.600 269.220 268.439 267.953 267.484 269.409 272.212 274.165 269.134 263.753 268.286 273.236 269.336 268.454 275.755 280.115 276.933 270.986 266.811 265.964 265.417 257.595 258.479 262.010 265.327 265.839 265.505 263.609 259.528 260.919 262.294 264.034 264.679 265.476 262.487 262.871 263.657 262.145 261.970 265.460 267.687 272.520 267.882 271.090 268.840 273.535 275.562 277.844 279.708 278.108 274.014 270.406 272.373 273.822 270.705 274.066 268.016 269.726
280.217 277.350 274.351 273.780 271.841 276.920 282.972 280.125 270.123 271.174 271.741 273.643 270.375 267.979 264.716 271.317 272.092 267.805 264.319 263.771 266.301 275.562 275.924 276.718 274.196 268.140 263.070 257.126 256.517 257.026 262.500 260.630 263.276 266.253 266.279 263.059 264.840 263.033 258.638 261.756 264.686 265.718 266.251 266.052 264.500 259.323 263.352 263.350 265.769 271.807 273.888 269.973 275.518 276.481 279.186 279.855 277.684 274.273 271.132 269.284 267.933 269.024 269.031 269.107 271.223 267.019
279.154 276.461 273.445 269.299 271.722 278.723 282.348 281.022 277.442 277.431 278.282 274.227 268.594 265.559 262.951 264.784 266.014 266.049 267.628 268.769 270.296 272.662 272.334 271.427 268.145 263.780 256.720 257.985 258.412 260.933 263.695 264.365 265.855 266.308 266.666 266.796 263.960 257.487 256.550 260.855 261.503 262.416 267.678 265.414 260.745 264.873 264.152 268.237 266.652 269.014 275.321 274.440 277.208 279.876 279.879 277.657 277.395 275.802 274.280 267.884 266.940 264.505 268.100 267.404 265.472 264.352
277.271 274.298 269.032 273.648 276.686 282.156 282.335 281.622 279.440 277.745 275.917 275.764 269.381 262.276 260.858 261.109 265.097 266.011 266.951 266.970 264.271 270.212 269.715 268.140 264.344 257.940 257.825 258.741 261.057 262.284 263.394 264.590 265.448 266.024 266.810 267.327 267.243 263.680 260.807 257.298 260.141 264.182 268.241 267.308 261.658 267.133 264.239 269.249 269.900 270.170 273.347 278.122 279.437 279.688 276.410 273.412 271.298 270.900 273.558 274.082 266.782 266.700 267.030 267.032 267.304 269.114
278.684 274.172 272.187 272.625 274.740 280.443 280.910 273.856 273.993 270.718 268.106 269.973 266.538 262.039 264.585 267.526 266.977 266.066 264.460 262.575 263.430 264.110 262.079 260.683 260.880 262.638 262.228 258.720 260.664 262.767 263.831 264.190 262.319 259.445 265.588 267.967 268.432 268.268 262.625 259.067 261.735 266.072 271.518 268.098 264.877 269.050 269.847 268.633 274.810 274.703 277.719 280.194 278.941 276.625 272.711 271.113 267.986 268.446 269.590 273.584 270.724 267.616 269.093 270.066 270.502 271.114
275.161 269.595 270.471 276.508 279.189 281.856 273.940 270.512 266.933 266.939 263.265 262.991 264.066 265.113 268.831 268.181 265.666 264.240 263.052 262.733 262.980 263.456 263.387 266.907 264.826 263.902 264.021 263.499 263.216 261.631 260.805 255.714 260.339 259.545 261.498 266.121 268.722 268.991 265.940 262.814 268.557 268.093 272.384 265.838 265.187 267.390 272.410 272.328 274.300 279.180 280.117 279.680 276.043 272.629 271.576 267.587 266.701 267.723 271.500 272.635 270.709 267.136 266.568 269.878 271.808 272.078
268.218 265.834 272.629 276.515 272.663 280.302 278.563 271.522 271.267 266.840 265.877 262.502 270.229 272.708 269.922 266.328 263.173 262.415 263.218 264.165 266.829 267.520 264.697 271.200 265.276 266.540 267.047 265.885 260.370 261.275 258.050 257.099 262.269 264.475 259.300 264.295 269.252 269.179 266.953 264.627 268.659 274.577 271.730 264.935 267.616 269.144 271.699 276.914 278.572 280.283 279.581 278.269 274.130 268.905 273.089 268.220 267.043 269.649 266.844 267.683 268.553 267.713 268.342 266.842 -999.000 -999.000
269.421 269.865 274.923 273.098 274.683 276.909 279.346 280.100 279.917 276.258 270.161 269.396 275.090 273.669 266.369 262.916 263.031 264.132 267.437 264.723 269.212 270.498 267.265 271.066 270.122 270.350 267.346 259.723 262.207 265.158 260.852 257.847 262.910 267.195 267.230 261.728 268.472 269.725 268.788 266.850 269.176 275.025 272.225 268.089 268.924 273.098 275.086 278.596 280.729 279.377 276.459 276.574 271.670 269.198 269.731 268.710 265.459 264.322 266.946 268.466 -999.000 -999.000 -999.000 -999.000 -999.000 -999.000
268.747 272.762 273.420 274.752 275.312 271.338 269.828 273.812 271.147 277.628 277.508 276.465 275.771 269.646 262.084 263.479 266.950 266.626 267.538 270.526 270.567 270.212 273.018 273.989 272.681 268.400 263.389 259.901 261.136 266.671 265.106 261.522 261.340 264.845 268.576 268.809 268.723 270.144 269.126 268.814 269.963 276.414 277.035 273.331 270.757 274.710 278.934 280.904 279.018 277.240 271.113 271.617 275.324 268.631 265.556 265.927 264.342 265.943 -999.000 -999.000 -999.000 -999.000 -999.000 -999.000 -999.000 -999.000
267.763 270.742 269.286 274.921 272.883 268.596 264.284 268.413 268.838 271.603 275.244 273.414 269.638 263.564 264.834 266.572 270.375 272.362 270.859 273.029 274.445 275.560 274.948 272.351 269.236 263.857 264.146 263.833 263.597 267.856 266.005 261.020 259.322 261.847 262.235 268.263 271.301 270.654 268.298 268.970 269.904 276.647 280.644 276.583 274.410 277.951 281.221 279.196 274.932 271.111 270.270 268.648 274.090 270.448 266.844 262.177 262.752 263.437 -999.000 -999.000 -999.000 -999.000 -999.000 -999.000 -999.000 -999.000
268.844 267.257 273.198 270.370 268.979 267.665 259.768 261.675 261.387 270.000 269.823 265.406 263.974 267.425 267.864 269.569 271.219 274.300 275.516 277.558 276.134 272.919 268.579 267.544 262.690 265.182 266.545 267.270 265.504 268.424 264.570 258.992 261.883 264.697 265.668 272.009 271.790 271.326 267.295 268.022 270.937 276.611 282.101 279.443 277.684 281.614 277.911 274.744 271.188 269.559 268.900 267.037 270.932 272.625 265.325 -999.000 -999.000 -999.000 -999.000 -999.000 -999.000 -999.000 -999.000 -999.000 -999.000 -999.000
267.922 269.992 271.517 269.527 264.771 265.987 265.168 260.735 260.970 267.910 265.900 266.701 267.612 269.859 272.676 274.034 275.671 278.386 277.506 273.566 270.483 268.700 265.025 256.594 259.832 263.005 261.199 267.752 268.500 269.549 269.698 265.229 266.170 267.722 270.535 272.672 272.450 268.704 268.289 269.722 274.162 278.226 282.787 279.471 281.967 278.929 274.183 272.784 270.078 267.861 267.177 265.113 264.919 268.118 262.855 -999.000 -999.000 -999.000 -999.000 -999.000 -999.000 -999.000 -999.000 -999.000 -999.000 -999.000
265.769 269.192 271.771 267.568 262.832 263.981 266.135 268.101 267.224 266.542 268.281 270.284 270.366 272.991 274.614 277.331 279.466 276.565 272.145 267.414 265.398 261.736 258.929 262.996 261.932 259.151 258.091 263.241 264.427 266.341 268.953 271.029 270.011 270.949 274.520 273.434 272.719 267.506 269.969 272.445 276.127 280.453 282.916 281.617 278.358 275.135 270.980 269.327 268.829 270.885 266.947 263.773 263.194 261.608 -999.000 -999.000 -999.000 -999.000 -999.000 -999.000 -999.000 -999.000 -999.000 -999.000 -999.000 -999.000
270.228 271.014 269.947 267.180 268.688 271.559 273.666 270.604 265.658 267.233 270.720 273.048 276.440 277.194 279.734 279.387 275.789 272.389 268.499 265.439 261.642 263.138 261.901 265.512 264.335 265.061 263.320 261.590 264.922 265.676 264.809 272.690 274.696 275.773 275.225 272.226 271.239 271.871 273.290 274.984 280.064 282.259 282.378 279.877 275.938 274.584 270.899 272.184 272.135 268.550 265.672 266.828 266.570 266.190 264.834 264.144 -999.000 -999.000 -999.000 -999.000 -999.000 -999.000 -999.000 -999.000 -999.000 -999.000
269.040 269.252 276.182 275.144 275.675 276.056 271.647 267.514 266.173 266.474 269.540 273.454 277.589 280.626 277.063 274.014 271.236 268.149 263.783 260.662 258.336 263.651 267.137 268.188 264.307 270.557 263.821 265.112 268.230 268.452 268.530 274.840 277.521 274.546 272.139 272.236 273.756 273.319 276.656 279.233 282.399 283.668 281.314 276.020 276.278 273.836 273.238 270.414 266.290 269.384 268.670 268.432 270.640 267.532 267.109 265.444 -999.000 -999.000 -999.000 -999.000 -999.000 -999.000 -999.000 -999.000 -999.000 -999.000
264.317 270.555 279.383 279.170 276.351 273.643 268.732 265.259 265.990 268.126 268.804 272.019 278.932 277.068 273.002 270.198 267.701 262.727 263.538 265.047 263.178 264.736 264.565 270.910 264.333 270.074 267.669 266.614 271.698 270.558 270.682 276.628 276.737 271.761 273.784 274.543 277.513 278.346 282.259 281.859 284.187 281.936 282.309 280.650 277.199 269.738 269.648 271.641 272.490 270.774 271.667 272.048 273.009 271.705 267.206 264.825 -999.000 -999.000 -999.000 -999.000 -999.000 -999.000 -999.000 -999.000 -999.000 -999.000
267.286 273.678 279.850 278.708 272.916 268.720 265.567 268.103 268.945 267.742 271.071 272.771 279.218 275.774 269.676 266.144 262.998 263.939 267.829 269.477 266.231 268.389 270.117 271.450 267.794 270.331 270.950 268.445 272.377 271.502 274.640 275.657 274.946 274.923 276.777 278.703 281.168 284.471 284.936 283.873 282.233 279.258 276.902 280.450 273.291 273.707 275.125 276.991 275.812 275.054 274.410 272.504 269.504 270.214 268.575 -999.000 -999.000 -999.000 -999.000 -999.000 -999.000 -999.000 -999.000 -999.000 -999.000 -999.000
274.377 278.111 280.910 275.328 271.488 268.703 268.640 271.000 269.293 268.001 267.441 272.193 279.397 276.592 271.355 263.475 266.812 264.273 271.022 272.284 265.769 270.683 276.386 268.634 265.102 269.816 275.626 267.872 273.140 274.820 278.552 279.915 273.963 276.548 281.056 284.382 285.253 282.540 281.825 281.316 278.067 275.391 274.076 277.040 278.725 278.972 277.896 275.246 276.438 271.737 268.116 266.624 -999.000 -999.000 -999.000 -999.000 -999.000 -999.000 -999.000 -999.000 -999.000 -999.000 -999.000 -999.000 -999.000 -999.000
271.580 279.642 279.205 276.926 272.598 271.304 270.154 272.627 270.383 268.062 268.278 272.630 277.972 278.348 268.762 266.089 271.110 264.971 272.577 271.728 264.670 271.013 278.318 270.290 265.561 268.438 276.582 270.476 272.344 278.243 280.228 281.116 274.656 279.498 283.275 285.848 281.848 277.060 276.858 276.043 275.104 269.006 267.964 272.267 276.610 278.762 273.898 272.105 273.225 270.779 266.540 266.568 -999.000 -999.000 -999.000 -999.000 -999.000 -999.000 -999.000 -999.000 -999.000 -999.000 -999.000 -999.000 -999.000 -999.000
275.284 280.140 282.576 278.372 277.222 272.872 271.281 274.707 270.457 269.675 271.412 275.006 280.413 278.827 270.528 269.793 272.790 266.924 275.454 272.322 267.007 272.742 279.651 272.670 270.087 266.767 275.593 272.421 271.278 276.371 282.778 282.267 279.894 283.696 285.915 281.027 277.618 276.183 271.336 269.025 271.554 268.452 271.164 272.379 274.588 277.209 271.709 267.900 269.120 269.003 268.527 -999.000 -999.000 -999.000 -999.000 -999.000 -999.000 -999.000 -999.000 -999.000 -999.000 -999.000 -999.000 -999.000 -999.000 -999.000
274.158 277.044 283.826 281.426 277.021 274.778 274.743 276.224 273.784 273.569 274.641 276.607 284.267 276.664 271.664 273.240 276.278 273.501 277.619 273.769 272.043 273.294 280.844 273.664 269.187 268.149 273.089 275.532 271.528 276.959 283.534 282.414 285.141 285.850 282.236 280.080 276.494 272.183 267.946 265.836 266.879 269.981 273.985 271.654 275.122 276.633 271.303 269.477 266.438 -999.000 -999.000 -999.000 -999.000 -999.000 -999.000 -999.000 -999.000 -999.000 -999.000 -999.000 -999.000 -999.000 -999.000 -999.000 -999.000 -999.000
279.736 280.824 284.455 283.154 280.097 278.278 279.065 280.276 277.237 277.866 277.220 279.610 285.948 277.586 278.069 277.604 275.586 280.868 277.075 276.443 274.954 275.766 282.050 275.492 273.463 272.808 273.129 279.992 276.748 279.977 285.557 286.439 286.628 284.361 281.202 275.181 273.252 267.947 266.155 267.865 269.787 272.498 270.363 270.436 273.640 269.190 273.661 266.050 264.734 -999.000 -999.000 -999.000 -999.000 -999.000 -999.000 -999.000 -999.000 -999.000 -999.000 -999.000 -999.000 -999.000 -999.000 -999.000 -999.000 -999.000
284.254 285.111 286.233 285.302 284.098 282.510 281.197 281.176 281.060 282.467 281.737 283.417 284.082 283.861 283.087 282.478 283.141 283.419 280.891 280.418 281.159 280.515 283.886 278.067 277.121 277.234 277.761 280.782 281.099 283.565 286.833 286.792 284.732 283.989 281.817 274.868 269.205 268.478 268.866 267.130 267.779 269.238 266.950 269.522 272.026 265.997 270.926 267.384 -999.000 -999.000 -999.000 -999.000 -999.000 -999.000 -999.000 -999.000 -999.000 -999.000 -999.000 -999.000 -999.000 -999.000 -999.000 -999.000 -999.000 -999.000
287.596 288.036 287.861 287.580 287.573 285.136 285.281 286.130 287.448 287.466 287.477 287.459 287.438 287.439 287.375 287.330 286.890 286.259 285.706 284.601 285.063 285.633 283.524 280.920 280.784 280.190 281.531 283.357 286.848 286.904 286.623 286.167 284.616 283.080 278.845 275.331 270.467 272.997 269.803 268.228 268.996 266.298 267.133 266.589 270.710 266.555 265.221 268.035 -999.000 -999.000 -999.000 -999.000 -999.000 -999.000 -999.000 -999.000 -999.000 -999.000 -999.000 -999.000 -999.000 -999.000 -999.000 -999.000 -999.000 -999.000
