Source/.svn/pristine/80/80df1b047cc5a8a629d16d5e514d17aabd87b6dd.svn-base
ncols               386
nrows               229
xllcorner    479497.492
yllcorner     73502.967
cellsize       1000.000
NODATA_value -999
[rows 145 to 173 of 229, columns 264 to 329 of 386]
277.436 276.527 273.984 271.474 269.017 271.107 271.683 268.552 271.928 277.994 275.755 270.038 270.717 269.618 266.234 268.940 271.077 269.792 272.167 269.219 265.338 268.646 269.614 275.154 276.471 270.840 269.257 267.612 264.584 259.663 262.378 261.425 264.674 268.080 268.606 268.646 264.235 265.337 262.037 264.820 267.154 270.456 273.429 275.354 275.447 272.453 266.450 266.143 266.938 265.734 266.940 268.912 271.118 267.284 268.711 267.394 264.068 -999.000 -999.000 -999.000 -999.000 -999.000 -999.000 -999.000 -999.000 -999.000
272.816 274.497 271.066 269.343 266.669 270.705 270.288 266.513 269.670 277.527 272.731 267.521 266.002 267.129 267.250 269.152 268.346 266.962 270.582 269.421 260.432 265.953 269.714 272.740 277.121 272.569 271.586 266.864 264.079 261.335 263.505 265.615 264.889 269.099 265.506 266.103 265.341 261.817 264.778 264.888 265.245 271.021 275.025 275.380 274.735 268.551 269.336 264.821 264.312 265.095 266.151 267.628 272.029 267.690 265.239 268.497 265.045 -999.000 -999.000 -999.000 -999.000 -999.000 -999.000 -999.000 -999.000 -999.000
270.929 274.420 269.987 267.678 265.517 272.078 268.098 265.620 271.149 277.964 272.302 268.313 265.263 264.962 265.529 268.721 267.280 268.627 270.275 263.462 265.782 268.048 271.597 276.023 276.002 273.366 272.235 268.180 267.494 262.569 259.445 265.296 266.881 266.535 260.383 267.087 263.519 265.019 266.979 268.331 270.172 273.003 275.276 275.290 273.655 268.813 266.886 267.702 264.866 264.054 265.432 270.275 268.190 270.426 266.515 265.586 264.966 -999.000 -999.000 -999.000 -999.000 -999.000 -999.000 -999.000 -999.000 -999.000
270.364 273.506 270.361 266.535 267.537 268.703 265.923 266.864 270.644 275.526 277.385 272.046 270.021 269.733 265.947 266.488 265.511 269.715 266.776 264.396 268.237 271.278 274.012 273.993 276.698 274.431 272.130 268.605 267.681 264.466 263.048 263.029 262.026 266.119 261.422 266.585 263.370 265.589 266.928 268.205 269.830 274.430 275.247 275.125 274.280 269.666 267.135 266.848 264.532 262.080 266.927 267.490 266.196 270.042 267.957 264.977 262.502 -999.000 -999.000 -999.000 -999.000 -999.000 -999.000 -999.000 -999.000 -999.000
269.241 272.124 270.305 264.986 264.392 264.226 264.598 268.534 273.327 271.333 273.295 275.508 274.566 272.932 271.224 269.126 266.445 265.089 265.039 267.038 270.272 272.982 270.527 271.490 275.138 274.056 270.250 268.208 265.586 265.502 263.326 262.798 262.863 262.298 263.928 266.488 263.848 265.553 266.717 270.028 271.854 273.883 273.556 274.362 275.028 272.994 267.714 262.761 264.093 264.762 267.873 265.518 265.404 266.944 268.256 266.517 263.529 -999.000 -999.000 -999.000 -999.000 -999.000 -999.000 -999.000 -999.000 -999.000
266.511 -999.000 -999.000 -999.000 -999.000 265.069 266.943 270.977 271.528 266.045 -999.000 -999.000 275.303 266.883 267.458 265.917 266.855 266.000 269.231 269.067 269.860 271.078 268.189 269.136 272.787 275.484 272.121 270.686 269.682 265.918 265.442 263.791 264.397 265.561 263.010 266.153 268.692 268.372 269.437 271.045 274.355 274.720 274.231 273.143 273.726 274.709 272.088 266.121 264.465 262.855 264.528 265.614 264.795 265.367 265.530 267.126 263.172 -999.000 -999.000 -999.000 -999.000 -999.000 -999.000 -999.000 -999.000 -999.000
-999.000 -999.000 -999.000 -999.000 -999.000 267.916 270.149 272.123 266.840 -999.000 -999.000 -999.000 274.394 271.878 267.390 265.486 262.550 264.185 264.169 263.753 265.014 270.170 264.891 267.769 272.244 275.416 272.649 269.747 265.488 265.059 266.511 265.967 263.622 267.165 262.410 264.307 266.431 269.454 272.122 273.422 274.673 273.604 271.634 270.330 270.947 273.672 274.121 268.549 267.841 264.483 263.707 264.205 263.342 264.735 264.747 266.786 263.044 -999.000 -999.000 -999.000 -999.000 -999.000 -999.000 -999.000 -999.000 -999.000
-999.000 -999.000 -999.000 -999.000 -999.000 -999.000 269.360 269.667 266.153 -999.000 -999.000 -999.000 272.636 273.549 271.031 269.014 267.113 264.339 265.114 261.080 264.330 267.781 265.527 268.312 272.021 274.652 272.762 268.308 266.057 267.931 265.889 268.528 265.787 268.451 267.188 264.824 266.573 270.975 274.113 274.062 273.539 269.495 265.390 266.177 274.074 268.882 271.211 273.769 268.449 265.736 264.079 264.637 264.635 263.759 265.983 266.103 264.574 -999.000 -999.000 -999.000 -999.000 -999.000 -999.000 -999.000 -999.000 -999.000
-999.000 -999.000 -999.000 -999.000 -999.000 -999.000 -999.000 266.273 263.116 -999.000 -999.000 -999.000 270.057 273.873 272.412 272.918 269.879 268.843 266.397 264.024 266.235 266.398 263.582 266.616 270.089 270.617 274.301 270.767 269.313 270.319 269.157 269.908 269.480 269.487 270.669 271.149 268.876 272.980 273.823 273.055 269.611 265.718 263.325 265.745 273.594 266.760 269.941 273.714 272.628 266.792 261.547 265.223 268.264 269.780 268.406 266.364 267.533 -999.000 -999.000 -999.000 -999.000 -999.000 -999.000 -999.000 -999.000 -999.000
-999.000 -999.000 -999.000 -999.000 -999.000 -999.000 -999.000 -999.000 -999.000 -999.000 -999.000 -999.000 269.312 274.609 268.307 270.599 272.507 271.264 267.680 265.606 261.688 263.164 263.129 265.496 268.537 272.723 273.299 273.914 273.510 271.281 270.516 267.299 263.558 265.781 264.136 267.861 270.987 274.226 274.273 271.893 267.173 261.311 263.763 271.348 271.296 266.187 264.543 269.756 273.642 271.291 267.022 267.095 270.617 265.907 264.880 263.606 265.451 -999.000 -999.000 -999.000 -999.000 -999.000 -999.000 -999.000 -999.000 -999.000
-999.000 -999.000 -999.000 -999.000 -999.000 -999.000 -999.000 -999.000 -999.000 -999.000 -999.000 -999.000 269.684 274.311 266.826 268.086 270.455 271.604 271.802 268.664 267.819 266.124 264.998 267.632 268.713 270.383 271.890 271.739 269.145 270.006 266.506 267.662 261.686 264.667 266.416 269.095 273.179 274.439 273.973 270.666 265.805 262.843 266.801 272.456 269.249 264.344 263.387 266.853 272.363 270.118 271.963 271.505 269.223 266.001 267.035 265.648 263.122 -999.000 -999.000 -999.000 -999.000 -999.000 -999.000 -999.000 -999.000 -999.000
-999.000 -999.000 -999.000 -999.000 -999.000 -999.000 -999.000 -999.000 -999.000 -999.000 -999.000 -999.000 270.189 273.247 266.486 265.806 269.799 267.875 271.110 271.281 270.814 270.036 266.008 265.133 270.462 268.829 271.022 271.552 267.752 267.943 263.321 265.619 264.365 266.663 270.317 274.341 274.428 273.525 270.909 268.147 266.667 264.354 269.307 272.221 266.362 262.342 264.845 268.021 272.480 268.129 267.253 269.897 271.493 270.722 266.855 267.579 266.644 268.766 -999.000 -999.000 -999.000 -999.000 -999.000 -999.000 -999.000 -999.000
-999.000 -999.000 -999.000 -999.000 -999.000 -999.000 -999.000 -999.000 -999.000 -999.000 -999.000 -999.000 269.820 273.451 265.801 264.039 265.865 266.955 270.752 268.460 266.721 269.621 267.233 267.584 267.819 267.903 271.029 270.184 268.254 263.843 266.892 268.195 270.788 273.667 274.352 274.326 272.820 270.679 267.493 266.421 266.283 266.331 271.625 269.734 264.343 261.938 265.101 268.606 271.627 265.774 264.356 268.039 270.444 270.248 265.296 265.736 269.261 270.579 266.097 262.274 -999.000 262.922 261.561 265.433 265.730 -999.000
-999.000 -999.000 -999.000 -999.000 -999.000 -999.000 -999.000 -999.000 -999.000 -999.000 -999.000 -999.000 268.248 272.516 270.175 267.463 263.896 266.805 271.303 266.981 264.605 267.187 269.456 264.134 266.887 269.615 269.207 267.671 263.962 267.283 269.201 272.224 274.332 274.339 274.276 272.292 270.375 267.152 266.554 261.092 262.714 266.535 271.940 266.679 262.824 259.825 263.646 267.042 269.675 263.213 264.512 265.377 269.574 270.061 269.471 268.065 269.167 271.995 268.145 264.370 267.088 262.725 265.136 268.619 268.249 -999.000
-999.000 -999.000 -999.000 -999.000 -999.000 -999.000 -999.000 -999.000 -999.000 -999.000 -999.000 -999.000 266.834 269.741 272.306 268.810 264.435 266.275 270.164 268.130 264.629 265.295 268.321 264.574 267.050 269.184 267.564 265.508 267.308 268.692 271.947 273.687 274.328 274.254 272.522 273.136 267.882 265.246 264.874 259.022 261.608 267.162 271.309 266.165 259.738 259.498 262.842 267.577 268.231 265.879 264.169 263.149 267.744 268.793 270.035 268.909 271.184 272.541 272.905 268.378 265.635 269.362 270.467 270.413 269.997 266.478
-999.000 -999.000 -999.000 -999.000 -999.000 -999.000 -999.000 -999.000 -999.000 -999.000 -999.000 -999.000 265.095 268.481 269.791 270.471 264.171 265.793 269.582 268.289 265.218 264.570 265.111 264.941 267.305 270.358 269.642 268.267 268.139 273.870 274.291 274.195 273.302 271.632 269.060 271.660 270.172 266.601 264.247 258.949 263.311 268.042 269.816 268.065 265.101 259.372 261.465 267.108 265.896 264.484 264.161 262.291 262.324 267.341 268.643 270.036 269.192 269.755 273.212 273.226 267.373 269.625 272.468 271.475 269.031 265.501
-999.000 -999.000 -999.000 -999.000 -999.000 -999.000 -999.000 -999.000 -999.000 -999.000 -999.000 -999.000 264.082 265.848 269.220 271.694 266.442 265.664 267.569 264.776 263.817 264.064 267.087 267.327 269.106 272.319 271.790 274.717 275.976 276.333 273.770 271.487 268.768 267.861 271.861 269.459 272.517 265.980 265.057 260.151 265.949 269.990 264.913 266.321 264.084 262.242 259.944 265.506 263.236 262.657 263.105 260.188 260.810 263.198 263.199 268.237 271.759 269.046 274.756 276.409 274.111 274.183 272.597 269.545 266.013 -999.000
-999.000 -999.000 -999.000 -999.000 -999.000 -999.000 -999.000 -999.000 -999.000 -999.000 -999.000 -999.000 -999.000 265.396 269.819 271.470 267.228 264.108 266.061 264.225 262.939 265.453 269.897 272.000 272.404 270.523 272.062 277.686 275.109 273.552 274.127 269.652 264.255 265.335 271.807 267.525 271.459 269.814 265.528 261.927 266.291 268.619 264.630 262.420 261.004 258.888 254.246 259.641 258.371 259.865 259.133 257.538 260.415 264.481 268.497 269.523 272.816 269.657 276.816 275.458 273.330 270.927 268.396 263.946 -999.000 -999.000
-999.000 -999.000 -999.000 -999.000 -999.000 -999.000 -999.000 -999.000 -999.000 -999.000 -999.000 -999.000 263.404 268.175 267.497 268.668 267.604 266.602 264.127 263.411 266.732 265.588 264.747 268.841 267.778 269.411 273.269 277.884 274.720 268.522 272.730 272.226 263.581 264.644 269.525 266.220 269.029 271.132 264.616 259.798 263.645 264.170 263.391 259.750 254.957 -999.000 -999.000 257.207 253.311 -999.000 -999.000 259.547 264.097 268.554 272.600 273.158 273.715 272.087 279.392 275.465 271.396 267.938 265.749 -999.000 -999.000 -999.000
-999.000 -999.000 -999.000 -999.000 -999.000 -999.000 -999.000 -999.000 -999.000 -999.000 -999.000 -999.000 -999.000 267.355 264.559 266.958 264.708 265.644 263.899 265.218 264.515 264.680 265.377 266.980 272.479 273.728 274.770 277.796 273.972 268.087 268.601 272.886 266.967 263.132 269.357 266.700 266.858 270.804 266.430 260.836 259.290 260.661 259.366 259.626 -999.000 -999.000 -999.000 -999.000 -999.000 -999.000 -999.000 260.423 264.686 265.700 267.080 270.614 275.373 273.900 279.865 279.415 274.226 270.189 267.466 -999.000 -999.000 -999.000
-999.000 -999.000 -999.000 -999.000 -999.000 -999.000 -999.000 -999.000 -999.000 -999.000 -999.000 -999.000 -999.000 -999.000 -999.000 265.723 265.834 267.331 267.372 269.215 270.037 271.592 270.521 273.396 274.389 278.748 279.822 277.928 271.134 266.723 266.750 270.771 267.892 261.248 266.871 266.286 264.365 267.612 265.827 262.549 -999.000 -999.000 -999.000 -999.000 -999.000 -999.000 -999.000 -999.000 -999.000 -999.000 -999.000 -999.000 259.115 260.425 265.852 267.825 271.943 277.764 280.032 279.732 274.022 267.055 -999.000 -999.000 -999.000 -999.000
-999.000 -999.000 -999.000 -999.000 -999.000 -999.000 -999.000 -999.000 -999.000 -999.000 -999.000 -999.000 -999.000 -999.000 -999.000 -999.000 270.254 272.244 271.474 274.786 275.913 276.691 277.247 279.650 281.101 281.144 278.789 274.232 267.235 263.517 270.131 266.061 266.665 264.580 264.095 264.742 260.780 265.626 264.775 -999.000 -999.000 -999.000 -999.000 -999.000 -999.000 -999.000 -999.000 -999.000 -999.000 -999.000 -999.000 -999.000 -999.000 262.140 268.500 272.455 274.195 278.253 281.614 277.646 271.956 267.092 -999.000 -999.000 -999.000 -999.000
-999.000 -999.000 -999.000 -999.000 -999.000 -999.000 -999.000 -999.000 -999.000 -999.000 -999.000 -999.000 -999.000 -999.000 -999.000 -999.000 275.393 279.016 277.598 280.858 281.647 281.781 282.085 281.305 280.570 276.718 275.128 272.254 265.390 262.561 269.957 265.153 -999.000 -999.000 -999.000 -999.000 261.901 -999.000 -999.000 -999.000 -999.000 -999.000 -999.000 -999.000 -999.000 -999.000 -999.000 -999.000 -999.000 -999.000 -999.000 -999.000 -999.000 265.447 268.391 270.993 275.563 279.867 281.163 276.733 271.558 265.481 -999.000 -999.000 -999.000 -999.000
-999.000 -999.000 -999.000 -999.000 -999.000 -999.000 -999.000 -999.000 -999.000 -999.000 -999.000 -999.000 -999.000 -999.000 -999.000 -999.000 282.811 283.629 283.444 284.159 281.648 280.325 279.596 277.750 274.450 270.384 270.564 267.453 265.288 261.745 268.619 266.191 -999.000 -999.000 -999.000 -999.000 -999.000 -999.000 -999.000 -999.000 -999.000 -999.000 -999.000 -999.000 -999.000 -999.000 -999.000 -999.000 -999.000 -999.000 -999.000 -999.000 265.897 269.547 272.562 272.004 274.320 280.122 280.888 276.496 272.803 268.780 -999.000 -999.000 -999.000 -999.000
-999.000 -999.000 -999.000 -999.000 -999.000 -999.000 -999.000 -999.000 -999.000 -999.000 -999.000 -999.000 -999.000 -999.000 -999.000 -999.000 -999.000 281.906 281.537 279.667 279.285 274.707 271.958 269.799 267.185 264.690 270.563 269.491 266.670 263.171 267.670 264.609 -999.000 -999.000 -999.000 -999.000 -999.000 -999.000 -999.000 -999.000 -999.000 -999.000 -999.000 -999.000 -999.000 -999.000 -999.000 -999.000 -999.000 -999.000 -999.000 -999.000 -999.000 268.430 270.950 272.154 275.204 279.831 282.271 279.568 273.902 270.177 265.690 -999.000 -999.000 -999.000
-999.000 -999.000 -999.000 -999.000 -999.000 -999.000 -999.000 -999.000 -999.000 -999.000 -999.000 -999.000 -999.000 -999.000 -999.000 -999.000 -999.000 -999.000 276.186 273.638 276.315 278.403 277.833 271.905 267.798 264.580 270.562 266.779 263.222 262.610 266.489 265.962 -999.000 -999.000 -999.000 -999.000 -999.000 -999.000 -999.000 -999.000 -999.000 -999.000 -999.000 -999.000 -999.000 -999.000 -999.000 -999.000 -999.000 -999.000 -999.000 -999.000 -999.000 -999.000 268.322 271.008 274.812 279.532 282.553 282.610 278.347 272.412 269.625 267.534 -999.000 -999.000
-999.000 -999.000 -999.000 -999.000 -999.000 -999.000 -999.000 -999.000 -999.000 -999.000 -999.000 -999.000 -999.000 -999.000 -999.000 -999.000 -999.000 -999.000 272.372 269.843 269.669 272.727 273.462 271.481 268.538 264.956 268.823 265.374 261.258 262.048 265.810 261.808 -999.000 -999.000 -999.000 -999.000 -999.000 -999.000 -999.000 -999.000 -999.000 -999.000 -999.000 -999.000 -999.000 -999.000 -999.000 -999.000 -999.000 -999.000 -999.000 -999.000 -999.000 -999.000 268.296 271.708 277.037 277.901 280.082 282.728 281.674 275.880 274.568 271.577 266.229 -999.000
-999.000 -999.000 -999.000 -999.000 -999.000 -999.000 -999.000 -999.000 -999.000 -999.000 -999.000 -999.000 -999.000 -999.000 -999.000 -999.000 -999.000 -999.000 -999.000 -999.000 -999.000 268.426 269.362 268.196 266.379 264.676 267.591 264.995 -999.000 262.368 265.146 262.131 -999.000 -999.000 -999.000 -999.000 -999.000 -999.000 -999.000 -999.000 -999.000 -999.000 -999.000 -999.000 -999.000 -999.000 -999.000 -999.000 -999.000 -999.000 -999.000 -999.000 -999.000 -999.000 268.638 271.115 272.106 276.516 277.361 280.472 282.873 277.814 271.932 269.057 267.507 265.989
-999.000 -999.000 -999.000 -999.000 -999.000 -999.000 -999.000 -999.000 -999.000 -999.000 -999.000 -999.000 -999.000 -999.000 -999.000 -999.000 -999.000 -999.000 -999.000 -999.000 -999.000 -999.000 -999.000 -999.000 -999.000 265.870 263.325 -999.000 -999.000 -999.000 -999.000 -999.000 -999.000 -999.000 -999.000 -999.000 -999.000 -999.000 -999.000 -999.000 -999.000 -999.000 -999.000 -999.000 -999.000 -999.000 -999.000 -999.000 -999.000 -999.000 -999.000 -999.000 -999.000 -999.000 -999.000 268.828 270.998 272.500 273.652 278.647 282.872 282.875 277.728 275.415 272.710 269.070
