Source/.svn/pristine/80/80df1b047cc5a8a629d16d5e514d17aabd87b6dd.svn-base
ncols               386
nrows               229
xllcorner    479497.492
yllcorner     73502.967
cellsize       1000.000
NODATA_value -999
[rows 87 to 115 of 229, columns 264 to 329 of 386]
281.424 283.120 284.690 287.072 287.732 287.506 280.616 276.912 276.584 283.190 285.852 287.601 287.666 287.664 285.476 277.023 276.067 277.195 272.278 272.431 272.423 -999.000 -999.000 -999.000 -999.000 -999.000 -999.000 -999.000 -999.000 -999.000 -999.000 -999.000 -999.000 -999.000 -999.000 -999.000 -999.000 -999.000 -999.000 -999.000 -999.000 -999.000 -999.000 -999.000 -999.000 -999.000 -999.000 -999.000 -999.000 -999.000 -999.000 -999.000 -999.000 -999.000 -999.000 -999.000 -999.000 -999.000 -999.000 -999.000 -999.000 -999.000 -999.000 -999.000 -999.000 -999.000
277.453 280.382 282.783 283.841 286.545 287.618 287.353 284.433 284.303 287.244 287.587 287.618 287.652 287.635 284.792 278.468 274.927 273.538 272.726 270.181 270.146 269.033 270.185 -999.000 270.575 270.328 270.262 264.520 -999.000 -999.000 -999.000 -999.000 -999.000 -999.000 -999.000 -999.000 -999.000 -999.000 -999.000 -999.000 -999.000 -999.000 -999.000 -999.000 -999.000 -999.000 -999.000 -999.000 -999.000 -999.000 -999.000 -999.000 -999.000 -999.000 -999.000 -999.000 -999.000 -999.000 -999.000 -999.000 -999.000 -999.000 -999.000 -999.000 -999.000 -999.000
275.715 277.658 280.199 282.006 283.946 285.628 286.836 287.483 287.356 287.584 287.584 287.075 284.613 286.403 286.751 281.714 274.477 267.898 269.925 271.450 270.317 273.042 271.179 270.023 272.276 274.463 274.664 271.849 269.192 266.802 -999.000 -999.000 -999.000 -999.000 -999.000 -999.000 -999.000 -999.000 -999.000 -999.000 -999.000 -999.000 -999.000 -999.000 -999.000 -999.000 -999.000 -999.000 -999.000 -999.000 -999.000 -999.000 -999.000 -999.000 -999.000 -999.000 -999.000 -999.000 -999.000 -999.000 -999.000 -999.000 -999.000 -999.000 -999.000 -999.000
274.467 277.908 277.725 280.677 281.503 283.820 286.316 287.416 287.440 287.556 287.553 287.563 285.224 281.963 286.147 284.587 279.521 276.179 272.330 270.884 274.389 275.453 277.021 277.841 277.148 276.205 274.799 274.198 274.068 273.314 273.083 271.520 270.822 271.059 273.365 -999.000 -999.000 -999.000 -999.000 -999.000 -999.000 -999.000 -999.000 -999.000 -999.000 -999.000 -999.000 -999.000 -999.000 -999.000 -999.000 -999.000 -999.000 -999.000 -999.000 -999.000 -999.000 -999.000 -999.000 -999.000 -999.000 -999.000 -999.000 -999.000 -999.000 -999.000
274.972 275.009 276.034 278.535 283.749 281.739 284.129 286.766 287.467 287.506 287.526 287.521 287.504 287.484 284.422 285.125 283.697 279.795 274.975 272.316 273.503 273.143 275.439 277.249 280.491 278.129 277.915 276.349 273.329 271.462 270.279 269.556 271.643 272.211 274.831 271.376 266.579 -999.000 -999.000 -999.000 -999.000 -999.000 -999.000 -999.000 -999.000 -999.000 -999.000 -999.000 -999.000 -999.000 -999.000 -999.000 -999.000 -999.000 -999.000 -999.000 -999.000 -999.000 -999.000 -999.000 -999.000 -999.000 -999.000 -999.000 -999.000 -999.000
272.336 273.900 274.899 280.610 282.377 277.639 282.308 285.022 286.023 287.358 287.514 287.507 287.473 287.434 286.803 285.860 285.228 280.865 279.199 274.220 272.497 272.101 272.684 276.224 280.113 279.746 276.163 274.827 271.292 271.871 275.230 273.015 275.333 277.120 274.700 271.893 270.534 270.630 268.410 265.953 271.981 270.673 -999.000 -999.000 -999.000 -999.000 -999.000 -999.000 -999.000 -999.000 -999.000 -999.000 -999.000 -999.000 -999.000 -999.000 -999.000 -999.000 -999.000 -999.000 -999.000 -999.000 -999.000 -999.000 -999.000 -999.000
273.026 274.796 279.310 283.008 278.057 276.543 279.311 281.400 283.869 284.310 284.911 287.340 287.450 287.420 287.229 286.784 286.395 283.514 279.539 276.355 272.989 270.284 273.126 276.934 280.685 279.378 277.105 274.542 271.337 276.013 278.248 274.282 276.801 279.054 277.801 275.658 273.138 270.862 270.412 270.881 273.773 269.029 -999.000 -999.000 -999.000 -999.000 -999.000 -999.000 -999.000 -999.000 -999.000 -999.000 -999.000 -999.000 -999.000 -999.000 -999.000 -999.000 -999.000 -999.000 -999.000 -999.000 -999.000 -999.000 -999.000 -999.000
271.295 276.201 282.342 279.492 274.662 274.022 278.092 278.314 279.370 280.298 280.814 282.802 284.729 287.321 287.419 287.366 286.642 285.785 282.237 279.475 275.187 274.645 276.704 279.279 283.029 282.392 278.628 274.813 274.310 277.771 280.932 276.789 281.988 278.682 274.789 274.557 271.595 269.048 271.928 272.670 274.694 271.344 269.612 -999.000 -999.000 -999.000 -999.000 -999.000 -999.000 -999.000 -999.000 -999.000 -999.000 -999.000 -999.000 -999.000 -999.000 -999.000 -999.000 -999.000 -999.000 -999.000 -999.000 -999.000 -999.000 -999.000
276.412 280.761 281.268 278.555 274.594 269.741 274.859 279.569 275.797 276.816 278.139 281.103 284.248 285.460 287.298 287.337 287.357 286.872 285.694 282.501 278.992 279.276 279.761 281.439 284.496 280.039 280.179 278.964 277.720 279.771 279.160 280.362 281.345 278.728 276.281 276.435 273.266 269.592 271.489 275.655 273.339 273.550 269.572 -999.000 -999.000 -999.000 -999.000 -999.000 -999.000 -999.000 -999.000 -999.000 -999.000 -999.000 -999.000 -999.000 -999.000 -999.000 -999.000 -999.000 -999.000 -999.000 -999.000 -999.000 -999.000 -999.000
281.281 282.152 275.238 278.128 271.391 269.179 273.308 275.171 272.309 273.344 275.327 280.346 285.580 282.900 284.811 287.158 287.286 287.244 286.501 285.933 280.420 282.001 282.630 283.895 285.259 284.206 283.101 282.139 281.608 283.132 284.526 282.721 280.643 280.431 279.260 275.390 271.410 273.295 275.297 275.253 271.390 270.251 -999.000 -999.000 -999.000 -999.000 -999.000 -999.000 -999.000 -999.000 -999.000 -999.000 -999.000 -999.000 -999.000 -999.000 -999.000 -999.000 -999.000 -999.000 -999.000 -999.000 -999.000 -999.000 -999.000 -999.000
276.283 279.008 276.220 272.405 271.989 266.033 269.729 270.124 270.378 272.721 275.270 281.364 284.095 278.498 280.345 283.972 287.262 287.246 287.151 287.037 285.604 286.216 286.141 286.576 286.461 286.326 286.151 285.263 285.498 283.520 281.011 278.738 276.950 276.602 276.818 276.690 276.828 277.815 277.568 275.167 272.502 269.277 -999.000 -999.000 -999.000 -999.000 -999.000 -999.000 -999.000 -999.000 -999.000 -999.000 -999.000 -999.000 -999.000 -999.000 -999.000 -999.000 -999.000 -999.000 -999.000 -999.000 -999.000 -999.000 -999.000 -999.000
273.853 273.123 277.445 269.075 267.354 267.615 268.101 272.611 274.371 276.883 278.844 281.969 283.618 276.675 279.646 281.549 285.275 287.223 287.139 287.045 286.769 281.070 285.484 282.942 283.502 280.669 282.344 285.661 285.660 281.279 277.709 276.952 275.588 272.962 273.725 275.165 278.897 276.437 273.096 274.595 272.976 268.772 -999.000 -999.000 -999.000 -999.000 -999.000 -999.000 -999.000 -999.000 -999.000 -999.000 -999.000 -999.000 -999.000 -999.000 -999.000 -999.000 -999.000 -999.000 -999.000 -999.000 -999.000 -999.000 -999.000 -999.000
269.746 271.830 274.551 272.623 266.615 266.121 272.536 275.734 278.712 280.085 279.883 282.933 280.965 275.976 279.079 281.097 286.120 287.181 287.176 287.086 285.453 281.673 282.399 280.608 278.615 278.041 276.138 278.805 282.851 284.634 280.753 278.953 278.897 275.803 271.144 274.667 279.250 276.494 271.854 271.305 273.529 270.491 -999.000 -999.000 -999.000 -999.000 -999.000 -999.000 -999.000 -999.000 -999.000 -999.000 -999.000 -999.000 -999.000 -999.000 -999.000 -999.000 -999.000 -999.000 -999.000 -999.000 -999.000 -999.000 -999.000 -999.000
268.363 273.097 273.207 269.002 267.832 266.384 269.364 271.017 272.229 272.984 275.548 282.570 281.134 275.375 278.454 282.845 286.982 287.202 287.160 286.939 283.717 282.158 281.151 278.316 275.488 275.560 276.411 277.988 282.923 284.791 282.492 279.636 276.000 273.445 275.466 277.232 279.471 274.682 272.978 270.550 268.804 270.765 267.473 -999.000 -999.000 -999.000 -999.000 -999.000 -999.000 -999.000 -999.000 -999.000 -999.000 -999.000 -999.000 -999.000 -999.000 -999.000 -999.000 -999.000 -999.000 -999.000 -999.000 -999.000 -999.000 -999.000
269.045 268.925 268.276 266.634 268.456 268.541 267.855 269.847 272.216 269.759 275.806 282.485 280.219 275.482 279.139 282.561 287.009 287.150 286.916 285.761 281.427 280.027 282.176 277.881 275.151 274.650 276.930 280.844 284.930 285.430 282.389 277.512 277.164 277.450 278.035 281.252 277.481 272.042 269.676 270.176 266.413 266.321 266.132 269.146 -999.000 -999.000 -999.000 -999.000 -999.000 -999.000 -999.000 -999.000 -999.000 -999.000 -999.000 -999.000 -999.000 -999.000 -999.000 -999.000 -999.000 -999.000 -999.000 -999.000 -999.000 -999.000
272.099 272.124 271.317 269.909 266.077 272.484 267.747 268.104 272.559 274.946 278.929 282.463 274.707 276.757 280.452 283.763 287.061 287.135 286.588 285.248 281.216 277.824 280.733 277.700 275.816 275.958 278.179 282.884 282.506 284.519 284.759 281.818 280.533 280.123 281.974 279.177 276.769 274.222 272.902 270.980 269.513 267.726 268.678 270.101 270.543 -999.000 -999.000 -999.000 -999.000 -999.000 -999.000 -999.000 -999.000 -999.000 -999.000 -999.000 -999.000 -999.000 -999.000 -999.000 -999.000 -999.000 -999.000 -999.000 -999.000 -999.000
275.902 275.969 276.052 272.671 269.415 271.937 271.026 271.650 273.293 278.127 282.442 278.289 272.390 277.175 281.976 284.124 286.699 287.107 286.690 285.275 277.100 277.945 279.897 277.203 274.204 276.934 279.198 282.874 280.605 281.753 283.337 284.266 283.959 283.339 283.015 281.855 281.029 279.033 276.105 274.505 270.520 269.564 270.459 272.408 274.203 271.517 267.376 267.132 265.319 266.182 -999.000 -999.000 -999.000 -999.000 -999.000 -999.000 -999.000 -999.000 -999.000 -999.000 -999.000 -999.000 -999.000 -999.000 -999.000 -999.000
272.788 273.787 275.393 278.746 276.378 277.889 278.716 278.305 278.835 282.645 281.087 275.810 271.807 274.082 277.544 281.460 283.366 287.054 286.675 282.150 279.000 275.167 277.840 277.969 273.584 274.274 278.151 280.762 278.848 277.880 279.334 281.049 282.542 282.537 282.397 282.861 283.961 282.718 279.879 276.728 273.307 272.107 271.336 274.273 272.808 274.824 272.896 270.394 269.654 269.771 266.568 -999.000 -999.000 -999.000 -999.000 -999.000 -999.000 -999.000 -999.000 -999.000 -999.000 -999.000 -999.000 -999.000 -999.000 -999.000
268.085 269.074 269.764 273.361 273.225 273.544 276.858 277.110 282.441 281.031 273.473 267.714 270.497 274.294 277.031 281.524 284.911 286.952 286.253 282.183 279.118 274.123 275.023 278.189 274.503 273.838 275.720 278.674 278.903 274.555 276.065 277.826 281.521 276.985 278.251 279.401 281.126 282.181 282.818 280.988 277.426 275.042 273.967 276.918 270.377 270.389 271.522 271.677 271.025 271.622 267.684 267.038 267.552 265.529 -999.000 -999.000 -999.000 -999.000 -999.000 -999.000 -999.000 -999.000 -999.000 -999.000 -999.000 -999.000
263.242 260.359 263.193 263.279 265.274 270.877 272.014 278.222 282.004 276.164 268.687 267.971 271.850 273.558 278.371 283.338 286.937 286.571 285.908 283.611 278.382 275.515 273.284 276.988 274.318 271.353 272.733 277.464 278.621 272.514 272.563 276.007 278.167 274.808 275.050 276.699 277.661 279.111 280.552 282.738 282.021 279.613 278.885 276.619 271.692 268.481 268.905 267.521 267.024 270.534 269.470 266.477 268.367 262.557 263.360 -999.000 -999.000 -999.000 -999.000 -999.000 -999.000 -999.000 -999.000 -999.000 -999.000 -999.000
266.470 262.158 266.501 266.888 269.669 272.202 275.096 280.865 280.256 272.571 269.641 268.842 272.059 274.940 278.829 284.666 286.814 285.822 284.723 281.811 277.353 277.213 272.589 274.530 271.585 270.723 274.248 277.508 274.666 271.996 270.877 274.025 274.911 273.046 272.856 274.689 276.070 276.944 278.095 279.142 280.808 282.023 281.095 277.983 275.721 269.589 268.175 269.004 264.933 265.357 267.490 265.912 271.624 268.606 266.346 264.855 -999.000 -999.000 -999.000 -999.000 -999.000 -999.000 -999.000 -999.000 -999.000 -999.000
268.174 263.459 263.994 269.939 271.596 274.754 277.287 281.468 276.509 272.304 266.533 271.933 272.813 276.934 281.428 286.583 286.437 285.174 283.896 280.801 275.188 273.164 271.638 269.898 270.067 272.293 274.923 271.801 272.288 270.169 271.561 273.684 271.214 272.081 271.295 272.831 274.489 274.155 274.438 274.819 277.768 278.987 280.911 280.058 277.614 275.313 274.994 274.791 271.568 269.649 268.839 268.610 273.487 269.361 269.535 265.315 -999.000 -999.000 -999.000 -999.000 -999.000 -999.000 -999.000 -999.000 -999.000 -999.000
270.472 265.164 266.172 266.894 272.071 276.603 280.159 278.338 273.347 268.285 270.421 274.462 277.434 280.868 284.820 286.842 286.392 285.177 280.808 278.921 273.335 270.142 270.393 269.779 269.092 270.255 269.411 269.628 270.799 269.787 271.715 272.021 270.302 269.072 269.226 271.093 271.732 271.884 271.054 271.764 272.627 276.601 279.699 280.733 280.440 279.871 279.354 278.508 277.671 274.470 275.548 275.753 276.238 274.884 269.489 267.976 266.710 265.447 262.535 -999.000 -999.000 -999.000 -999.000 -999.000 -999.000 262.453
273.057 268.425 269.158 268.711 273.245 275.764 279.676 277.441 271.103 271.439 273.509 277.204 282.212 285.442 286.768 286.694 286.369 284.699 281.352 275.867 273.718 274.012 273.740 271.839 271.373 271.691 272.211 271.533 271.445 270.783 269.911 269.615 269.660 270.545 271.895 271.011 270.576 269.360 269.938 270.443 270.910 273.660 278.725 277.177 278.320 277.741 276.810 276.326 279.159 276.779 272.797 273.820 269.408 274.364 268.930 269.306 265.911 264.174 262.681 263.169 -999.000 264.408 261.833 262.338 263.743 265.053
276.550 272.854 270.717 271.298 275.835 279.242 278.356 279.445 273.716 278.355 281.460 283.684 286.674 286.767 286.696 286.574 285.722 280.869 275.763 276.750 277.987 279.432 273.965 276.315 274.177 274.627 274.966 273.956 273.006 271.996 270.023 270.956 272.895 273.430 270.540 270.037 269.299 267.096 269.749 273.124 274.720 276.957 277.407 273.774 273.012 272.560 270.517 269.592 276.608 275.282 269.294 269.843 268.567 268.865 268.675 264.495 264.123 264.995 263.123 263.519 264.052 266.849 267.506 264.459 267.034 267.115
279.717 279.139 274.286 273.854 274.700 277.928 284.157 282.622 282.877 284.095 285.963 286.667 286.679 286.419 285.912 283.770 285.241 282.790 280.244 280.747 280.536 280.787 279.920 279.491 278.019 277.246 276.903 276.836 275.960 273.100 272.487 272.611 274.895 270.139 268.126 266.662 264.991 267.475 268.578 273.357 276.006 276.420 275.396 275.636 271.354 267.718 267.542 269.467 273.311 274.867 268.841 267.073 266.346 266.080 264.709 266.274 265.946 263.087 264.924 264.103 262.892 268.711 268.200 264.175 265.488 269.454
282.444 282.581 279.266 279.254 278.882 281.884 284.950 285.319 286.441 286.474 286.579 286.561 285.902 283.330 280.034 279.091 282.769 286.030 284.754 284.779 285.077 284.659 283.511 282.525 281.550 280.450 280.086 279.266 278.541 276.097 274.295 274.680 272.768 269.781 268.943 269.178 267.380 267.587 267.798 271.810 276.367 276.190 273.083 270.624 273.465 270.297 266.240 268.416 269.410 273.420 271.590 268.254 270.204 270.111 270.205 268.625 266.351 265.493 269.534 262.807 264.096 267.571 270.032 268.530 265.615 266.369
283.721 284.235 283.477 283.804 284.740 285.353 286.184 285.766 286.356 286.417 285.941 285.397 282.382 281.085 274.379 277.347 281.100 282.859 280.486 280.117 279.742 280.554 282.239 281.580 280.943 280.042 279.714 278.370 279.219 279.100 278.707 277.227 274.968 273.549 272.058 270.077 269.535 268.690 270.718 274.841 277.018 274.574 270.723 270.497 268.961 269.719 268.219 265.036 265.882 269.617 273.532 272.456 266.245 263.937 264.922 264.830 263.126 267.142 271.548 268.062 264.164 264.265 271.688 269.037 266.768 263.842
283.009 283.698 285.130 285.569 285.489 285.770 286.324 285.015 286.132 283.933 280.672 279.613 279.266 276.165 274.687 278.257 281.694 280.751 276.392 275.820 276.822 277.522 279.257 279.124 277.117 275.685 275.204 273.490 274.278 278.967 275.666 273.199 272.929 272.335 269.931 266.730 269.008 271.757 273.302 276.348 276.534 276.298 275.509 274.239 271.563 268.624 267.174 266.302 266.361 270.067 272.973 271.804 270.528 267.840 265.989 266.090 265.443 265.242 271.076 269.498 265.591 266.556 270.606 270.868 266.454 267.692
