Source/meteoio/tools/pythonWrapper/input/surface-grids/Switzerland_1000m.asc
ncols         386
nrows         229
xllcorner     479500
yllcorner     73500
cellsize      1000
NODATA_value  -9999
[rows 96 to 127 of 229, columns 144 to 215 of 386]
709.25 738.9 850.07 922.5 969.19 1072.19 1145.95 1110.22 959.23 1188.02 1308.69 1258.57 1136.86 1214.23 1350.25 1241.68 1301.58 999.48 933.34 963.33 920.78 805.74 902.51 707.18 719.49 865.73 907.64 926.16 921.49 826.67 717.52 717.08 821.02 850.3 953.32 1002.86 1088.4 1000.6 1210.52 1142.56 1018.18 733.11 517.19 434 434.1 434 434 509.12 551.34 907.82 577.68 513.7 454.49 523.04 434 434 797 1055.72 805.24 577.87 1156.73 968.32 568.26 434 436.15 437.69 440.27 487.56 470.7 882.64 702.32 719.06
805.7 895.5 963.3 966.8 1015.1 1069.81 1120.9 997.5 1050.9 1176.41 1200.59 1201.8 1118.71 1180.9 1131.89 1168.91 959.2 1107.8 988.71 1060 940.79 840.2 881.49 718 787.69 946.3 947.21 1072.5 940 849.59 871.99 991.28 1041.89 1111.5 1303.7 1326.3 1021.39 1259.99 1354.59 1152.9 959.01 745.71 489.8 434 434 434 600.19 789.2 768.61 900.2 677.89 569.09 434 434 434 434 434 434 434 437.69 627.39 450.7 434 434 434 434 699.38 784.08 671.1 640.19 616.99 570.38
698.4 860.61 790.9 889.7 944.49 1052.9 968.91 1066 1141.4 1226.8 1068.8 1118.3 1041.41 1157.7 1011.9 1155.59 947.79 886.7 852.59 927.99 797.61 822.01 824.31 717.91 797.8 998.4 1010.11 1079.4 1104.01 833.3 980.81 1249.43 1221.1 1508.39 1450.3 1253.61 1140.11 1342.59 1748.29 1339.99 961.21 713.21 502.39 434 434 434 806.91 789.4 892.5 542.01 436.21 434 434 434 434 434 434 434 434 434 434 434 487.2 648.01 549.29 434 659.51 1154.72 1323 1352.91 1203.09 1070.09
673.59 689.4 830.49 915.19 968.6 932.1 988.51 1019.4 1227.5 1024.5 955.29 1008.2 928.6 1049.2 1035.81 1136.01 1138.79 982.81 939.31 782.39 945.09 835.7 689.49 806.6 831.09 934.4 1021.4 1102.01 1247.1 1026.91 1079.1 1320.05 1310.4 1492.21 1365.8 1220 1696.21 1854.81 1857.09 1544.31 1147.9 781.91 850.9 720.8 434 439.59 935.09 545.69 447.61 443.19 439.11 445.99 444.21 434 434 434 434 434 434 434 434 654.9 870.78 979.68 434 434 845.62 1576.99 1698.1 1335.59 1365.41 1438.8
671.4 824.81 863.4 780 989.2 846.99 989.6 998.49 1034.4 1063.4 926.29 952.9 902.41 1037.5 1083.79 1067.11 983.99 964.89 1006.09 982.69 840.9 699.2 802.61 900.99 840.9 821.29 851.5 1056.21 1098.11 1322.2 1260 1548.78 1775.09 1620.3 1696.49 1672.09 1750.91 1618.69 1739.11 1380.8 841.81 452.69 434 434 437.61 438.91 446.11 446.99 452.41 511.71 545.5 596.59 773.71 675.38 544.09 445.79 434 434 528.7 770.81 880.6 935.31 947.9 820.09 434 434 844.5 1536.7 1810.51 1651 1688.52 1668.31
638.91 837.5 812.4 917 795.2 964.8 900.99 939.4 979.71 1008.41 879.6 846.9 900.3 1018.7 1022.4 1031.3 1036.6 1071.2 944.21 811.51 711.01 757.5 951 1022.01 1143.4 1085.49 1027.61 1075.4 995.89 1158.1 1642.89 1616.63 1471.99 1338.81 1318.5 1207.49 1434.91 1359 1389.19 878.8 436.59 434 434 708.4 506.6 505.5 500.39 454.3 458.11 603.31 773.91 927.01 1374.11 836.49 733.1 857.11 838.6 833.99 778.82 892.99 942.59 1132.69 1040 874.01 434 434 460.71 884.1 1235.42 1344.9 1546.01 1520
647.1 803.9 734.1 793.6 809.9 871.1 806.7 983.8 891.61 914.1 885.5 1009.9 1103.7 1155.3 1105.1 1022.01 968.49 919 854.61 758.9 724.51 877.59 1077.01 1110.91 1219.5 1031.7 1141.91 1223.31 1088.91 1080.7 1491.11 1628.14 1526.09 1395.6 1360.69 1193.31 914.61 916.59 708.29 532.3 444.59 437.41 767.91 538.2 570.59 737.01 698.21 658.7 467.29 565.6 917.1 1514.7 1363.4 1135.79 1030.51 1223.51 1258.09 1299.79 1038.19 1436.4 1570.1 1868.9 1231.11 707.2 434 434 470.71 1005.29 1130.59 1015.98 1100.18 1273.09
666.4 659 670.1 708.29 788.99 743.81 856.4 1010.6 806.91 903.81 833.91 1061.4 1037.8 1102.3 1061.21 942.4 921.21 840.69 786.11 732.5 759.29 1069.29 1262.81 1420.49 1125.81 1152.9 1222.4 1538.49 1650.79 1079.8 1315.3 1519.06 1646.4 1578.71 1484.1 1294.81 979.11 677.99 569.41 476.1 447.41 647.21 552.6 525.49 867.99 1292.61 1263.29 1330.9 698.69 485.29 1004.19 1347.89 1492.49 1397.59 1274.3 1576.98 1516.61 1314.68 1000.9 1350.88 1559.89 1476.09 813.3 434.1 434 434 778.31 1404.01 1611.01 1465.39 1551.09 1712.61
711.8 824.51 794.11 765.2 699.1 740.69 839.5 977.2 825.3 937.5 986.2 1010.3 1192.4 1156.9 954.69 919 830.3 769.89 777.91 902.59 782.6 1202.39 1399.51 1260.81 1206.51 1188.2 1375.3 1377.39 1167.4 1265.5 1576.2 1550.92 1385.6 1338.3 1205.91 1032.09 903.8 754.21 556.39 499.99 454.3 597.51 579.4 664.41 1402.01 1706.49 1312.01 1117.4 644.7 505.32 685.3 1026.79 1561.11 1682.29 1296.5 1502.61 1685.09 1284.31 1304.8 1463.31 1939.69 1915.9 826.81 524.09 434 434 877.4 1242.61 1912.3 1982.68 1866.81 1933
797.9 842.71 878.9 917.7 778.4 709.6 719.4 734 921.3 786.2 1042.2 981.2 1041.41 1081.7 888.4 822.89 819.1 958.71 1036.09 951.99 800.4 1142.91 1339 1312.91 1381.8 1651.21 1320.3 1392.91 1268.5 1735.61 1476.8 1279.95 1345.61 1325.11 1354.51 1496.89 1192.3 746.9 559.69 475.4 550.8 590.81 643.79 786.09 1113 1390.51 1123.19 941.7 692 499.48 993.72 1128.7 1180.39 1461.69 1640.2 1776.4 2096.09 1797.81 1916.2 1608.41 1267.09 1200.61 1301.41 1018.49 438.81 434 434 892.18 996.59 1446.88 2028.29 2080.01
686.69 818.1 876.4 1050.1 939.6 838.3 798 908.5 739.6 758.4 1048.6 1125.5 1059.31 948 849.41 875.8 923.09 1103.29 1298.59 1261.81 857.31 1270.9 1242.71 1534.4 1810.4 1484.39 1743.9 1472.1 1403.99 1549.9 1375.69 1550.43 1642.7 1559.3 1531.09 1299.3 911.31 692.51 469.81 523.6 587.79 567.6 732.8 982.5 1209.3 1368.01 1204.19 1278.09 1042.91 511.71 1078.41 1532.29 1545.89 1662.6 1894.99 2016.7 2012.19 1722.18 1373.51 998.59 947.8 931.49 780.99 965.09 434 434 434 803.59 1255.2 1465.58 1699.91 1712.42
819.2 706.29 845.5 971.49 1030.61 964 835.1 933.3 1030.5 940.9 769.6 828.3 934.3 864.1 862.6 948.09 1129.59 1608.71 1389.89 1060 860.7 1076.19 1354.29 1776.2 1662.5 1778.8 1685.99 1488.81 1597.3 1418.49 1477.49 1622.46 1423.3 1335.81 1320.7 1071.4 850.2 600.3 468 528.49 566.3 639.1 787.19 1233.19 1452.11 1364 1494.8 1413.9 857.51 518.99 1189.31 1632.59 1779.99 1958.3 2237.79 1799.1 1624.81 1543.29 1196.4 1197.38 1453.49 1136.61 1532.61 1050.21 434 434 434 852.51 1444.5 1700.79 1772.49 1584
971.66 758.85 713.45 780.94 977.06 1009.63 937.21 1112.81 1134.95 946.54 815.09 914.88 795.1 931.03 942.68 1086.92 1421.62 1621.99 1254.1 1030.07 886.41 1103.59 1656.57 1560.56 1981.67 1820.68 1833.64 1511.67 1482.29 1543.3 1677.56 1395.05 1252.64 1126.76 1010.27 909.62 727.98 490.17 474.24 560.16 640.04 743.78 939.33 1299.95 1740.31 1561.67 1392.22 1073.09 529.41 818.5 798.11 1079.85 1374.16 1820.25 1937.54 1983.19 1672.85 1644.98 1375.69 1470.51 1725.21 1152.21 1554.62 1220.83 574.99 434.25 438.08 459.82 954.08 1474.9 1335.69 1090.28
1015.31 956.71 777.8 839.9 1070.79 1121.41 1095.61 1189.29 1156.9 1122.5 1015 908.6 799.61 958.4 1041.41 1282.81 1624.89 1533.61 1443.2 1191 919.3 1164.29 1553.8 1449.1 1811.59 1690.89 1745.71 1520.21 1315.41 1296.99 1408.09 1253.36 1123.69 1004.99 853.11 783.31 559.39 469 510.79 587.81 717.09 818.81 1039 1464.11 1847.59 1622.7 1435.81 888.12 613.7 995.39 1077.82 922.91 1200.52 1500.41 1648.6 2039.98 2042.29 1834.49 1228.82 1568.38 1662.5 1214.51 1721.92 1891.7 1006.71 456.41 440 445.62 462.9 844.18 740.41 736.6
1059.41 991.8 842 734.91 800.29 967.69 1004.6 1082.99 1185.91 1011.19 1030.91 867.09 817.89 936.49 1292.21 1520.6 1436.8 1364.1 1197.31 1027.2 898.01 1216.99 1519.59 1335 1448.89 1555 1698.19 1578.5 1634.19 1448.5 1116.11 1032.51 920.3 787.59 782.01 555.89 469 469 602.9 659.58 783.31 971.21 1408.69 1779.91 1972.1 1656.89 1285 677.8 689.42 927.19 1281.7 1189.8 1615.51 1944.49 2221.32 2035.38 1778.2 1488.21 1388.2 1869.88 1892.99 1612.01 2382.81 2064.88 1226.52 858.38 449.8 450.42 476.32 508.5 663.01 770.88
951.31 952.09 897.51 749.4 769.7 848.01 1080.11 1085.51 1280.81 1095.21 939.39 910.79 835.31 879.69 1185.2 1212.71 1183.29 1341.61 1322.71 1259.19 947.11 1027.71 1055.61 1279.49 1508.01 1607.6 1686.11 1554.7 1552.6 1358.3 1067.01 913.66 670.38 601.89 480.21 469 469 492.2 638.2 769.6 867.89 1322.92 1618.9 1557.49 1891.98 1691.31 994.12 578.09 832.29 1339.51 1818.89 1824.18 1687.72 1774.02 2187.21 2219.11 2242.81 2265.31 1677.41 2263.89 2608.6 2287.5 1965.89 1418.72 1119.29 1428.52 617.7 450.52 461.28 566.62 1101.9 1231
804.51 788.61 775.1 853.11 830.59 963.2 1076.6 1066.81 1098.31 1177.3 1050.6 903.09 961.31 1290.2 1245.7 1289.51 1267.8 1314.49 1562.71 1502.09 952.5 1089.29 1401.01 1341.91 1668.7 1535.5 1432.11 1526.61 1342.6 1170.6 990.9 701.62 540.88 495 469 469 517.49 617.31 777.09 1211.4 1006.89 855.6 1058.81 1386.49 1998.61 1396.88 954.6 597.5 1234.09 1642.71 2302.5 2432.7 2408.68 2296.98 2414.11 2663.28 2422.48 2471.41 2234.48 2355.01 2667.51 2563.32 1601.29 1388.8 1684.18 1315.99 734.7 459.28 454.42 711.8 925.01 1248.32
941.69 988.29 938.21 946.31 828.09 861.01 993.7 1178.29 1131.91 1175.61 1116.69 878.91 957.8 1483.9 1439.29 1297.5 1460.61 1694.99 1707.01 1350.7 970.41 1221.6 1680.09 1439.7 1561.99 1628.09 1359.2 1337.69 1136.51 955.1 731.81 553.43 491.2 475.52 469 535.59 747.29 872.21 1235.69 1377.18 1524.9 1115.68 958.81 1373.38 1699.31 1326.49 1075.09 632.92 1085.11 1654.4 1972.7 2063.59 2043.62 2003.99 2252.8 2284.51 2387.41 2700 2675.89 2495.11 2681.6 2607.59 1679.81 1783.31 1590.38 1472.1 1045.59 458.42 456.99 1099.28 1404.98 1288.4
957.6 1146.1 1046.51 1021.79 841.8 1014.5 943.89 1027.7 1241.3 1277.5 940.91 1057.89 1308.4 1284.9 1395.29 1473.71 1640.8 1847.09 1458.99 1256.89 1064.29 1427.29 1783.69 1586.61 1711.8 1544.2 1359.91 1125.09 1008.99 1015.81 682.41 546.26 498.8 480.51 542.3 838.92 1086.6 1208.8 1515.21 1902.78 1368.8 834.3 1069.31 1481.62 1865.39 1686.09 1821.89 715.19 1053.11 1413.01 1718.51 1747.51 1314.7 1885.21 2129.82 2336.88 2534.6 2484.39 1984.62 2181 2443.19 2075.88 1735.08 1461.38 1437.49 1207.1 925.92 596.42 459.61 1391.51 1998 2037.7
1053 1116.99 1116.01 1068.4 950.6 828.8 1012.5 1119.29 1096.49 983.19 1039.39 1328.09 1378.51 1288.61 1422.69 1597.49 1972.79 1647.41 1388.3 1266.19 1083.31 1369.21 1688.59 1844.4 1604.7 1404.39 1251.29 1323.91 1262.81 988.29 660.49 519.53 496.19 512.5 906.7 1176.69 1633.69 1606.31 1883.3 1690.71 1281.98 954.9 1336.4 1800.58 2136.38 2139.51 1752.2 897.99 1125 1310.7 1476.8 1379.69 1229.88 1800.89 2209.21 2471.5 2469.98 1942.18 1790.22 1946 2064.51 2296.2 1752.2 1968.1 2052.92 1847.79 1414.12 763.31 468.32 820 1576.58 2098.92
895.19 979.71 1040.8 1118.81 1122.8 1025.81 902.69 957.9 892.01 927.71 1219.89 1167.51 1191.79 1304.31 1420 1859.5 1838.39 1515.31 1373.31 1197.91 1252.19 1120.69 1233.11 1531.4 1692.89 1552.99 1450.41 1398.61 1302.79 1154.69 832 797.43 498.09 702.71 1317.29 863.61 1514.39 1929.19 1950.01 1415.51 1319.6 1051.21 1489.89 2086.89 1944.5 1661.29 1441.91 1253.19 990.99 1025.58 1015 1028.62 1474.4 2032.02 2073.72 2369.88 2362.79 2023.09 1746.59 2110.91 2356.72 2497.78 2548.08 2266.42 1600 1453.42 1081.38 732.08 472.42 616.89 1148.31 1591.29
932.3 980.9 1040.4 1044.01 1169.5 1128 1006.29 958.5 963.1 919.3 941.59 955.2 980.49 1039.29 1314.9 1930.11 1844.61 1465.1 1319.39 1373.91 1399.99 1344.81 1214.9 1249.71 1461.81 1499.19 1637.51 1784.11 1645.01 1310.09 1281.29 932.68 694.59 1183.51 1769.71 1126.71 1323.51 1698.01 1851.2 1799.8 1163.92 1111.29 1600.8 2120 2523.21 1860.88 1450.59 1271.7 1197.51 1230.71 1237.8 1020.89 1066.22 1528.8 1750.31 2343.51 2065.02 1612.7 2036.9 2652.42 2797.02 1915.49 1767.3 1515.59 1175.99 1027.1 1181.3 1244.42 889.5 478.98 712.99 1077.81
987.89 1044.59 1144.31 1249.4 1357.3 1276.89 1369.49 1264.4 1134.89 1165.89 1111.99 1066.81 1043.91 959.89 1072.69 1391.29 1359.79 1232.81 1339.61 1398.7 1549.31 1483.1 1380.79 1319.6 1289.21 1465.6 1649.71 2017.2 1574.79 1513.69 1269.39 689.07 763.2 1297.59 1644.9 1181.2 1152.82 1800.1 1772.69 1484.6 1088.09 1258.71 1614.58 1894.89 2152.1 2561.2 1923.42 1480.69 1798.39 1274.2 1358.29 1411.49 1247.69 1073.4 1578.09 1877.89 1675.89 1483.29 2459.49 3056.32 2255.01 1756.48 1895.01 1934.08 1918.9 1648.79 1982.1 1578.58 1142.69 557.48 551.01 1057.2
1029.8 1176.7 1258.59 1171.8 1374.09 1296 1233.8 1164.6 1282.8 1327.11 1340.41 1397.39 1267.71 1349.5 1342.3 1189.89 1193.6 1261.4 1481.31 1384.41 1555.2 1631.89 1764.31 1756.09 1678 1844.79 1899.49 2022.8 1800.5 1546.41 1110.91 689 908.42 1377.11 1850.6 1203.4 1657.49 1726.99 1979.1 1455.4 1378.41 1321.2 1793.51 2073.51 2404.21 2454.61 2571.82 1746.91 1714.58 1814.38 1814.52 2100.41 1713.82 1638.71 1176.31 1219.3 1315.62 1682.61 2278.98 2661.02 2615.32 2336.88 2134.19 2172.9 2278.8 2390.59 2327.31 1943.88 1288.02 784.11 514.59 1022.21
1077.83 1025.17 1020.27 1036.04 999.3 1044.31 1112.27 1225 1406.69 1713.01 1885.09 1938.97 1855.09 1699.95 1399.75 1118.5 1240.03 1521.16 1547.63 1615 2007.43 2022.48 2261.14 2068.05 2104.52 1993.27 2066.53 1780.01 1662.53 1246.95 722.46 702.95 914.18 1338.97 1703.69 1371.69 1949.53 1903.59 2102.19 1599.53 1738.76 1786.58 2034.56 2152.79 2110.09 2095.71 2263.02 2420.64 2182.39 1982.1 2096.5 2482.48 2594.28 1811.3 1718.52 1585.67 2209.85 2461.01 2742.21 2925.1 2781.53 2809.03 2933.55 2765.13 2375.91 2096.43 1760.83 2034.45 1826 1235.46 514.28 943.58
986.49 1019.4 1153.2 1120.51 1282.2 1157.3 1088.39 1227.9 1880.29 1855.29 1892.9 1813.6 1806.69 1525.11 1290.18 1202.29 1474.71 1622.71 1901.19 1835.62 1644.79 1618.81 1729.38 1655.89 1466.09 1540.01 1693.21 1742.21 1367.21 852.8 738.1 780.27 1248.78 1676 1636.38 1442.11 1840.68 2163.71 1819.31 1879.19 2002.61 2100.01 2016.99 1974.91 1854.2 1840.31 1875.7 1972.32 2141.11 2368.5 2355.31 2637.1 2996.49 2219.4 2349.72 2303.09 2499.19 2810.82 2750.18 2741.08 2957.78 2321.2 2471.62 2592.8 2469.39 2477.22 1854.68 1531.82 1379.1 969.72 549.21 814.42
1134.7 1206.61 1216.79 1333.4 1398.41 1229.1 1428.29 1231.31 1653.1 1576.69 1622.59 1624.39 1438.3 1442.4 1462.12 1299.71 1703.09 1924.69 1733 1419.01 1381.9 1211.3 1113.88 1206.89 1093.22 1174.18 1330.61 1645.3 1500.3 1241.69 907.31 949.08 1415.89 1878.49 1948.11 1959.21 1683.69 2246.28 2004.01 2041.98 1897.11 1950 2059.28 1840.8 1633.5 1929.99 2033.72 2259.1 2417 2736.08 2596.39 2531.71 2501.6 2719.3 2702.51 2819.18 2702.19 2283.08 2312.01 2370.91 2844.88 2289.72 2125.29 2687.18 2253.29 1852.91 1755.3 1422.42 1073.71 728.62 647.89 1097.58
1062.79 1286.9 1289.11 1378.1 1572.79 1474.79 1751.81 1541 1560.21 1359.49 1707 1595.9 1528.91 1411.7 1324.11 1540.92 1872.3 1439.48 1152.89 792.22 746.72 665.91 795.68 689.09 786.12 800.21 824.1 1135.61 1324.19 1120.1 949.59 1272.55 1388.31 1440.1 1571.41 1748.79 1936.6 2033.31 2043.5 2423.41 2030.88 2127.1 1829.71 1413.71 1936.89 2151.51 2501.21 2876.32 2589.08 1968.22 1786.82 1991.28 2453.7 2863.49 2259.02 2526.89 2236.32 1969.9 2040 2632.69 2541.81 2342.21 1759.71 1977.41 2225.08 1933.88 1812.02 1310.12 672.79 783.22 1231.79 1691.58
1276.61 1433.99 1297.9 1633.51 1644.4 1836.3 1779.29 1600.79 1341.89 1496.59 1790.4 1598.11 1517.61 1570.39 1584.49 1790 1376.19 944 586.4 564 564 564 564 596.32 652.68 648.71 699.29 712.39 1062.52 875.51 1008.71 955.34 1027.18 1171.52 1340.19 1488.51 1689.4 1684.8 1905.62 2113.62 2100.01 1814.71 1295.8 1798.39 2319.52 2295.11 1856.79 1885.81 1624.59 1583.58 1999.2 2385.51 2725.39 2681.09 2180.01 1949.3 2045.68 2183.51 1795.69 2111.91 2298.59 2394.52 2093.31 1842.59 1647.31 2127.2 1471.62 1075.12 642.11 1227.98 1653.61 2340.89
1329.99 1491.9 1478.5 1707.79 1632.5 1800.09 1554.8 1454.3 1140.71 1400.1 1504.81 1621.2 1586 1856.8 1661.72 1282 757.11 564 564 564 564 564 564 564.98 570.61 574 577.38 576.79 579.31 579.39 581.71 589.2 877.3 1011.6 1124.42 1283.8 1471.29 1902.7 2000.02 2159.81 1659.19 1231.19 1678.51 2115.09 1748.58 1460.89 1250.51 1317.29 1414 1693.21 2069.2 2458.88 2415.22 2484.49 2012.89 1936.61 1849.68 1665.78 1533.19 1732.1 1766.9 2018.21 2181.78 2284.31 1656.82 1643.58 1394.79 916.62 975.41 1517.01 2270.31 3048.42
1378.21 1671.69 1719.99 1326.39 1827.1 1774.71 1694.91 1586.41 1230.9 1164.39 1395.21 1392.51 1559.31 1901.39 1216.62 743.49 564 564 564 564 564 751.6 903.42 1104.79 757.82 744.98 750.5 710.31 707.2 852.4 587.5 587.14 589.69 643.98 879.51 1063.1 1360.28 1688.49 2120.6 1750.8 1210.48 1646.98 1624.01 1466.69 1453.99 1164.49 1511.32 1608.8 1567.71 1562.98 1818.71 1819.3 1930.01 2276.21 1894.99 2474.4 2359.09 2169.5 2019.98 1571.12 1376.48 1489.79 1626.89 2060.69 2079.39 1413.92 1007.22 855.91 1608.79 1449.4 2070.89 2601.78
1492.99 1735.11 1296.7 1523.01 1855.81 1719.5 1369.51 1342.19 1128.7 1089.1 1155.39 1518.4 1704.49 1200.8 719.6 564 564 564 564 750.1 1081.09 1115.61 1417.52 1435.19 1506 1600 1567.41 1307.5 1291.21 1336.51 1203.39 716.74 598.48 598.48 603.99 777.3 1077.49 1481.4 1476.18 1276.2 1270.2 1124.21 976.51 1055.79 1203.7 1670.99 1993.9 2199.31 2182.41 2121.69 2122.78 2078.62 1984.19 2425 2243.28 2504.92 3038.11 2746.82 2436.91 2380.01 2045.41 1464.5 1220.92 1324.4 1795.92 1364.7 772.41 1539.71 1944.62 1770.81 2117.5 2412.5
