Source/meteoio/tools/pythonWrapper/input/surface-grids/Switzerland_1000m.asc
ncols         386
nrows         229
xllcorner     479500
yllcorner     73500
cellsize      1000
NODATA_value  -9999
[rows 128 to 159 of 229, columns 0 to 71 of 386]
-9999 -9999 -9999 -9999 -9999 -9999 -9999 -9999 -9999 -9999 -9999 -9999 -9999 -9999 -9999 -9999 -9999 -9999 -9999 -9999 -9999 -9999 -9999 -9999 -9999 -9999 -9999 -9999 -9999 -9999 -9999 -9999 -9999 -9999 -9999 -9999 1244.7 1215.29 840.2 753 785.09 826.3 873.9 1087.1 944 793.9 698.3 636.1 585 522.3 540.61 459.8 440 439.9 447.1 510.6 568.1 601.2 572.5 610.4 663.3 685.2 643.2 548.4 566.1 606.1 730.2 738.4 787.2 797.1 708.4 788.6
-9999 -9999 -9999 -9999 -9999 -9999 -9999 -9999 -9999 -9999 -9999 -9999 -9999 -9999 -9999 -9999 -9999 -9999 -9999 -9999 -9999 -9999 -9999 -9999 -9999 -9999 -9999 -9999 -9999 -9999 -9999 -9999 -9999 -9999 1137.2 1095.88 1033.99 754.6 816.4 914.59 951.31 1120.9 1111.4 999.81 860.7 791.1 704.19 646.81 584.29 576.31 564.29 451.09 440.09 445.7 475.7 502.7 565.4 599.6 571.6 623.4 674.2 685.3 627.2 550.6 596 629.2 701.6 721.3 773.1 784.8 793.4 739.2
-9999 -9999 -9999 -9999 -9999 -9999 -9999 -9999 -9999 -9999 -9999 -9999 -9999 -9999 -9999 -9999 -9999 -9999 -9999 -9999 -9999 -9999 -9999 -9999 -9999 -9999 -9999 -9999 -9999 -9999 -9999 -9999 1163.8 1132.2 1161.9 1134.78 1052.09 902.69 1265 1155.1 1083.7 926.7 911.6 913.8 783.1 675.81 710.3 653.1 594.29 563.6 539.71 441.4 439.31 443.1 468.8 534.1 599.1 604.7 593.7 645.5 692.5 683.4 598.9 610.1 623.2 612.8 748.3 779.8 815.3 792.5 785.7 719
-9999 -9999 -9999 -9999 -9999 -9999 -9999 -9999 -9999 -9999 -9999 -9999 -9999 -9999 -9999 -9999 -9999 -9999 -9999 -9999 -9999 -9999 -9999 -9999 -9999 -9999 -9999 -9999 -9999 -9999 -9999 1181.7 1197.8 1187.9 1179.8 1138.34 1008.91 1414.81 1161.61 989.6 1020.31 1147 1165.2 1049.5 850.1 760.2 719.11 640.39 588.3 547.31 483.6 442.8 439.5 443.8 518.3 575.8 610.3 615.7 606.5 655.9 699 651.4 569.6 613.8 644.2 677.6 747.4 839.4 823.4 766.4 718.6 675.6
-9999 -9999 -9999 -9999 -9999 -9999 -9999 -9999 -9999 -9999 -9999 -9999 -9999 -9999 -9999 -9999 -9999 -9999 -9999 -9999 -9999 -9999 -9999 -9999 -9999 -9999 -9999 -9999 -9999 -9999 1230.75 1164.73 1164.85 1158.16 1089.32 1002 1102.49 1301.37 1109.08 1061.41 1134.85 1270.66 1213.67 923.83 801.67 737.79 680.79 604.76 577.2 521.51 486.73 447.4 439.71 462.33 564.17 535.16 619.6 623.9 630.34 671.9 671.18 609.68 629.65 645.81 632.21 719.3 765.62 832.77 845.6 770.62 771.15 628.17
-9999 -9999 -9999 -9999 -9999 -9999 -9999 -9999 -9999 -9999 -9999 -9999 -9999 -9999 -9999 -9999 -9999 -9999 -9999 -9999 -9999 -9999 -9999 -9999 -9999 -9999 -9999 -9999 -9999 1332.89 1242.6 1169.3 1104.9 1064.6 1010.19 1004.1 1098 1099.6 1075.9 1091.39 1255 1204.6 967.01 830.69 757.6 715.61 637.3 615.2 531.8 508.79 489.7 447.3 444.1 496.7 589.6 577.3 615.3 616.1 643.7 662.3 644.1 650.3 664.9 651.2 675.2 731.6 751 781 801.1 809.2 658.2 526.6
-9999 -9999 -9999 -9999 -9999 -9999 -9999 -9999 -9999 -9999 -9999 -9999 -9999 -9999 -9999 -9999 -9999 -9999 -9999 -9999 -9999 -9999 -9999 -9999 -9999 -9999 -9999 -9999 1399 1283.4 1144.69 1105.6 1076.8 1047.8 1004 1033.05 1102.2 1101 1103.4 1196.41 1195.9 976.91 860.79 771.1 716.3 669.2 607.4 571.2 535.69 498.7 525.1 531.71 505.31 518 596.6 590.2 614.9 612.2 638 652.8 628.3 642.9 675.4 663.9 715.5 763.2 763.5 735.2 730.8 588.4 584.01 543.6
-9999 -9999 -9999 -9999 -9999 -9999 -9999 -9999 -9999 -9999 -9999 -9999 -9999 -9999 -9999 -9999 -9999 -9999 -9999 -9999 -9999 -9999 -9999 -9999 -9999 -9999 -9999 1352.99 1295.3 1135 1112.1 1060.1 1070.51 1004 1004 1166.52 1259.99 1207.89 1174 1150.1 994.2 889.5 788.2 723.3 658.8 618.59 578 573.6 549.29 464.81 457.51 454.31 449.29 563.6 603.8 586.5 600.5 607 625.3 637.3 638.7 659.3 682.4 673.2 677.2 770.2 749.2 751.4 675.2 680.9 546.51 674.3
-9999 -9999 -9999 -9999 -9999 -9999 -9999 -9999 -9999 -9999 -9999 -9999 -9999 -9999 -9999 -9999 -9999 -9999 -9999 -9999 -9999 -9999 -9999 -9999 -9999 -9999 1345 1280.5 1177.2 1115 1069.5 1004 1004 1010.6 1229.7 1277.53 1325.69 1243.3 1059.71 1029.99 915.8 811.4 731.2 672.11 625.1 617.1 596.3 530 570.21 527.6 508.7 473.19 462.91 588.3 587.5 588.7 593.1 599.6 610.1 621.4 642.8 684.8 693.2 718.8 718.8 834.3 804.7 758.8 669.1 561.9 576.3 624.7
-9999 -9999 -9999 -9999 -9999 -9999 -9999 -9999 -9999 -9999 -9999 -9999 -9999 -9999 -9999 -9999 -9999 -9999 -9999 -9999 -9999 -9999 -9999 -9999 -9999 1365.7 1278.5 1209.4 1134.69 1062.7 1004 1004 1035.1 1288.91 1353.6 1395.68 1295.2 1368.49 1091.3 1010.61 853.7 752.41 680.3 639.9 615.49 600.4 548.4 560.7 576.29 557.6 502.69 441.2 533.99 569.2 580.2 580.4 590 598.1 624.9 639.9 665.3 698.3 709.6 768.8 789.4 859.3 835.9 749.6 678.1 678.2 625 688.99
-9999 -9999 -9999 -9999 -9999 -9999 -9999 -9999 -9999 -9999 -9999 -9999 -9999 -9999 -9999 -9999 -9999 -9999 -9999 -9999 -9999 -9999 -9999 -9999 1354.8 1299.6 1215.09 1139.6 1058.3 1004 1004 1057.29 1256.6 1346.01 1429.4 1382.02 1315.6 1387.71 1079.81 870.71 765.91 702.71 649.5 641.5 623.1 587.8 553.4 591.71 575.5 564.71 439.9 490.39 520.01 556.3 594.4 592.7 592.7 607.1 623.5 664.3 717.2 735.9 752.7 791.2 840.6 858.9 864 782.2 688.1 750.7 645.5 765.19
-9999 -9999 -9999 -9999 -9999 -9999 -9999 -9999 -9999 -9999 -9999 -9999 -9999 -9999 -9999 -9999 -9999 -9999 -9999 -9999 -9999 -9999 -9999 1347.7 1289.19 1199.6 1161.59 1084.5 1009.81 1005.5 1100.2 1270.2 1337.6 1393.6 1409.2 1433.81 1432.8 1190.91 979.19 776 700.6 665.09 652.1 631.49 620.7 600.6 558.8 603.89 583.59 488.59 489.31 501.8 501.61 551.7 605.4 589.6 594.8 606.8 649.1 649.5 725.4 747.7 813.5 817.9 852.5 889.4 866.6 773.3 724.3 754.8 665.19 767.9
-9999 -9999 -9999 -9999 -9999 -9999 -9999 -9999 -9999 -9999 -9999 -9999 -9999 -9999 -9999 -9999 -9999 -9999 -9999 -9999 -9999 -9999 1323.3 1280.4 1230.2 1150 1085.1 1011.3 1009 1105.1 1260.9 1328 1354.8 1421.8 1529.3 1531.71 1340.89 1048.39 841.19 726.8 667.71 660.1 646 635.6 590.1 574.99 566.7 601.7 570 549.89 429.69 493.2 515.3 568.2 607.3 589.4 605.2 621.1 688.4 715.8 722.6 774.9 835.7 823.8 853.4 890.8 842 775.2 702.1 708.6 700 739.49
-9999 -9999 -9999 -9999 -9999 -9999 -9999 -9999 -9999 -9999 -9999 -9999 -9999 -9999 -9999 -9999 -9999 -9999 -9999 -9999 1345.3 1320.3 1266.6 1190.9 1123.6 1066.7 1032.6 1015.9 1156.2 1296.2 1305.51 1320.5 1423.31 1570.7 1584.51 1460.07 1269.6 1110.99 760.19 698.41 670.69 659.81 664.4 632.59 612.3 590.29 568.5 559.4 539.8 536.7 459.6 470.09 503.6 585.2 603.1 590.7 608.6 647.9 686.9 721 742.8 778.8 793 834.1 886.1 874.6 839 761.6 711.5 742.1 719.8 716.11
-9999 -9999 -9999 -9999 -9999 -9999 -9999 -9999 -9999 -9999 -9999 -9999 -9999 -9999 -9999 -9999 -9999 -9999 -9999 1333.6 1283.7 1235.7 1227.5 1133.3 1099.3 1040.59 1021.7 1177.81 1346.7 1385.2 1322.79 1426.1 1524.01 1569.6 1473.61 1376.54 1288.31 996.6 719 696.2 669.1 679.8 675.11 626.01 607.01 597.31 554.91 548.69 538.6 501.8 417.8 449.7 506.29 578.8 590.1 581.4 606.2 656 685.2 699.7 749.5 762.9 770 868.4 894.8 914.9 864.4 776.2 738.6 717.5 744.69 689.1
-9999 -9999 -9999 -9999 -9999 -9999 -9999 -9999 -9999 -9999 -9999 -9999 -9999 -9999 -9999 -9999 -9999 -9999 -9999 1283.7 1254.8 1203.8 1218.1 1159.4 1041.6 1052.4 1135.5 1330.6 1390.7 1336.01 1386.21 1525.6 1528.1 1471 1481 1321.07 1105.4 797.21 704.8 684.91 664.8 670.91 676.79 620.3 599.71 580.59 560.41 529.5 489.31 457.51 424.31 470.69 480.59 542.1 578.9 576.9 604.1 652.3 665.1 717.1 798.9 840.5 798.1 860 876.8 899.4 875.1 781.6 791.1 729.9 769.41 700.31
-9999 -9999 -9999 -9999 -9999 -9999 -9999 -9999 -9999 -9999 -9999 -9999 -9999 -9999 -9999 -9999 -9999 -9999 -9999 -9999 1235.18 1220.6 1171.96 1037.24 1068.29 1237.07 1279.51 1331.68 1346.71 1358.93 1385.34 1501.93 1490.74 1430.06 1362.84 1118.39 808.25 716.26 686.23 683.6 680.46 659.26 677.31 620.6 582.3 559.15 554.07 497.99 500.3 451.82 404.91 470.72 476 506.78 541.94 544 593.94 639.45 699.69 731.14 811.35 825.32 853.66 866.75 849.9 880.52 823.12 822.51 805.6 760.34 732.76 693.69
-9999 -9999 -9999 -9999 -9999 -9999 -9999 -9999 -9999 -9999 -9999 -9999 -9999 -9999 -9999 -9999 -9999 -9999 -9999 -9999 -9999 1193.8 1035.51 1091.9 1171.7 1281.3 1331.9 1333.3 1352.31 1365.91 1468.4 1497.19 1334.19 1329.5 1078.7 813.52 732.5 694.59 689.1 700.3 699.1 680.6 681.2 617.8 577.7 536.5 542.71 483.59 479.3 462 405.7 429.91 473.1 480.2 507.3 537.3 590.4 624.1 684.6 748.6 770.1 817.2 849.2 872.6 851.9 846 879.5 846.1 794.4 799.6 739.5 662.89
-9999 -9999 -9999 -9999 -9999 -9999 -9999 -9999 -9999 -9999 -9999 -9999 -9999 -9999 -9999 -9999 -9999 -9999 -9999 -9999 -9999 -9999 1106 1271.21 1284.2 1355.69 1333 1315.71 1353.71 1419.3 1418.99 1312.5 1286.5 1074.7 829.09 746.54 709.39 694 707.4 710.3 667.91 676.8 642.7 620.8 551.8 515 495.2 527.6 491.21 438 464.4 391 434.81 433.8 459.2 504.4 580.7 620.7 657.7 757.7 725.5 802.6 821.7 830 838.7 885.3 858.4 831.5 758.9 780.5 706.91 663.19
-9999 -9999 -9999 -9999 -9999 -9999 -9999 -9999 -9999 -9999 -9999 -9999 -9999 -9999 -9999 -9999 -9999 -9999 -9999 -9999 -9999 -9999 1302.49 1340.69 1432.2 1396.81 1335.3 1341.51 1365.6 1328.9 1191.31 1158.7 1063.7 881.81 762 715.92 695.2 701.4 717.7 685.8 669 674.6 618.91 595.7 520.71 509.3 525 509.2 483.4 450 453.6 450.4 389.8 411.6 440.3 466.6 521 607.9 608.5 644.6 710.8 749.8 781.5 781.1 817.3 830.3 835.1 789 727.4 745.1 699.2 669.89
-9999 -9999 -9999 -9999 -9999 -9999 -9999 -9999 -9999 -9999 -9999 -9999 -9999 -9999 -9999 -9999 -9999 -9999 -9999 -9999 1078.3 1294.91 1365.69 1484.1 1438.8 1335.59 1324.4 1411.6 1296.91 1124.61 1085.11 1009.2 937.11 861.8 733.59 694.35 670.31 677.61 690.6 690.2 639.5 648.21 605.8 561.3 503.19 472.1 514.3 486.7 480.2 444.39 446.69 433.8 385.2 401.1 410.6 424.3 478.1 575 563.5 630.2 637 690.7 709 763.2 820.7 813.3 767.3 720.2 695.2 684.4 680.9 734.2
-9999 -9999 -9999 -9999 -9999 -9999 -9999 -9999 -9999 -9999 -9999 -9999 -9999 -9999 -9999 -9999 -9999 -9999 -9999 -9999 1272.29 1387.39 1450.2 1507.39 1340.59 1304.69 1427.9 1393.09 1313 1164.2 1033.31 1075.1 912.61 770.09 717.5 690.31 677.9 670.6 683.5 675.6 587.3 625.6 585.5 522 512.8 498.7 465.5 466.71 450.7 416.3 392 399 396.9 396.5 389.4 396 420.6 470.8 522.1 579.7 604.2 619.8 656.9 753.4 791.1 762 724.5 745.3 693.7 683.6 739.31 711.31
-9999 -9999 -9999 -9999 -9999 -9999 -9999 -9999 -9999 -9999 -9999 -9999 -9999 -9999 -9999 -9999 -9999 -9999 -9999 1239.6 1357.79 1435.61 1497.29 1376.2 1299.5 1333.61 1347.21 1354 1180.1 1008.6 854.41 938.8 800.7 752.1 711.51 680.86 644.2 646.5 599.9 635.6 586.3 532.5 523.7 490.6 504.5 468.1 429.71 410.6 382.4 372.1 393.2 397.91 399.2 388.1 372 372 380.1 417.5 444.6 493.7 489.7 525.9 582.4 586.8 700.2 716 719.8 730.3 745.7 674 675.9 695.49
-9999 -9999 -9999 -9999 -9999 -9999 -9999 -9999 -9999 -9999 -9999 -9999 -9999 -9999 -9999 -9999 -9999 -9999 1127 1376.81 1487.99 1479.7 1334.8 1293.99 1280.9 1364.9 1339.8 1145.8 1047.3 945.49 957.81 799.2 728.1 735.5 697.69 691.45 670.41 635 609.5 575.8 552.19 526.8 482.3 464.5 469.7 433.1 422.9 383.3 372 372 372 372 372.1 372 372 372 372 372 377 394.4 391.2 386.9 432.4 477.8 639.7 751.3 786.3 795.5 715.4 669.5 649.81 760.6
-9999 -9999 -9999 -9999 -9999 -9999 -9999 -9999 -9999 -9999 -9999 -9999 -9999 -9999 -9999 -9999 -9999 -9999 1321 1391.2 1479.9 1348.3 1287.39 1217.21 1264.71 1325.3 1182.01 1047.4 941.6 872.41 855.11 824.31 781.3 733.9 712.3 687.55 682.29 610.1 573.7 529.9 453.8 485.3 491.4 447.4 436.4 426.3 400.31 372 372 372 372 372 372 372 372 372 372 372 372 372 372 372 372 372 470.7 628.9 567.8 706.2 686 640.7 669.89 759.61
-9999 -9999 -9999 -9999 -9999 -9999 -9999 -9999 -9999 -9999 -9999 -9999 -9999 -9999 -9999 -9999 -9999 -9999 1504.2 1471.61 1379.2 1309.5 1298 1299.21 1163.09 1151.3 985.21 910.9 830.01 819.79 878.69 804.5 826.8 778.6 741 726.93 702.31 700 546.1 477 453.5 460 455.9 435.5 420.01 389.2 372 372 372 372 372 372 372 372 372 372 372 372 372 372 372 372 372 372 372 419.1 380 451.5 620.9 679 678.41 771.09
-9999 -9999 -9999 -9999 -9999 -9999 -9999 -9999 -9999 -9999 -9999 -9999 -9999 -9999 -9999 -9999 -9999 1260.71 1356.49 1480.09 1357.5 1299.3 1258.4 1138.09 1093.49 988.81 942.4 841.8 775.1 771.5 809.69 871.3 796.4 733.49 697.01 640.8 563.5 524 437.11 441.79 427.6 421.8 420.2 419.79 404.5 372 372 372 372 372 372 372 372 372 372 372 372 372 372 372 372 372 372 372 372 372 372 372 440.6 568.1 595 708.71
-9999 -9999 -9999 -9999 -9999 -9999 -9999 -9999 -9999 -9999 -9999 -9999 -9999 -9999 -9999 -9999 1204.69 1286.9 1322.21 1345.81 1338.39 1335.9 1255 1108.49 1038.89 935.49 764.61 769.39 723.39 731.8 768.69 758.5 697.59 582.59 528.4 458.64 425.5 418.3 399.8 416.5 399.7 402.2 384.7 372.1 372 372 372 372 372 372 372 372 372 372 372 372 372 372 372 372 372 372 372 372 372 372 372 372 372 372 372 398.01
-9999 -9999 -9999 -9999 -9999 -9999 -9999 -9999 -9999 -9999 -9999 -9999 -9999 -9999 -9999 -9999 1232.33 1259.27 1251.35 1285.51 1254.83 1307.91 1135.73 1071.95 1054.66 915.85 804.52 648.31 683.66 706.15 726.37 729.2 525.3 490.06 439.08 400.07 372.25 372 372 372 373.4 372 372 372 372 372 372 372 372 372 372 372 372 372 372 372 372 372 372 372 372 372 372 372 372 372 372 372 372 372 372 372
-9999 -9999 -9999 -9999 -9999 -9999 -9999 -9999 -9999 -9999 -9999 -9999 -9999 -9999 -9999 -9999 -9999 1220.69 1229.69 1186.01 1151.39 1120.39 1060.3 1033.09 960.01 772.39 691.2 640.09 595.99 662.01 652.69 485.21 451.6 442.09 413.8 379.58 372 372 372 372 372 372 372 372 372 372 372 372 372 372 372 372 372 372 372 372 372 372 372 372 372 372 372 372 372 372 372 372 372 372 372 372
-9999 -9999 -9999 -9999 -9999 -9999 -9999 -9999 -9999 -9999 -9999 -9999 -9999 -9999 -9999 -9999 1241.9 1347.7 1486.79 1256.1 1223.39 1166.61 1031.61 710.21 737.71 641.49 590.8 570.4 498.21 519.7 460.2 424.81 421.1 429.81 372 372 372 372 372 372 372 372 372 372 372 372 372 372 372 372 372 372 372 -9999 -9999 -9999 -9999 -9999 372 372 372 372 372 372 372 372 372 372 372 372 372 372
-9999 -9999 -9999 -9999 -9999 -9999 -9999 -9999 -9999 -9999 -9999 -9999 -9999 -9999 -9999 -9999 1445.31 1520.1 1473.11 1521.39 1331.41 1128.81 795.5 714.1 604.49 566.61 531.8 512.9 505.49 461.1 428.41 416.5 411.7 387.01 372 372 372 372 372 372 372 372 372 372 372 372 -9999 -9999 -9999 -9999 -9999 -9999 -9999 -9999 -9999 -9999 -9999 -9999 -9999 -9999 -9999 -9999 -9999 -9999 -9999 -9999 -9999 -9999 372 372 372 372
