Source/meteoio/tools/pythonWrapper/input/surface-grids/Switzerland_1000m.asc
ncols         386
nrows         229
xllcorner     479500
yllcorner     73500
cellsize      1000
NODATA_value  -9999
[rows 64 to 95 of 229, columns 72 to 143 of 386]
-9999 -9999 -9999 -9999 -9999 -9999 -9999 -9999 -9999 -9999 -9999 -9999 488.7 505.69 599.9 679 820.49 944.4 961.11 960.19 953 920.1 967.9 919.6 869.1 969.71 924.8 969.4 973.9 989.6 908.3 811.3 685.9 913.36 840.89 798.1 939.4 921.2 913.7 1111.1 1095.5 1105.5 1060.8 754.01 767.2 1004.8 1036.4 878.59 790.39 818.2 801.1 769.1 960.39 1050.1 1122.39 1130.3 1011.5 1050.19 808.2 533.1 527.91 607.8 646.3 663.7 753.31 915.6 1001.59 804.61 505 489.1 469.9 449.5
-9999 -9999 -9999 -9999 -9999 -9999 -9999 -9999 -9999 -9999 -9999 626.6 616.7 811.7 787.1 939.61 949.2 962.4 962.61 987.09 944.9 921.1 849.2 881.01 1014.5 945.1 988.39 1010.1 1025.5 1003.1 914.4 889.9 748.5 980.64 1038.31 1019.09 1130.5 1117.5 968.69 1051.21 914.1 879.11 693.4 687.1 589.4 622.61 604.7 595.9 614.6 642.4 722.21 949.9 1200.5 867.41 738.8 741.5 752.1 596.4 680.2 828 911.6 990.21 1043.1 1079.8 1165.8 943.8 911.79 693 464.7 458.9 454.4 449.9
-9999 -9999 -9999 -9999 -9999 -9999 -9999 -9999 -9999 -9999 -9999 511.4 866.7 885.09 902.1 913.8 960.8 987.9 957.8 945 927.69 919.7 929.8 974.7 984.09 975.4 1002.1 1005.01 1061.21 913.6 823.49 829 783.6 839.13 858.2 955.8 935.11 856.09 799.5 711.5 609.39 576.6 571.59 551 595.1 589.6 650.71 687.69 787.69 717.3 936.7 1153.1 797.7 774.7 688.2 725.4 765.6 872.2 1152.69 1008.6 1055.8 1066 1008.1 887.8 860.49 671.9 630.1 478.9 462.8 456.5 454.1 452.2
-9999 -9999 -9999 -9999 -9999 -9999 -9999 -9999 -9999 -9999 -9999 493.4 801 868.3 1006.3 1063.2 981.11 939.3 970.6 978.8 1040.11 993.5 1008.8 990.4 1048.6 1061.9 1047.8 1074.7 899.11 976 1032.5 991.1 1053.1 1137.92 1144.39 1280.7 1185.09 1160.31 1077.2 879.11 754.1 710.8 559.71 670.6 742.5 769.09 783.2 893.3 1092.5 875.71 719.61 785.5 752.9 870.2 981.29 956.3 1092.6 1015.4 822.6 724.8 828.31 797.6 788.6 712.21 649.1 573.5 498.79 463.69 459.6 458.5 455.8 454.1
-9999 -9999 -9999 -9999 -9999 -9999 -9999 -9999 -9999 -9999 -9999 -9999 724.5 869.1 945.5 975.2 953.4 965.79 1000.5 1001.9 1011.3 1014.91 1025.8 1008.7 1041.2 1030.1 1020.2 943.1 929.7 936.7 1046.29 1058.61 1105.7 1242.52 1247.59 1207.11 969.19 873.2 904.21 960.11 1010.9 639.4 972.39 1173.11 1219.49 1161.2 1170.3 1202.3 1085.41 870.4 810.31 1061.2 1022.61 1150.4 1248.8 1267.8 1150.3 688.9 630.39 610.7 689.79 595.7 587.4 547.1 490.4 474.9 470.1 466.7 462.9 459.9 464.4 476.2
-9999 -9999 -9999 -9999 -9999 -9999 -9999 -9999 -9999 -9999 -9999 -9999 747.4 968.3 996.8 973.1 980.3 980.8 1019.39 1015 1032.8 1012.29 1040.49 1024.3 1039.7 1069 1100 1126.7 1031.4 943.3 858.21 792.8 840.29 873.86 854.11 845.6 830.2 783.7 796.1 839.6 921.4 680.6 915.4 977 945.1 889.1 868.99 1051.21 1165.7 1270.21 1042 1169.9 1130.9 1194.01 1005.11 984.3 688.3 607.9 542.11 497 484.81 466.39 458.41 466 453.8 454.89 447.49 488.9 475.6 489 471.2 448.1
-9999 -9999 -9999 -9999 -9999 -9999 -9999 -9999 -9999 -9999 -9999 692.8 936.39 1069.69 1001.3 1011.5 995.9 1037.2 1002.59 1011.7 1005.7 1009.9 1019.6 1079.4 1137.9 1169.91 1122.4 1043.8 818.9 781.4 799.7 784.1 762.79 744.28 713.9 703.09 714.3 689.2 679.9 687.19 669.8 706.39 746.6 786.3 864.4 1093.99 1113.51 1257.21 1290.8 1257.7 1036.5 920.11 705.99 733.69 626.6 620.41 549.1 598.6 558.4 491.2 462.1 455.5 479 449.3 419.5 418.7 419.4 467.3 495 474.8 459.7 414.6
-9999 -9999 -9999 -9999 -9999 -9999 -9999 -9999 -9999 -9999 685.3 798.9 1018.8 972.1 967 1010.61 1036.7 1021.81 1012.49 987.09 1001 1050.9 1076.8 1026.29 908.9 871.9 920 869.99 837.8 792.6 795.6 745.2 775.7 806.52 799.79 799.3 776 798.1 824.7 825.81 866.71 1041.09 1145.4 1223.8 1387.99 1353.79 1199.8 1042.2 842.4 754.7 661.7 598.9 582.2 559.2 552.7 510.6 551 480.3 478.01 461.3 425 424.2 419.91 421.6 422.8 451.01 465.21 463.3 445.3 439 427.4 449.1
-9999 -9999 -9999 -9999 -9999 -9999 -9999 -9999 -9999 647.6 976.1 1000.77 978.6 975.31 1014.09 1069.66 1022.6 1002.06 985.36 1022.36 1012.46 968.2 899.59 897.88 946.51 989.83 1004.27 993.15 983.13 814.07 757.16 822.53 894.82 939.34 986.49 1128.1 1136.39 1197.92 1246.2 1185.62 1166.36 1234.36 1218.16 1216.15 1270.96 1072.33 946.3 765.05 664.54 609.96 570.18 552.55 535.47 514.89 492.1 509.74 457.27 453.2 445.37 427.85 427.6 424.85 424.55 433.75 430.92 472.54 488.35 459.39 449.95 449.6 454.9 510.39
-9999 -9999 -9999 -9999 -9999 -9999 -9999 -9999 766.4 989.7 997.1 983.21 1012.8 1097.8 1105.9 1034.2 996.5 990.01 1065.5 1054.9 1026.39 1005.2 1034.1 1060.01 1085.4 1093.8 1089.89 1019.8 971.5 921.31 927.61 1111.6 1138.21 1228.17 1275.29 1171.1 1213.5 1122.1 1145.6 1080.9 958 972.41 1093.4 1092.4 1011.79 741.3 653 580.8 523.6 531.19 478.3 463.3 438.1 442.3 443.2 446.7 439.3 429.4 430.1 431.2 433.1 433.1 438.9 462.5 468.7 479.9 479.9 460.9 450.2 458.9 470.6 474.8
-9999 -9999 -9999 -9999 -9999 -9999 576.8 822.81 987 1019.1 1019.7 1058.5 1144.9 1128.9 1023.7 1027.79 1028.61 1063.11 1098 1136.6 1184.2 1189.99 1158.01 1087.79 967.89 784.4 778.9 828.71 865.7 785.4 1078.2 1105.71 1126 891.95 918.4 805.3 740.6 873.3 1047.09 1105.29 1138.5 1106.81 879.4 666 580.11 531.7 532.9 481.01 452.4 448.7 432.2 428.5 428.5 428.8 428.4 428.9 436.1 433.4 434.2 435.3 437.2 436.9 460.7 463.9 471.3 469.6 464.7 457.3 461.6 474.3 482.6 500.2
-9999 -9999 -9999 -9999 -9999 -9999 806.79 940.3 1004 1035.1 1110.51 1129.1 1116.01 1041.5 1032.91 1051.2 1102.2 1180.4 1222.29 1250.51 1049.9 915.4 792.6 698.31 689.2 676.41 658.3 657.2 660.4 903.29 881.2 682.71 741.89 640.78 631.7 750.41 978.5 925.9 880.49 821.01 701.3 718.6 670.51 569.59 473.8 457.9 450.69 440.9 433.6 429.7 429.31 428.6 428.9 438.3 444.4 457.7 469.1 460.4 489.4 439.8 441.8 441.9 448.7 461.5 464.8 476.6 498.5 452.3 462.2 479.8 508.9 539.9
-9999 -9999 -9999 -9999 -9999 683.7 925.4 1002.9 1051.5 1072.39 1041.4 1038.61 1021.81 1049.99 1068.8 1187.1 1242.9 1227.29 1134.3 953.61 732 705.9 684.59 733.2 742.6 692.79 779.49 827.1 824 844.6 660.49 784.81 763.01 894.09 817.1 937.3 897.81 732.6 834.1 897.3 839.91 684.19 565.7 461.51 466.19 433.99 431.6 429.7 429.31 429.2 429.7 465.8 480.5 490.9 521.3 532.4 506 456.9 444.7 445.5 446.7 444.9 455.6 472.5 495.1 503.9 480.3 460.5 472.2 503.6 515.6 480.2
-9999 -9999 -9999 -9999 814.1 932.2 940.2 1032.6 1018.9 1019.4 1014.8 1004.9 1042.3 1076.9 1180.6 1210.49 1224.19 1048.8 867.8 709.49 703.71 749.09 806.2 1012.2 1111.2 1041.7 1118.9 1158.01 1195.41 940.11 873.9 968.21 1128 658.52 898.41 821.1 764.09 973.8 723.4 508.91 461.81 442.7 434.29 433.69 429.7 429.5 429.4 428.8 429.4 441.9 476.5 516 517.5 549 549.4 520.2 467.9 455.2 448.5 451.1 451.4 463.9 481.6 491.8 499.9 473.6 475.4 464.5 475.8 484.5 480.9 486.9
-9999 -9999 -9999 -9999 607.1 708 993.9 1015.2 1028.8 1034 1026.6 1048.5 1100.4 1184.3 1282.49 1164.8 927.71 829.39 719.6 763.5 832.1 1036.69 1197.51 1168.41 1147.7 1189.3 1235.01 1266.99 1281.81 1298.19 1124.29 1002.1 800 639.36 539.1 711.8 712.01 486.1 439 434.7 501 477.01 454.41 429.8 428.9 428.3 429.2 442.1 486.5 506.6 530.7 550.4 555.3 527.2 500.4 464.6 459.3 480.3 453.5 456 456 465.2 476.7 493.8 493.2 469.2 498.1 528.5 474.3 477.9 529.9 568.6
-9999 -9999 -9999 -9999 909.4 991.4 929.5 1025.4 1039.29 1051.3 1115 1162.4 1211.3 1207 1181.8 854.6 747.31 794.7 937.3 1069.7 1212.4 1216.7 1249.8 1328 1207.4 1239.4 1294.31 1232.1 1116.6 978.39 735.59 669.89 649 743.03 654.8 550.2 441.09 442.91 550.09 543.59 496.3 440.19 429.8 427.1 429.5 430.21 437.2 522.81 546.09 560.1 551.1 556.1 488.9 495.4 527.4 476.2 460.1 458.3 459.8 461 460 459.5 471.8 479.8 470 488.7 503.3 555.2 499.4 585.2 549.4 597.7
-9999 -9999 -9999 837.7 990.7 978.7 911.61 999.91 1053.1 1120.5 1182.59 1193.99 1161.6 971.9 790.19 777.9 813.79 996.7 1197.41 1329.3 1379.91 1451.3 1373.7 1284.2 1226.9 1201 1173.41 1085.2 1061.6 823 745.5 847.51 791.5 646.36 483 442.7 453.19 520.9 504.2 436.3 431.3 430.4 430 427 429.8 436.6 479.49 528.3 555.2 563.5 505.4 558.4 536.7 499.5 484.4 465.7 464.3 464.4 466 466.5 465.4 463.3 463.2 470.1 470 528.1 518.7 536.9 601.1 600.6 557.1 634.1
-9999 662.81 947.9 1027.31 994.89 995.3 982.5 1040.5 1098.9 1136.5 1144.9 896.8 807.19 801.11 951.8 1059.3 1147.7 1069.21 1428.91 1491.7 1559.6 1487.11 1262.7 1097.09 1063.5 1180.81 1300.9 1289.4 1062.79 851.9 966.3 876.8 656.71 449.51 437.69 460.7 446.5 439.51 447.7 433.9 429.8 429.7 431.3 437 458.41 493.9 494.99 544.7 557.3 559.3 589.9 567.7 575.2 551.3 464.7 466.5 468.2 470.1 475.1 471.2 477.7 469.5 505.6 518.5 547.1 545.2 584.7 513 509.5 628.9 664.4 662.9
680.09 1010 1060.81 1020.7 998.4 1034.7 1083.19 1061.7 1063.1 1068.3 845.01 876.2 1015.9 1087.9 1093 1108.8 1174 1415.21 1435.01 1536.79 1362.79 1194.09 1045.31 986.3 1276.61 1287.79 1178.2 912.69 1040.79 1063.3 910.1 546.4 429 432.25 438.31 447.29 459.39 463.8 432.2 431.1 430.5 429.91 509.51 528.3 480.11 491.7 508.91 558 583.9 599.5 635.21 623.7 592.2 476.4 464.7 469.4 474.4 474.4 476.8 479.7 475.9 480.2 494.9 562.2 586.4 585.5 503.3 630.4 602.1 640.2 735.4 626.8
1032 1088.79 1073.6 1025.2 1029.9 1036.2 1054.91 1082.61 948.1 869.5 993.1 1100.5 1122.5 1133.29 1130 1103.3 1274.7 1420.29 1421.51 1239.89 1091.8 1009.4 971.19 1041.31 1105.1 887.2 843.5 941.7 959.81 823.9 584.1 429 429.7 430.27 430.7 432.8 430.4 433.1 432.41 432.9 431.1 520.69 492.81 460.8 478.7 505.81 539.8 562.4 599.91 613.2 624.09 519.5 496.1 464.9 465 485.3 477.4 479.8 483.2 484.7 487.5 481.9 504 533.1 505.7 593.3 567.5 602.3 640.8 642.5 753.8 770.2
1149.06 1138.63 1010.99 992.07 1071.8 1068 1071.09 927.91 898.74 1083.03 1189.31 1217.79 1191.95 1183.27 1119.53 1026.66 1318.02 1336.55 1139.59 1018.86 914.55 873.07 902.76 888.5 814.67 786.89 835.54 864.9 696.19 531.07 429 429 434.5 493.44 486.55 448.38 490.13 500.01 435.35 433.85 433.5 435.25 443.2 457.88 484.82 540.12 597.55 609.56 601.15 579.41 470.3 468.85 469.15 497.15 482.42 484.3 483.45 485.7 488.3 489.05 489.75 489.89 523.26 528.94 515.24 555.22 560.07 692.41 727.67 721.84 754.57 734.8
1139.31 1033.51 992.4 1032.09 1129.09 1069.2 930.3 1042.8 1157.3 1140.4 1145.6 1150.5 1195.9 1041.1 939.81 1182.2 1299.2 1070.2 967.01 879.4 825.5 812.9 807.3 804.21 825.4 821.31 794.69 643.8 474.09 428.99 428.99 432.6 439.1 481.24 526.9 486.8 438.9 436.8 435.2 435.4 439.6 461.2 493.2 515.1 528.6 556.1 610.3 572.7 470.9 469.6 469.1 473.1 484.8 530 495.7 484.4 489.9 491.2 494.3 494.6 502.5 501.8 569.5 539.5 534.6 528.5 556.7 560.2 652.3 708.3 786.8 718.6
1036.7 1002.59 1048.5 1052.89 1130 985.19 1160.49 1224.59 1270.8 1214.4 1087.39 933.09 889.89 876.3 956 1218.8 1088.29 966.1 891.6 852.91 804.29 800.5 814.91 830.21 858.5 794.5 534.7 429.2 428.99 428.99 428.99 453.49 486.19 522.89 476 439.6 439 437.5 436 447.3 495.8 500.2 528.6 539 500 484.9 474.9 473.6 485.4 489.6 483.7 512.9 545.5 519.5 505.1 489.5 492.1 495.1 499.9 500.4 500.1 580.8 539.8 585.3 529.2 640.1 679 662.6 676.71 665.3 748.1 792.1
1014.41 1048.91 1036.81 1137.2 1157.09 1167.49 1332.4 1368.31 1375 1119.2 1032.8 1035.31 981.59 910.9 996.91 1276.21 1065.7 936.2 1009.39 855.9 790.79 792.19 881.01 845.3 800.8 475.81 428.99 428.99 428.99 428.99 428.99 491.19 533.41 518.83 449.6 439.7 439.6 438.9 439.4 504.6 489.8 523.7 503.8 503.5 476.7 475.8 486.5 500.9 540 530.2 542.1 523.1 570.2 532.9 502.7 493.9 494.9 500.1 505.3 506.4 506 508.8 554.7 549.4 548 637.9 681.8 686.7 675.29 775.81 768.2 758.61
1081.2 1092.59 1145.9 1124.7 1214.9 1322.3 1303.4 1212.21 1173 1084.6 966.7 897 847.81 811.21 1126.3 1214.5 1029.7 973.3 891.8 773.69 772.1 792.19 799.4 619.79 428.99 428.99 428.99 428.99 428.99 428.99 491.3 534.81 518.49 453.13 443.8 441.8 440 439.6 443.8 496.8 511.7 549 565.2 505.1 514.3 515.8 526 541.5 553.9 545.3 531.7 543.3 569.5 534.3 527 501.3 497.9 502.7 509.5 513.6 516.6 594.7 519.6 528.3 653.3 696.8 722.6 710.6 790 849.8 773.39 741.89
1138.2 1196.99 1104.41 1120.01 1299.6 1220.5 1169.7 1122.8 897.6 778 728.7 730.6 768.29 834.7 1215 1044.9 912.9 852.8 736.5 653.4 603 575.31 465.4 429.61 428.99 428.99 428.99 428.99 428.99 429.4 488.2 459.89 444.91 479.57 443.6 443.4 441.4 441.3 453.7 459.3 480.4 533.2 514.5 520.5 518.6 518.7 516.6 539.9 571 565.2 571.8 591 557.9 534.2 534.5 516.5 510.2 513.6 519.9 516.6 519.4 525 567.8 589 693.9 623.1 654 770.7 804.2 780.8 811.5 759.7
1223.1 1133 1088.1 1311.7 1313.4 1178 940.8 821.2 767.3 734.8 730.6 746.8 789.5 991.3 1106.59 936.21 854.6 686.91 559.2 461.69 439.7 428.99 428.99 428.99 428.99 428.99 428.99 428.99 430.71 454.51 438.89 455.21 450.8 443.15 444.9 445 444.9 446.3 470.4 498.5 495.2 493.9 509.8 519 518.8 529.1 536.2 547.9 564.1 575.8 600.8 571 544.9 540.5 527 509.8 511.6 524.3 526.9 544.5 539.7 536.2 537.9 652.1 593 634.9 743.4 789.4 739.1 749.2 837.7 774
1083.3 1044.9 1201 1367.6 1174.7 991 839.29 783.3 755.5 742.11 732.4 752.69 827.29 1135.81 983.9 725.2 627.91 450.1 432.19 431.9 430.1 428.99 428.99 428.99 428.99 428.99 428.99 429.69 466.61 439.21 454.8 440.2 441.01 444.04 446.9 446.2 455.3 467.7 533 500.8 504.8 511.4 506.8 518.6 521.4 545.3 564.4 583.6 616.6 566 569.8 554.7 553.3 529.4 514.6 514.9 513.3 527.1 531.1 565.4 567.6 582.6 543.7 621.2 589.4 690.8 793.4 772 736 774.5 780 789.61
1033.51 1170.79 1330.39 1268.09 1100.7 892.4 795.91 758.2 724.79 724.4 769.61 852.6 1042.59 1118.1 667.79 642.8 464.41 433.8 431.01 431.6 433.7 556.7 435.1 428.99 428.99 448.7 469 563.99 440.61 478.6 445.1 441.31 443.51 444.95 447.9 448.9 449.7 524.6 519.1 543.5 516.6 570.9 550.5 517 521.7 524.2 527.6 541.9 580.4 546.8 564.1 553.1 540.1 526.7 514.8 519.9 529.5 534.9 557.5 632.8 629.9 614.8 547.3 549.3 670.1 765.6 778.7 721.9 699.99 763.3 821.9 711.3
1042.8 1309.49 1332.6 1209.3 889.2 807.3 769.61 746.8 705.1 741.6 903.49 1141.11 1134.11 755.6 581.09 579.09 442.41 433.51 434.61 447.09 561.19 467.31 451.2 456.69 485.49 519.51 554.6 441.31 440.2 457.39 439.4 440.8 441.6 444.25 454.9 449.9 517.2 528.6 545.2 587.2 621.9 690.6 639.8 590.8 550.8 615 593.2 535 525.5 525.2 560.9 569.7 547.3 520.4 521.1 534.8 550.1 539.8 601.2 637 689.6 569.6 613.3 553.4 600.7 752.5 680.8 634.8 680.3 744.6 762.99 697.31
1295.31 1365.9 1208.61 972.1 840.4 788.3 751.9 730.01 693.41 907.09 1142 1009.31 760.91 598.49 508.3 435.39 475.11 433 438.59 562.8 481.7 455 444.99 513.7 579.99 536.61 448 439.99 475.6 438.4 439.29 440.2 439.8 484.61 499 458.6 524 532.5 632 635.2 749.9 708.7 670.2 650.7 619.3 674.4 644.6 610.5 573.1 550.8 537.6 521 527.2 523.2 525 555.9 609.1 584.1 648.9 654.1 639.8 655 672.8 559 566.6 656.2 630.6 703.6 780 774.8 652.6 674
1338 1289 1059.51 870.21 810.7 780.31 759.21 738 771.2 938.49 838.2 687.8 550.7 452.8 434.81 459.31 450.4 432.3 432.11 434.5 434.7 440.69 490.7 522.2 535.1 497.4 440.4 461.5 470.6 438.4 439 439.91 498.7 499.12 453.1 553.8 585.5 624.5 635.8 719.1 780.1 718.8 713.4 672.3 669.3 674.9 658.3 609.1 583.9 579.8 550.2 538 527.8 542.6 572.2 559.2 636.7 598 588.9 701.3 700.2 725.7 777.1 646.6 587.9 570.1 602 679.6 706.6 654.91 638 754.2
