Source/meteoio/tools/pythonWrapper/input/surface-grids/Switzerland_1000m.asc
ncols         386
nrows         229
xllcorner     479500
yllcorner     73500
cellsize      1000
NODATA_value  -9999
[rows 96 to 127 of 229, columns 288 to 359 of 386]
721.95 826.96 937.14 1033.15 1086.45 936.26 798.98 978.35 1184.82 1206.45 1323.02 1706.82 2101.55 1915.43 1717.83 1722.71 2105.72 2219 -9999 -9999 -9999 -9999 -9999 -9999 -9999 -9999 -9999 -9999 -9999 -9999 -9999 -9999 -9999 -9999 -9999 -9999 -9999 -9999 -9999 -9999 -9999 -9999 -9999 -9999 -9999 -9999 -9999 -9999 -9999 -9999 -9999 -9999 -9999 2577.81 2359.33 2305.22 2303.64 1914.71 1748.86 1625.93 -9999 -9999 -9999 -9999 -9999 -9999 -9999 -9999 -9999 -9999 -9999 -9999
603 617.11 635.2 723.89 701.38 897.91 1147.11 1372.88 1550.59 1585.71 1564.99 1578.3 1565.31 1468.2 1493.21 1731.48 1995.99 2315.8 -9999 -9999 -9999 -9999 -9999 -9999 -9999 -9999 -9999 -9999 -9999 -9999 -9999 -9999 -9999 -9999 -9999 -9999 -9999 -9999 -9999 -9999 -9999 -9999 -9999 -9999 -9999 -9999 -9999 -9999 -9999 -9999 -9999 -9999 -9999 2441 2318.08 2011.68 1822.09 1706.69 1766.58 1655.41 1533.9 -9999 -9999 -9999 -9999 -9999 -9999 -9999 -9999 -9999 -9999 -9999
895.99 1177.29 1012.19 684.59 685.39 1120 1474.19 1549.9 1685.62 1946.4 1871.5 1729.61 1360.7 1604.91 1936.3 1788.5 1949.39 2366.21 -9999 -9999 -9999 -9999 -9999 -9999 -9999 -9999 -9999 -9999 -9999 -9999 -9999 -9999 -9999 -9999 -9999 -9999 -9999 -9999 -9999 -9999 -9999 -9999 -9999 -9999 -9999 -9999 -9999 -9999 -9999 -9999 -9999 2713.99 2616.3 2676.82 2198.22 1780.69 1897.89 2165.12 1959.31 1808.61 1913.71 1689.3 1443.98 1415.09 -9999 -9999 -9999 -9999 -9999 -9999 -9999 -9999
1379.89 1437.51 1626.8 1363.49 963.7 787.91 1172.9 1351.91 1358.21 1665.3 2127.32 1779.19 1326.1 1599.6 2059.71 2114.6 1894.99 2196.39 -9999 -9999 -9999 -9999 -9999 -9999 -9999 -9999 -9999 -9999 -9999 -9999 -9999 -9999 -9999 -9999 -9999 -9999 -9999 -9999 -9999 -9999 -9999 -9999 -9999 -9999 -9999 -9999 -9999 -9999 -9999 -9999 -9999 2448.92 2184.9 2141.18 1887.19 2121.52 2465.29 2277.7 2108.2 2079.29 2518.29 2458.51 1951.3 1510.31 -9999 -9999 -9999 -9999 -9999 -9999 -9999 -9999
1689.6 1683.29 1599.82 1444.51 956.69 772.51 1000.91 1284.5 1645.29 1899.01 1699.69 1525.49 1304.49 1779.4 1948.8 2189.78 2363.29 2169.7 2496.19 -9999 -9999 -9999 -9999 -9999 -9999 -9999 -9999 -9999 -9999 -9999 -9999 -9999 -9999 -9999 -9999 -9999 -9999 -9999 -9999 -9999 -9999 -9999 -9999 -9999 -9999 -9999 -9999 -9999 -9999 -9999 -9999 -9999 2370.61 2063.5 2483.19 2208.71 2723.9 2235 2360.31 2477.51 2696.09 2818.3 2526.49 1577.99 1043.1 -9999 -9999 -9999 -9999 -9999 -9999 -9999
1723.09 1773.51 1548.6 1161.79 758.11 709.42 1011.29 1495 1530.21 1502.7 1445.62 1127.78 1501.9 2041.19 2276.09 2227.2 2600.48 2610.21 2629.39 2331.5 -9999 -9999 -9999 -9999 -9999 -9999 -9999 -9999 -9999 -9999 -9999 -9999 -9999 -9999 -9999 -9999 -9999 -9999 -9999 -9999 -9999 -9999 -9999 -9999 -9999 -9999 2446.8 2138.28 2420.91 2730.01 -9999 2965.31 2737.61 2259.48 2506.5 2277.7 2757.59 2226.89 2447.7 2760.6 2796.21 2507.4 2172.61 1581.1 1024.98 -9999 -9999 -9999 -9999 -9999 -9999 -9999
1657.3 1644.09 1425 960.01 998.28 799.8 776.8 1068.92 1196.9 1238.39 1055.9 1333.6 1572.71 1825.71 1957.11 2148.09 2294.01 2471.59 2377.88 2237.49 2194.2 -9999 -9999 -9999 -9999 -9999 -9999 -9999 -9999 -9999 -9999 -9999 -9999 -9999 -9999 -9999 -9999 -9999 -9999 -9999 -9999 -9999 -9999 -9999 -9999 -9999 2429.02 2224.11 2581.71 2661.19 2592.99 2356.39 2635.88 2633.3 2354.71 2406.49 2608.81 2320.59 2588.99 2734.71 2478.49 2210.79 1956.6 1363.82 -9999 -9999 -9999 -9999 -9999 -9999 -9999 -9999
1816.99 1547.51 1324.19 961.11 1186.61 1073.79 917.89 826.72 858.02 920.18 953.1 1068.79 1151.31 1349.69 1640.39 1799.51 2194.79 2290.09 2202.08 2009.71 1832.41 2098.9 2509.28 2533.81 2713.71 2628.49 -9999 -9999 -9999 -9999 -9999 -9999 -9999 -9999 -9999 -9999 -9999 -9999 -9999 -9999 -9999 -9999 -9999 -9999 -9999 -9999 2498.7 2278.71 2511.51 2522.52 2285.22 2394.31 2613.59 2947.1 2774.51 2627.81 2999.98 2640.19 2911.41 2698.09 2368.81 2121.91 1656.8 1346.9 -9999 -9999 -9999 -9999 -9999 -9999 -9999 -9999
1878.39 1811.01 1428.02 1170.32 1360.8 1457.49 1314.4 1145.49 998.52 999.91 1014.59 969.49 861.41 985.3 1267.21 1579.9 1919.41 2038.89 2115.82 1825.6 1971.21 1772.1 1963.4 2211.5 2285.08 2273.79 2591.1 -9999 -9999 -9999 -9999 -9999 -9999 -9999 -9999 -9999 -9999 -9999 -9999 -9999 -9999 -9999 -9999 -9999 -9999 2752.5 2520.72 2393.92 2538.11 2520.21 2379.19 2059.12 2469.01 2640.7 2604.9 2699.18 2930.49 2806.4 2477.39 2266.69 2095.51 1911.21 1523.32 1123.91 -9999 -9999 -9999 -9999 -9999 -9999 -9999 -9999
1787.51 1854.3 1668.79 1377.3 1355.49 1786.98 1638.38 1464.89 1099.92 1550 1425.5 1312.51 1142.59 1038.91 976.69 1158.71 1512.18 1748.89 1856 1564.4 2212.61 2211.92 2100.22 2085.21 2150.11 2091.22 2481.38 2545.42 2494.6 2694.99 -9999 -9999 -9999 -9999 -9999 -9999 -9999 -9999 -9999 -9999 -9999 -9999 -9999 -9999 -9999 2859.98 2627.81 2405.51 2760.8 2792.61 2506.42 2341.31 1982.5 2235.7 2368.1 2647.4 2761 2565.49 2206.48 1960.99 1773.91 1529.28 1159.3 -9999 -9999 -9999 -9999 -9999 -9999 -9999 -9999 -9999
1805.9 2100.41 1964.69 1497.19 1383.61 1989.29 1985.3 1645.29 1432.3 1765.81 1742.81 1580.49 1486.09 1343.4 1201.61 986 1057.81 1296.92 1369.7 1594.7 2083.19 2401.61 2360.1 2497.51 2547.08 2199.79 2305.31 2601.73 2414.69 2989.99 2910.4 -9999 -9999 -9999 -9999 -9999 -9999 -9999 -9999 -9999 -9999 -9999 -9999 -9999 -9999 -9999 2681.71 2721.9 2821.79 2376.8 2195.51 2387.61 1934.2 1972.78 2289.68 2508.61 2560.51 2200.29 2180 1844.42 1576.09 1396.69 1042.18 -9999 -9999 -9999 -9999 -9999 -9999 -9999 -9999 -9999
2076.61 2162.91 1814.8 1493.01 1775.4 2040.7 2152.49 1841.82 1754.99 1940.69 1960.41 1779.92 1644.11 1558.5 1445.41 1342.6 1178.51 1058.99 1151.69 1460.49 1685 2292.69 2433.2 2351.51 2754.99 2713.19 2502.2 2658.49 2093.01 2391.8 2615.52 2763 -9999 -9999 -9999 -9999 -9999 -9999 -9999 -9999 -9999 -9999 -9999 -9999 -9999 2981.22 2841.89 2737.61 2514.49 2128.61 2047.41 1917.39 1810.18 1776.89 2096.02 2476.81 2648.49 2062.92 1862.08 1631.28 1344.2 1059.3 1376.78 1765.1 -9999 -9999 -9999 -9999 -9999 -9999 -9999 -9999
2226.9 2007.49 1748.14 2058.29 2011.08 2221.89 2085.04 1875.83 2121.4 2036.54 2115.37 1964.29 1801.14 1835.17 1808.09 1771.35 1480.19 1360.4 1170.6 1255.79 1498.44 1726.83 1758.98 1779.47 2098.87 2289.18 2369.47 2392.26 1909.27 2317.82 2300.48 2718.16 -9999 -9999 -9999 -9999 -9999 -9999 -9999 -9999 -9999 -9999 2987.32 3107.68 2715.76 2818.65 2837.21 2882.03 2597.71 2273.88 2517.49 2302.01 2218.69 1723.8 2243.77 2481.4 2340.81 1969.16 1547.93 1360.18 1059.79 1429.77 1750.59 2022.29 -9999 -9999 -9999 -9999 -9999 -9999 -9999 -9999
2323.58 2209.39 2294 2273.51 2158.69 2259.9 2069.99 2040.71 2212.02 2334.82 2320.69 2136.89 2074.59 2060.61 2143.79 2074.49 1989.92 1597.41 1291.42 1189.9 1219.61 1276.51 1328.21 1412.4 1495.61 1812.79 1706.19 1685.89 1637.8 1771.71 2305.78 2455.3 2580.39 2705.21 2993.21 -9999 -9999 -9999 -9999 -9999 -9999 2999.19 2879.32 2550.52 2586.29 2337.01 2666.19 2781.81 2478.89 2735.79 2795.1 2344.4 1820.5 1482.79 1852.49 1997.61 1952.29 1781.41 1591.09 1212 1205.01 1754.91 2031.72 2716.69 -9999 -9999 -9999 -9999 -9999 -9999 -9999 -9999
2097.71 2067.3 2016.89 2085.09 2094.8 2161.39 2248.81 2279.2 2275.91 2189.4 2056.79 2145.41 2189.51 2311.1 2254.89 2205.9 2160.69 1889.39 1388.8 1542.89 1430.51 1488.49 1581.2 1629.59 1349.4 1585.21 1979.59 1878.32 2315.01 1824.1 2361.9 2324.39 2660.21 2831.89 2979.31 2930.69 -9999 2807.2 3061.89 3011.49 2872 2742 2553.49 2237.9 2312.92 2537.81 2617.99 2704.72 2763.7 2787.61 2440.12 2674.7 2303.9 1625.61 1429.11 1545.01 1660.8 1514.99 1539 1102.22 1397.5 2131.72 2312.6 -9999 -9999 -9999 -9999 -9999 -9999 -9999 -9999 -9999
1820.2 1776.69 1744.19 1845.29 1940.41 2041.51 2237.98 2146.69 1955.91 1904.08 2191.28 2242.31 2316.5 2535.78 2274.21 1941.11 1784.19 1563.79 1520.2 1880.81 1957.1 2002.59 2205.49 2297.5 1603.19 1734.6 2327.58 2273.18 2399.3 2369.5 2388 2801.52 2838.01 2751.19 2936.08 2896.51 2843.29 2565.9 2500.48 2801.8 2546.5 2538.1 2531.8 2166.62 2722.41 2560.8 2872.78 2463.6 2549.9 2539.11 2369.49 2220.51 2155.52 2081.41 1879.98 1473.61 1175.41 1143.8 1087.8 1320.59 1858.29 2357.4 2739.99 -9999 -9999 -9999 -9999 -9999 -9999 -9999 -9999 -9999
1439.8 1517.41 1552.5 1560.19 1648.09 1932.31 1994.21 1983.08 1758.09 2230.21 2430.72 2576.9 2743.51 2498.8 2390.81 1918.81 1657.71 1617.81 1720.21 1697.49 2122.4 2483.2 2501.31 2311.19 1930.92 1777.01 2373.69 2548.61 2620.32 2646.31 2781.6 2626.18 2658.19 2940.72 2758.4 2839.2 2958.6 2381.99 2432.1 2830.19 2699.78 2306.69 2319.29 2114.01 2696.2 2881.71 2883.89 2449.01 2226 2225.4 2142.51 1984.39 1802.61 1674.69 1534.88 1320.8 1112.9 1402.5 1680.49 1672.4 1996.41 2304.88 2545.09 -9999 -9999 -9999 -9999 -9999 -9999 -9999 -9999 -9999
1090.18 1200.22 1237.38 1319.7 1392.61 1635.8 1815.39 1778.4 1969 2265.99 2350.11 2328.19 2507.51 2488.19 2468.59 2072.71 1622.7 1641.41 1950.3 2194.81 1914.58 2229.09 2631.51 2416.61 2318.5 1921.61 2102.7 2432.78 2239.39 2248.18 2238.3 2394.19 2618.8 2703.19 2302.49 2967.91 2839.78 2495.2 2251.01 2399.3 2687.51 2612.39 2388.8 1954.28 2295.61 2549.69 2648.51 2380.01 2177.7 1854.29 1849.89 1695.5 1550.49 1396.59 1270.5 1113.01 1335.92 1815.79 2219 2096.39 1888.32 2272.19 2644.6 -9999 -9999 -9999 -9999 -9999 -9999 -9999 -9999 -9999
1150.29 1240.7 1274.29 1408.51 1325.61 1338.59 1378.71 1526.49 1751.41 1893.11 2042.08 2239.51 2294.51 2379.5 2180.1 1773.2 1559 1802.3 2184.9 2208.5 2361.71 2287.71 2437.01 2752.78 2669.38 2299.59 1911.88 2018.08 2632.59 2860.49 2762.31 2770.71 2938.8 2540.49 2103.51 2448.1 2833.48 2822.91 2087.4 2349.3 2573.51 2862.81 2449.11 1869.21 2210.5 2326.89 2175.48 2159.21 2062.61 1776.98 1415.4 1436.7 1233.3 1146.19 1221.32 1537.8 1356.09 1843.21 2272.51 2873.8 2313.81 2475.09 -9999 -9999 -9999 -9999 -9999 -9999 -9999 -9999 -9999 -9999
1529.08 1672.09 1720.89 1891.68 1814.91 1351.79 1679.89 1925.49 1953.5 2013.61 2252.98 2571.31 2347.09 2076.3 1924.82 1624.6 1607.7 1632.48 1712.01 1839.1 2105.31 2397.51 2542.01 2629 2623.51 2256.7 1968.69 2083.96 2209.7 2475.11 2657.61 2646.78 2709.99 2729.11 2150.8 2306.29 2692.51 2596.31 2194.71 2168.21 2604.79 2481.8 2499.62 1834.71 2040.99 1919.99 1829.12 1780.01 1753.61 1502.02 1306.91 1209.4 1234.6 1373 1676.09 1846.2 2084.3 1520.01 2245.51 2774.29 2613 -9999 -9999 -9999 -9999 -9999 -9999 -9999 -9999 -9999 -9999 -9999
2117.59 2140.38 2087.28 2022.29 1862.51 1384.8 1780.59 1897.41 2093.48 2260.6 2308.01 2299.4 2130.19 1898.98 1633.09 1545.49 1607.1 1873.31 2159.99 2170.41 1819.21 2145.91 2364.41 2654.99 2791.2 2516.59 2116.4 2543.22 2439.41 2349.99 2587.7 2571.01 2659.82 3001.39 2493.39 2119.99 2671.69 2660 2039.91 2082.52 2309.51 2162.31 2200.61 2026.29 1881.12 1733.11 1642.59 1504.62 1332.51 1202.19 1190.59 1417.68 1486.58 1620.59 2090.8 2304.11 1973.98 1558.09 1794.1 2113.02 2781.49 -9999 -9999 -9999 -9999 -9999 -9999 -9999 -9999 -9999 -9999 -9999
2431.79 2373.11 2137.28 1895.19 1695.8 1457.49 1923.82 2064.3 2383.61 2540.19 2582.2 2343.41 2102.01 1714.2 1539.2 1876.49 1909.22 1591.4 1991.89 2405.62 2231.89 1898.41 2190.71 2374.7 2682.6 2499.31 2426.71 2870.51 2294.6 2608.01 2800.5 2526.3 2401.9 2738.49 2568.29 1815.41 2369.21 2183.99 1966.01 1876.3 1870.29 1849.3 1844.7 1750.21 1626.72 1400.6 1419.41 1296.9 1450.41 1528.59 1415.78 1589.3 1709.49 2220.3 2183.99 2548.5 1970.12 2092.8 1812.49 1805.49 2299.4 2705.31 -9999 -9999 -9999 -9999 -9999 -9999 -9999 -9999 -9999 -9999
2399.11 2171.31 1986.98 1767.61 1651.19 1728.29 2018.1 2244.8 2535.88 2417.39 2402.5 2248.6 2046.79 1556.61 1663.3 2030.2 2421.69 2019.59 1657.62 2124.6 2449.91 2331.59 2023.69 2363.3 2608.41 2488.98 2540.2 2666 2317.91 2625.89 2653.19 2698.7 2286.99 2119.52 2150.4 2111.52 1788.4 1630.19 1548.92 1604.81 1585.52 1472.6 1446.1 1436.79 1446.21 1369.91 1404.82 1474.81 1592.71 1698.1 1378.7 1999.08 2316.8 2319.89 3022.19 3010.69 2048.51 2129.29 2566.28 2005.59 2262.59 2723.8 -9999 -9999 -9999 -9999 -9999 -9999 -9999 -9999 -9999 -9999
2193.41 2005.18 1833.8 1713.99 1625.51 1951.61 2525.09 2544.89 2628.3 2344.3 2113.41 1997.7 1756.49 1540.89 1909.79 2149.19 2534.9 2285.3 1855.39 1858.29 2371.4 2582.9 2281.1 2178.61 2515.2 2719.49 2733.59 2477.28 2339.2 2180.41 2439.01 2580.39 2777.3 2309.69 1638.19 1645 1408.41 1399.11 1467.1 1468.69 1547.69 1512.71 1612.42 1601.3 1490.59 1689.7 1758.28 1679.89 1762.61 2145.01 1726.29 1826.2 2487.19 2780.02 2797.42 2920.1 2823.99 2619.4 2605.2 2461.91 2484.59 2587.41 -9999 -9999 -9999 -9999 -9999 -9999 -9999 -9999 -9999 -9999
2148.02 1940.19 1957.92 1919.69 1777.13 2590.45 2314.69 2687.8 2278.02 2278.9 2137.57 1735.61 1519.79 1662.5 1661.69 2017.26 2349.24 2598.03 2220.79 1771.5 2051.99 2516.26 2436.56 2273.22 2569.26 3050.73 2620.87 2875.68 2625.6 2263.11 2192.66 2173.61 2201.03 1971.36 1571.06 1522.36 1562.66 1837.88 1863.06 2082.69 1839.57 2219.56 1944.19 1744.27 2098.1 2078.26 1652.08 2032.35 2020.1 2771.18 2063.58 1890.15 2412.74 2585.42 2897.01 2879.16 2823.44 2778.44 2696.97 2342.14 2375.55 -9999 -9999 -9999 -9999 -9999 -9999 -9999 -9999 -9999 -9999 -9999
2178.3 2136 2423.41 1758.98 2040.09 2269.6 2484.9 2471.38 2418.61 2160.39 1756.91 1556.9 1610.11 1954.8 1893.2 1761.79 2135.89 2416.39 2290.2 2237.29 1813.5 2252.61 2596.2 2398.78 2529.39 2838.61 2420.39 2518.82 2067.11 1838.91 2007.81 1782.8 1624.01 1533.39 1472.39 1820.49 2195.6 2431 2066.21 2615.21 2093.79 2444.59 2349.2 1816.3 2399.61 1996.39 2096.6 2341.21 2453.89 3124.6 2112.11 1740.4 2069.7 2628.79 2868.19 2787.8 2980.11 2891.59 2720.9 2628.91 -9999 -9999 -9999 -9999 -9999 -9999 -9999 -9999 -9999 -9999 -9999 -9999
2246.89 2473.91 2022.29 2233.42 2326.62 2269.3 2495.3 2255.9 1974.39 1882.21 1696.41 1472.29 1792.49 2078.21 2097.91 1721.99 2055.51 2390 2461.01 2645.38 2057.01 2009.8 2479.3 2894.49 2545.71 2313.61 2202.9 1972.26 2261.9 2444 2749.79 2561.21 2433.11 2016.51 1438.39 1911.6 2472.41 2641.69 2257.21 2807.01 2316.81 2723.9 2349.61 2182.59 2594.6 2135.4 2271.6 2836.89 3020.8 3005.59 2236.09 1627.09 2181.6 2491.11 2424.19 2192.41 2634.21 2904.99 3010.2 -9999 -9999 -9999 -9999 -9999 -9999 -9999 -9999 -9999 -9999 -9999 -9999 -9999
2583.41 2364.12 2045 2503.32 2688.51 2719.79 2361.81 2329.11 2340.61 2089.2 1743.5 1529.29 1877.79 2215.09 2361.51 1989.19 1901.89 2251.21 2693.19 2328.31 2298.2 1939.6 2387.18 2868.79 2702.51 2534.51 2495.99 2106.87 2614.69 2617.79 2783.09 2647.69 2392.2 1817.09 1449.4 1970.09 2487.11 2722.29 2656.6 2675.81 2751.4 2825.11 2327.8 2301.79 2725.51 2526.11 2023.41 2582.5 2895.9 2656.71 2015.4 1697 1890.61 2247.71 2041.99 2232.99 2238.5 2351.3 2427.2 2803.19 -9999 -9999 -9999 -9999 -9999 -9999 -9999 -9999 -9999 -9999 -9999 -9999
2393.6 2171.01 2571.91 2716.2 2472.3 2125.89 2016.51 2299.7 2052.1 2196.79 1548.89 1702.1 1993.69 2322.59 2605.3 2338.6 1853.21 2238.2 2486.49 2360.01 2480.61 2024.9 2130.49 2702.2 2767.39 2797.18 2566.81 2317.02 2645.99 2717.4 2534.59 2365.9 1901.29 1677.81 1562.39 2041.99 2531.1 2814.8 2744.6 2945.1 2747.3 2492.3 2371.99 2519.01 2955.29 2594.4 2062.2 2432.11 2485.6 2150.79 1871.7 1997.51 1956.09 1782.6 2001.99 2477.29 2698.19 2736.41 2718.61 2759.99 -9999 -9999 -9999 -9999 -9999 -9999 -9999 -9999 -9999 -9999 -9999 -9999
2593.99 2546.38 2607.8 2598.61 2263.99 1984.31 1989.7 1862.51 1854.31 1754 1388.81 1788.21 2325.71 2309.99 2842.61 2394.19 1940.7 2121.51 2471.1 2688.6 2643.1 2384.09 2040.69 2437.71 2615.21 2635.19 2272.19 2676.58 2698.1 2742.7 2700.7 2169.79 2449.1 1986.9 1601.4 1609.01 2036.01 2478.59 2650.71 2638.61 2355.79 2490.69 2546.01 2358.19 2816.79 2910.41 2282.89 2281.51 2186.99 2106.21 2195.49 2182.5 1975.19 2209.19 2122.69 2046.3 2452.89 2685.09 2999.51 -9999 -9999 -9999 -9999 -9999 -9999 -9999 -9999 -9999 -9999 -9999 -9999 -9999
2384.99 2165.3 2106.89 1999.18 1986.59 1931.8 1495.31 1531.3 1774.91 1464.21 1518.82 1737.81 2086.09 2607.8 2671.21 2574.32 2112.29 2026.4 2058.29 2419.01 2698.6 2598.11 2293.51 2301.61 2628.81 2544.61 2499.71 2701.9 2954.41 2716.69 2546.3 2626.9 2494.61 2190.41 1676.69 1464.4 1859.59 2194.01 2279.91 2112.3 2273.41 2794.51 2686.79 2680.9 2661.6 2614.3 2200.61 2156.09 2550.69 2446.39 2256.9 2356.09 2159.19 2539.61 2365.69 2048.71 2084.1 2225.4 2538.4 -9999 -9999 -9999 -9999 -9999 -9999 -9999 -9999 -9999 -9999 -9999 -9999 -9999
1965.6 1969.19 1701.19 1662.12 1873.2 1766.2 1424 1323.99 1433.82 1623.81 2039.59 1793.59 2109.01 2278 2662.21 2670.71 2238.7 2346.79 2393.81 2263.81 2589.6 2718.71 2464.1 2708.89 2693 2773.7 2672.21 2823.13 2912.21 2724.69 2631.41 2604.2 2736.7 2245.59 1702.79 1477.31 1507.21 1579.4 1798.7 1970.7 2251.59 2374.6 2478.3 2685.8 2663.6 2843.61 2698.19 2408.71 2530.51 3032.4 2464.4 2296.69 2196.21 2724.21 2508.61 2216.3 2249.91 2465.51 -9999 -9999 -9999 -9999 -9999 -9999 -9999 -9999 -9999 -9999 -9999 -9999 -9999 -9999
