Source/meteoio/tests/dem_reading/ref_AZI.asc
ncols               386
nrows               229
xllcorner    479500.000
yllcorner     73500.000
cellsize       1000.000
NODATA_value -999
[rows 145 to 173 of 229, columns 268 to 334 of 386]
345.700 24.900 317.800 343.700 73.300 42.000 292.200 293.600 312.600 330.400 143.800 84.900 46.600 55.300 13.200 294.200 330.900 63.400 54.600 73.200 313.100 263.700 268.700 264.700 288.600 11.400 75.100 292.800 136.000 87.100 70.300 15.700 321.600 307.900 10.800 53.100 109.500 100.900 119.900 130.600 311.400 285.600 311.000 309.200 1.400 24.100 44.100 63.200 317.700 268.400 206.000 276.500 251.900 -999.000 -999.000 -999.000 -999.000 -999.000 -999.000 -999.000 -999.000 -999.000 -999.000 -999.000 -999.000 -999.000 -999.000
54.900 36.300 282.100 36.800 82.300 49.500 275.600 306.300 329.100 325.300 32.000 55.600 27.600 35.500 320.100 277.200 32.100 103.700 91.100 97.800 244.000 257.100 249.800 238.000 255.600 270.000 146.800 85.800 106.600 336.600 19.400 351.900 288.900 163.800 139.300 133.900 120.600 113.300 109.300 102.000 291.400 274.800 285.400 316.100 271.300 8.800 88.200 57.500 198.200 321.300 254.000 281.600 271.100 -999.000 -999.000 -999.000 -999.000 -999.000 -999.000 -999.000 -999.000 -999.000 -999.000 -999.000 -999.000 -999.000 -999.000
36.000 29.400 285.000 50.300 85.200 120.100 259.400 238.400 201.000 226.400 272.000 8.500 96.000 27.600 307.900 245.300 95.400 128.900 124.900 111.200 175.800 269.200 252.600 250.900 243.200 238.900 101.400 5.700 49.700 359.800 314.000 16.200 231.200 93.900 141.500 153.700 118.700 107.700 122.300 279.300 265.900 281.800 244.300 284.400 282.100 103.600 68.500 45.600 130.700 301.500 285.000 268.000 308.900 -999.000 -999.000 -999.000 -999.000 -999.000 -999.000 -999.000 -999.000 -999.000 -999.000 -999.000 -999.000 -999.000 -999.000
18.800 30.700 335.900 83.700 76.200 161.400 264.000 209.400 201.500 191.700 180.600 212.200 306.800 14.300 269.000 43.800 129.100 119.700 93.700 77.900 358.100 288.000 266.200 292.300 250.400 259.100 181.400 89.000 6.000 274.700 44.400 142.200 270.800 90.800 106.200 99.800 107.000 89.900 89.500 332.200 247.400 261.000 273.700 269.200 338.400 111.300 60.000 40.400 10.800 48.700 295.600 267.000 277.200 -999.000 -999.000 -999.000 -999.000 -999.000 -999.000 -999.000 -999.000 -999.000 -999.000 -999.000 -999.000 -999.000 -999.000
3.700 11.100 97.000 101.700 34.500 350.500 15.200 215.900 239.000 240.400 308.700 200.600 37.400 136.700 247.000 153.400 116.900 44.200 8.300 36.700 60.700 306.500 253.500 253.800 248.300 243.600 238.200 203.700 92.600 207.000 46.600 132.400 153.300 151.400 137.000 132.200 107.700 123.800 331.600 316.000 231.800 243.300 249.200 244.400 269.500 45.000 82.500 352.800 19.300 33.100 307.100 282.500 258.800 -999.000 -999.000 -999.000 -999.000 -999.000 -999.000 -999.000 -999.000 -999.000 -999.000 -999.000 -999.000 -999.000 -999.000
-999.000 145.500 130.800 80.300 318.300 322.700 -999.000 -999.000 272.700 291.000 294.600 308.600 310.100 2.100 19.500 44.600 63.700 0.500 328.900 54.500 77.000 276.000 255.800 258.900 261.500 202.300 213.700 220.500 175.300 346.400 154.300 105.500 112.600 133.200 131.000 137.100 128.000 236.000 326.700 7.300 30.400 240.600 247.100 224.300 200.600 317.100 16.400 335.300 29.000 37.400 40.000 301.700 271.500 -999.000 -999.000 -999.000 -999.000 -999.000 -999.000 -999.000 -999.000 -999.000 -999.000 -999.000 -999.000 -999.000 -999.000
-999.000 137.000 122.000 24.300 294.800 -999.000 -999.000 -999.000 262.400 264.500 209.600 229.900 252.600 5.000 358.600 358.800 37.600 356.400 340.600 72.800 82.600 18.700 285.900 287.900 273.900 305.500 193.000 212.500 167.700 180.200 242.800 112.400 98.800 107.300 134.500 131.900 337.200 319.300 338.000 43.900 18.400 276.400 243.700 253.300 227.000 230.600 139.500 53.900 336.100 98.600 57.400 243.600 265.600 -999.000 -999.000 -999.000 -999.000 -999.000 -999.000 -999.000 -999.000 -999.000 -999.000 -999.000 -999.000 -999.000 -999.000
-999.000 -999.000 31.400 316.400 300.200 -999.000 -999.000 -999.000 38.200 261.500 218.100 211.000 204.100 191.300 227.000 169.500 68.300 271.500 335.700 76.000 62.900 83.900 304.100 245.700 219.400 172.700 177.100 197.000 173.200 180.200 187.600 168.400 146.200 111.400 128.300 333.200 318.900 325.000 345.300 59.500 20.700 341.800 46.400 260.100 235.700 260.100 209.100 113.700 140.200 169.900 196.500 197.600 226.700 -999.000 -999.000 -999.000 -999.000 -999.000 -999.000 -999.000 -999.000 -999.000 -999.000 -999.000 -999.000 -999.000 -999.000
-999.000 -999.000 -999.000 321.500 313.800 -999.000 -999.000 -999.000 76.400 336.200 252.800 175.000 205.400 220.700 218.000 270.500 89.000 27.300 20.800 63.700 70.700 61.800 234.600 219.200 198.700 194.800 238.000 251.200 337.300 20.300 256.300 102.500 116.800 113.000 146.500 308.800 304.300 304.500 65.900 74.800 224.800 314.400 51.600 77.000 256.500 233.500 213.500 155.200 204.200 222.000 5.200 283.900 73.900 -999.000 -999.000 -999.000 -999.000 -999.000 -999.000 -999.000 -999.000 -999.000 -999.000 -999.000 -999.000 -999.000 -999.000
-999.000 -999.000 -999.000 -999.000 -999.000 -999.000 -999.000 -999.000 89.600 354.700 301.200 11.900 343.700 200.000 226.500 210.900 182.700 241.300 114.100 90.300 96.800 62.800 117.100 288.300 253.100 314.700 312.400 336.500 333.900 26.100 41.500 90.800 85.400 128.000 283.800 286.300 289.100 273.400 111.800 86.200 238.800 318.800 45.600 59.700 313.800 228.500 181.200 160.800 200.900 280.900 319.800 320.200 21.000 -999.000 -999.000 -999.000 -999.000 -999.000 -999.000 -999.000 -999.000 -999.000 -999.000 -999.000 -999.000 -999.000 -999.000
-999.000 -999.000 -999.000 -999.000 -999.000 -999.000 -999.000 -999.000 90.300 281.100 298.100 58.800 18.200 258.300 224.900 206.700 196.500 195.800 201.800 116.100 68.700 86.300 31.800 338.900 312.200 330.000 308.300 317.000 327.200 137.100 127.200 131.400 136.400 250.400 299.800 288.700 272.700 188.900 102.400 97.800 281.100 299.100 58.900 87.100 18.400 274.400 278.000 98.200 182.800 254.600 211.800 173.800 210.300 -999.000 -999.000 -999.000 -999.000 -999.000 -999.000 -999.000 -999.000 -999.000 -999.000 -999.000 -999.000 -999.000 -999.000
-999.000 -999.000 -999.000 -999.000 -999.000 -999.000 -999.000 -999.000 88.200 277.200 287.300 33.100 36.400 47.700 343.000 284.900 203.200 243.900 189.300 107.600 50.300 74.700 41.800 287.400 313.500 276.900 19.400 185.700 165.600 154.100 160.400 145.600 131.700 326.200 314.800 302.500 275.300 130.100 93.400 270.800 287.800 301.800 86.000 93.700 9.200 317.300 25.000 27.600 256.500 273.900 228.300 179.500 172.400 162.300 -999.000 -999.000 -999.000 -999.000 -999.000 -999.000 -999.000 -999.000 -999.000 -999.000 -999.000 -999.000 -999.000
-999.000 -999.000 -999.000 -999.000 -999.000 -999.000 -999.000 -999.000 78.500 226.000 265.700 306.200 113.600 56.700 33.500 310.500 351.400 0.100 295.600 86.500 88.700 27.900 13.600 303.200 318.300 159.800 156.500 158.800 167.700 157.200 135.200 66.200 324.600 318.700 319.500 315.600 18.500 83.700 67.300 274.200 295.600 351.400 74.900 73.700 327.500 298.000 22.600 63.400 46.800 261.500 271.800 185.800 126.100 193.400 244.100 231.200 -999.000 225.000 143.400 148.900 179.100 -999.000 -999.000 -999.000 -999.000 -999.000 -999.000
-999.000 -999.000 -999.000 -999.000 -999.000 -999.000 -999.000 -999.000 66.600 158.300 264.100 237.100 175.300 79.300 73.300 285.500 339.700 76.600 339.100 245.300 70.700 41.100 337.100 325.100 266.700 141.800 138.000 144.000 135.400 134.900 320.500 317.400 299.700 312.000 320.700 328.300 50.800 71.700 41.200 284.600 292.500 29.300 76.800 64.600 281.300 287.500 354.200 73.400 51.100 234.400 248.600 142.600 121.300 189.400 237.100 226.600 172.600 185.500 162.700 164.400 194.900 -999.000 -999.000 -999.000 -999.000 -999.000 -999.000
-999.000 -999.000 -999.000 -999.000 -999.000 -999.000 -999.000 -999.000 62.600 61.800 288.100 270.500 249.500 83.600 96.600 275.600 290.100 51.700 303.500 354.000 98.200 100.600 251.600 235.700 144.200 129.200 148.600 134.700 326.600 325.200 328.400 332.500 276.500 284.300 281.000 289.500 87.500 84.500 177.200 269.300 266.500 267.800 88.600 60.300 258.200 300.800 358.600 22.900 59.200 37.600 42.900 16.400 86.000 149.700 212.200 232.200 198.400 157.700 141.600 182.300 260.300 277.500 -999.000 -999.000 -999.000 -999.000 -999.000
-999.000 -999.000 -999.000 -999.000 -999.000 -999.000 -999.000 -999.000 60.900 61.100 78.400 275.700 255.100 85.200 13.200 290.000 321.900 73.600 121.400 139.400 121.700 153.300 186.100 163.200 164.200 167.100 178.800 324.600 340.200 11.400 2.600 225.200 284.400 245.300 261.200 207.900 102.500 76.700 237.400 279.300 254.900 215.900 93.500 47.700 319.100 325.100 319.800 9.000 45.300 18.700 39.400 57.200 46.800 117.400 145.000 217.500 185.600 162.700 222.200 284.600 295.100 291.000 -999.000 -999.000 -999.000 -999.000 -999.000
-999.000 -999.000 -999.000 -999.000 -999.000 -999.000 -999.000 -999.000 62.900 71.000 75.500 249.500 273.200 83.800 24.100 307.600 321.400 110.300 139.100 154.800 151.600 165.400 152.300 170.900 171.000 143.000 323.400 310.200 327.500 27.600 11.900 169.700 288.000 257.700 248.300 182.700 102.800 65.500 309.200 317.900 296.500 317.300 46.800 30.100 348.700 355.500 334.100 355.300 57.600 81.900 66.500 125.700 345.100 132.100 103.000 224.300 246.500 175.500 320.400 314.600 314.700 -999.000 -999.000 -999.000 -999.000 -999.000 -999.000
-999.000 -999.000 -999.000 -999.000 -999.000 -999.000 -999.000 -999.000 -999.000 75.400 83.700 281.500 284.300 313.500 275.800 293.600 96.700 115.100 115.200 53.900 75.900 91.100 91.400 92.400 300.800 298.400 350.600 293.700 282.400 50.200 26.000 1.300 143.800 288.200 254.400 357.900 66.500 341.000 326.800 318.900 326.600 325.700 10.100 5.600 343.100 3.300 336.600 57.600 111.500 139.400 136.900 139.600 182.000 127.300 101.100 257.400 306.300 323.100 323.500 320.000 -999.000 -999.000 -999.000 -999.000 -999.000 -999.000 -999.000
-999.000 -999.000 -999.000 -999.000 -999.000 -999.000 -999.000 -999.000 101.600 75.300 65.700 342.300 288.800 336.600 187.800 282.800 109.200 69.300 56.700 65.100 71.000 145.500 106.500 125.500 291.100 316.200 21.300 283.700 265.800 91.600 62.200 337.800 91.600 300.000 270.300 313.600 35.700 352.500 326.000 318.900 319.600 -999.000 -999.000 334.000 329.500 -999.000 -999.000 116.000 108.600 105.300 103.100 95.200 147.500 123.500 126.000 246.600 256.800 270.100 279.100 -999.000 -999.000 -999.000 -999.000 -999.000 -999.000 -999.000 -999.000
-999.000 -999.000 -999.000 -999.000 -999.000 -999.000 -999.000 -999.000 -999.000 328.400 358.800 2.300 347.200 233.200 191.700 141.400 159.100 189.600 154.600 151.000 157.000 140.400 140.900 247.700 274.800 326.200 67.200 281.700 285.800 108.800 63.200 337.500 61.000 319.200 272.700 275.200 15.700 359.600 338.400 318.000 -999.000 -999.000 -999.000 -999.000 -999.000 -999.000 -999.000 85.000 53.600 52.400 41.700 40.200 92.300 85.300 151.800 256.800 260.500 262.600 250.200 -999.000 -999.000 -999.000 -999.000 -999.000 -999.000 -999.000 -999.000
-999.000 -999.000 -999.000 -999.000 -999.000 -999.000 -999.000 -999.000 -999.000 -999.000 -999.000 162.200 159.200 178.400 172.700 165.200 176.500 174.700 168.100 152.000 157.800 180.300 216.700 282.300 291.700 334.200 32.700 256.500 295.500 357.800 82.300 332.700 34.800 24.600 283.000 257.300 -999.000 -999.000 -999.000 -999.000 -999.000 -999.000 -999.000 -999.000 -999.000 -999.000 -999.000 -999.000 23.500 59.500 83.600 91.000 124.400 92.800 117.900 271.900 283.800 284.100 -999.000 -999.000 -999.000 -999.000 -999.000 -999.000 -999.000 -999.000 -999.000
-999.000 -999.000 -999.000 -999.000 -999.000 -999.000 -999.000 -999.000 -999.000 -999.000 -999.000 -999.000 158.000 169.400 171.000 163.000 171.500 177.800 175.900 172.600 172.900 181.700 325.400 299.500 295.200 3.400 34.100 304.100 282.000 236.300 46.500 319.500 19.100 44.100 313.300 -999.000 -999.000 -999.000 -999.000 -999.000 -999.000 -999.000 -999.000 -999.000 -999.000 -999.000 -999.000 -999.000 -999.000 113.300 122.400 115.000 105.700 109.200 307.000 274.800 280.800 279.500 -999.000 -999.000 -999.000 -999.000 -999.000 -999.000 -999.000 -999.000 -999.000
-999.000 -999.000 -999.000 -999.000 -999.000 -999.000 -999.000 -999.000 -999.000 -999.000 -999.000 -999.000 157.600 175.800 171.700 171.600 188.600 185.300 168.700 342.800 335.000 337.300 330.600 301.100 297.400 60.900 76.800 274.000 -999.000 -999.000 -999.000 -999.000 158.800 -999.000 -999.000 -999.000 -999.000 -999.000 -999.000 -999.000 -999.000 -999.000 -999.000 -999.000 -999.000 -999.000 -999.000 -999.000 -999.000 128.300 118.600 119.400 95.900 87.600 260.300 269.600 268.300 262.600 -999.000 -999.000 -999.000 -999.000 -999.000 -999.000 -999.000 -999.000 -999.000
-999.000 -999.000 -999.000 -999.000 -999.000 -999.000 -999.000 -999.000 -999.000 -999.000 -999.000 -999.000 160.200 173.800 194.400 132.000 333.700 331.000 343.700 344.900 337.500 353.300 1.200 283.500 277.600 79.800 91.000 280.600 -999.000 -999.000 -999.000 -999.000 -999.000 -999.000 -999.000 -999.000 -999.000 -999.000 -999.000 -999.000 -999.000 -999.000 -999.000 -999.000 -999.000 -999.000 -999.000 -999.000 112.300 115.000 114.200 101.000 93.900 93.400 230.500 259.100 250.000 247.300 -999.000 -999.000 -999.000 -999.000 -999.000 -999.000 -999.000 -999.000 -999.000
-999.000 -999.000 -999.000 -999.000 -999.000 -999.000 -999.000 -999.000 -999.000 -999.000 -999.000 -999.000 -999.000 357.100 342.200 352.300 4.100 355.400 310.400 298.900 308.300 350.200 353.300 279.300 268.900 57.500 94.700 281.700 -999.000 -999.000 -999.000 -999.000 -999.000 -999.000 -999.000 -999.000 -999.000 -999.000 -999.000 -999.000 -999.000 -999.000 -999.000 -999.000 -999.000 -999.000 -999.000 -999.000 -999.000 62.100 52.500 65.600 84.600 98.600 185.800 239.600 241.500 238.100 229.800 -999.000 -999.000 -999.000 -999.000 -999.000 -999.000 -999.000 -999.000
-999.000 -999.000 -999.000 -999.000 -999.000 -999.000 -999.000 -999.000 -999.000 -999.000 -999.000 -999.000 -999.000 -999.000 335.000 345.100 349.800 336.200 272.700 253.600 260.500 84.000 53.400 301.900 298.400 37.200 16.600 301.000 -999.000 -999.000 -999.000 -999.000 -999.000 -999.000 -999.000 -999.000 -999.000 -999.000 -999.000 -999.000 -999.000 -999.000 -999.000 -999.000 -999.000 -999.000 -999.000 -999.000 -999.000 -999.000 71.100 86.400 80.300 88.000 105.200 230.500 241.400 222.600 216.200 214.400 -999.000 -999.000 -999.000 -999.000 -999.000 -999.000 -999.000
-999.000 -999.000 -999.000 -999.000 -999.000 -999.000 -999.000 -999.000 -999.000 -999.000 -999.000 -999.000 -999.000 -999.000 326.200 349.600 17.900 14.700 333.700 307.100 288.400 42.000 55.900 290.700 286.500 72.200 37.200 296.600 -999.000 -999.000 -999.000 -999.000 -999.000 -999.000 -999.000 -999.000 -999.000 -999.000 -999.000 -999.000 -999.000 -999.000 -999.000 -999.000 -999.000 -999.000 -999.000 -999.000 -999.000 -999.000 92.300 76.500 78.200 58.700 53.800 63.000 255.700 250.800 243.100 252.600 254.500 -999.000 -999.000 -999.000 -999.000 -999.000 -999.000
-999.000 -999.000 -999.000 -999.000 -999.000 -999.000 -999.000 -999.000 -999.000 -999.000 -999.000 -999.000 -999.000 -999.000 -999.000 -999.000 -999.000 16.900 355.400 329.800 307.500 343.000 339.300 292.600 -999.000 88.900 323.500 270.800 -999.000 -999.000 -999.000 -999.000 -999.000 -999.000 -999.000 -999.000 -999.000 -999.000 -999.000 -999.000 -999.000 -999.000 -999.000 -999.000 -999.000 -999.000 -999.000 -999.000 -999.000 -999.000 83.400 60.900 50.000 24.500 49.200 64.200 222.000 250.400 227.400 234.200 225.300 214.000 -999.000 -999.000 -999.000 -999.000 -999.000
-999.000 -999.000 -999.000 -999.000 -999.000 -999.000 -999.000 -999.000 -999.000 -999.000 -999.000 -999.000 -999.000 -999.000 -999.000 -999.000 -999.000 -999.000 -999.000 -999.000 -999.000 301.900 325.200 -999.000 -999.000 -999.000 -999.000 -999.000 -999.000 -999.000 -999.000 -999.000 -999.000 -999.000 -999.000 -999.000 -999.000 -999.000 -999.000 -999.000 -999.000 -999.000 -999.000 -999.000 -999.000 -999.000 -999.000 -999.000 -999.000 -999.000 -999.000 47.400 45.400 34.600 32.900 53.200 74.400 236.000 213.000 207.000 217.700 239.300 269.600 -999.000 -999.000 -999.000 -999.000
