Source/meteoio/tests/dem_reading/ref_AZI.asc
ncols               386
nrows               229
xllcorner    479500.000
yllcorner     73500.000
cellsize       1000.000
NODATA_value -999
[rows 58 to 86 of 229, columns 201 to 267 of 386]
75.400 50.000 57.100 45.000 262.200 264.300 269.100 255.700 278.500 311.400 62.800 63.700 59.000 45.000 9.300 216.300 252.500 251.900 239.200 208.600 130.500 244.500 237.800 246.400 236.900 215.600 185.100 258.400 293.100 44.200 94.800 352.300 175.200 322.300 253.800 7.800 72.200 47.300 46.600 86.000 11.000 58.600 48.900 306.400 264.400 300.600 56.600 78.000 276.700 217.200 222.000 178.700 146.100 205.900 230.300 282.100 352.500 11.200 49.500 27.300 245.000 232.600 187.300 157.600 177.700 108.200 53.400
100.700 49.700 101.500 45.700 225.300 254.800 241.400 236.100 216.300 235.700 340.300 76.400 65.300 53.300 42.100 239.800 233.400 230.900 249.900 237.400 276.300 206.400 236.300 236.100 250.200 261.100 269.300 297.500 335.400 226.300 86.200 163.800 277.800 248.500 31.600 313.100 283.000 72.000 137.100 61.500 98.000 12.500 69.400 24.700 280.100 296.900 52.900 59.400 276.100 193.000 166.100 191.900 235.600 260.000 321.500 315.400 22.900 84.200 49.500 320.200 301.400 272.000 28.000 346.800 0.400 18.600 1.900
105.500 62.500 85.600 87.000 225.000 238.500 248.700 253.000 251.800 276.500 347.900 69.000 55.800 53.100 52.600 33.300 232.700 261.200 234.400 254.600 246.300 266.600 227.800 238.700 248.400 242.200 263.900 268.500 261.500 5.600 96.600 273.500 319.800 178.200 330.600 189.700 330.700 114.300 33.700 324.000 19.500 66.100 101.800 107.000 271.800 268.800 302.000 45.300 63.900 350.800 246.900 304.400 283.000 323.800 332.100 322.600 241.600 127.100 59.500 293.100 350.900 3.600 356.500 333.100 335.700 346.500 9.600
85.100 41.900 358.500 83.000 46.600 225.500 258.900 253.100 273.200 302.500 311.800 11.000 65.700 50.400 59.700 38.800 18.900 221.500 247.000 239.000 263.700 236.400 312.900 242.500 234.300 236.300 235.800 249.300 252.600 87.600 89.100 274.100 273.900 7.400 8.200 269.400 30.300 36.500 340.600 351.400 32.600 74.300 71.900 112.300 255.300 241.700 136.100 113.800 33.000 358.300 14.000 349.500 285.700 285.400 271.900 297.700 86.600 72.900 346.400 297.300 302.200 344.600 327.500 341.900 29.300 73.300 149.700
62.100 73.100 357.100 74.900 67.800 45.000 249.000 254.200 241.300 246.200 244.400 340.200 79.600 63.900 59.500 66.700 12.900 233.200 240.500 228.100 231.000 234.700 222.200 242.300 241.600 237.800 237.700 266.700 263.300 90.100 92.300 223.100 234.700 110.500 168.900 9.200 207.100 258.500 277.600 245.500 42.200 80.300 48.600 67.000 308.700 256.600 245.700 292.200 358.800 359.300 38.500 358.000 290.400 301.200 348.000 346.900 30.200 69.200 314.100 293.600 341.200 0.500 16.800 44.100 234.800 204.000 210.400
58.500 80.500 19.500 73.400 84.400 45.000 225.000 240.000 232.100 213.300 218.800 220.900 94.900 88.800 57.600 64.600 25.900 354.700 340.800 303.300 240.900 246.100 200.300 216.300 199.200 247.200 246.500 257.100 238.400 136.300 116.600 227.200 260.900 243.000 167.700 136.100 154.700 233.800 252.400 135.800 98.700 101.500 81.000 68.900 212.100 266.300 247.800 295.100 336.100 346.700 26.100 52.600 336.500 294.800 289.500 314.100 18.900 67.200 19.000 283.600 312.700 259.800 263.900 177.100 115.400 30.000 333.000
27.500 78.000 58.500 0.400 88.600 57.500 225.000 225.000 222.300 210.900 211.400 203.200 183.100 120.900 76.300 50.700 34.300 1.700 21.300 335.600 296.300 263.600 245.400 185.900 161.100 210.700 226.500 231.700 222.700 159.900 136.900 231.600 246.500 263.800 203.900 108.400 240.500 229.100 223.100 180.700 152.300 151.400 133.500 86.400 102.100 297.500 257.700 244.800 258.700 281.600 51.200 33.300 296.500 207.800 244.200 244.700 358.000 23.200 50.800 293.700 216.700 203.200 173.600 24.200 334.400 354.600 41.400
0.200 88.800 55.100 31.100 43.200 69.300 45.000 225.000 225.000 206.800 202.300 205.100 194.400 173.400 162.900 70.900 32.000 0.200 32.900 38.200 319.500 284.300 38.300 144.900 177.100 202.200 221.300 222.900 228.600 198.400 145.100 167.800 223.700 214.900 159.700 143.400 217.600 230.000 225.700 161.700 145.700 191.200 357.200 19.500 33.100 59.800 241.200 222.700 236.800 207.900 83.800 21.900 322.100 310.400 337.100 305.100 195.900 53.500 87.400 350.100 294.500 273.800 324.400 316.700 7.700 12.700 319.100
235.200 28.900 67.200 67.100 10.700 96.300 59.100 45.000 225.000 224.900 203.500 193.800 199.200 202.300 199.100 174.000 77.600 18.700 30.600 59.500 23.700 232.600 233.900 140.100 140.300 159.900 242.000 239.200 243.800 241.500 164.300 205.100 215.100 211.500 189.000 154.600 210.400 216.600 180.100 165.200 196.600 336.600 326.700 341.700 34.400 48.000 359.500 242.300 199.600 202.700 223.600 259.000 308.500 11.700 27.100 304.500 270.800 234.500 61.200 90.100 316.400 310.400 318.600 329.600 359.000 41.600 28.700
229.200 248.200 73.900 73.300 22.600 26.800 51.300 41.400 43.100 350.100 225.000 217.200 206.100 204.900 212.000 203.300 190.900 200.000 95.500 116.300 162.900 214.100 211.800 146.200 104.000 134.500 203.700 220.000 215.700 213.300 202.100 166.200 180.600 206.500 173.700 197.000 225.900 180.400 203.900 263.200 290.700 323.200 314.600 347.200 39.200 53.100 47.700 2.000 253.700 209.900 182.600 231.300 215.300 184.300 166.500 191.300 187.700 178.100 206.900 238.800 298.000 313.800 322.700 295.600 320.100 72.100 44.500
193.400 204.300 284.000 72.000 79.200 7.400 28.800 32.900 27.200 13.000 28.300 45.000 225.000 225.000 214.100 209.400 187.000 185.800 176.700 142.900 167.900 161.400 174.800 188.200 174.800 158.400 209.400 249.700 218.400 204.900 174.200 155.400 180.300 194.000 198.500 196.600 205.500 196.700 201.600 222.900 249.000 251.000 272.400 259.800 32.200 48.100 54.000 8.300 337.300 19.200 275.900 226.400 205.000 201.000 220.400 261.000 289.800 321.300 79.900 314.200 303.400 261.300 229.800 248.600 194.300 54.800 57.200
234.300 225.200 215.300 294.000 140.500 3.200 25.200 50.700 37.100 6.700 11.400 40.000 45.000 45.000 225.000 224.900 217.900 191.200 166.900 166.700 164.100 185.700 199.800 183.200 167.400 157.900 184.300 204.200 197.800 209.600 209.500 205.400 171.100 158.900 176.600 192.200 201.400 210.100 213.400 217.600 237.100 226.100 214.700 188.800 256.900 354.300 49.900 50.100 350.800 13.500 45.800 245.700 237.400 227.500 304.300 317.400 355.400 3.800 327.100 323.100 284.800 177.400 189.700 226.700 209.300 155.100 151.000
209.400 220.200 230.900 241.300 109.800 145.900 307.100 41.600 63.100 28.900 8.100 38.800 43.900 45.000 45.000 225.000 225.000 219.700 187.700 168.000 153.800 135.300 193.000 224.700 196.300 188.700 189.500 222.300 221.800 167.500 151.900 173.000 183.000 163.500 194.500 211.400 188.500 184.100 197.700 221.400 235.100 226.300 223.400 255.600 251.900 330.900 54.500 86.700 331.400 4.000 53.400 44.700 355.300 259.000 267.000 272.800 306.600 359.000 30.500 229.100 202.500 206.300 168.800 215.900 236.700 173.000 147.200
216.600 176.100 187.200 218.200 135.000 188.900 279.500 106.800 45.300 48.800 13.500 32.000 34.000 20.700 45.000 45.000 0.000 0.000 0.000 0.000 0.000 315.000 0.000 225.000 225.000 186.700 189.100 189.700 190.600 206.400 192.700 203.300 265.200 143.200 82.700 166.800 221.000 207.800 201.300 199.000 222.500 259.200 248.900 260.800 273.500 267.000 86.100 36.900 307.800 22.200 25.300 7.200 23.500 13.500 259.600 262.900 252.400 99.600 229.300 201.200 134.300 135.500 207.000 216.300 178.900 173.700 186.400
224.800 162.800 198.500 218.800 246.700 181.100 223.700 252.600 86.400 49.000 13.600 38.300 52.900 42.000 48.300 45.000 45.000 315.000 315.000 40.300 25.100 45.000 45.000 225.000 225.000 198.400 168.700 231.400 224.700 318.300 316.400 6.200 44.100 43.500 324.600 253.300 233.800 292.000 232.300 217.400 232.400 254.900 271.200 255.300 270.900 279.800 134.700 21.300 310.500 357.100 66.300 66.300 43.300 14.200 238.400 257.400 237.100 170.000 136.000 142.200 147.600 200.300 219.700 181.500 198.400 171.000 154.800
187.100 169.600 202.900 228.300 302.600 260.300 296.300 268.500 83.000 5.000 90.300 23.100 67.400 57.200 43.900 47.200 6.700 10.000 8.100 5.400 346.500 3.400 39.400 49.300 45.000 0.000 315.000 315.000 346.000 326.400 332.800 343.400 228.600 74.400 133.100 136.700 312.700 311.800 305.400 37.800 247.100 250.100 260.700 270.600 251.000 313.600 347.400 3.600 19.200 76.700 161.600 238.200 92.100 64.600 58.400 226.600 215.500 172.400 175.900 195.500 115.100 53.900 334.000 342.600 8.200 358.700 7.600
196.300 149.300 261.800 258.400 286.600 288.700 22.900 4.400 342.100 332.300 14.900 36.100 27.000 34.100 38.300 28.200 355.700 344.500 352.800 0.300 2.300 8.300 15.100 25.800 26.000 28.500 23.700 0.100 354.400 236.100 230.300 168.800 130.000 129.000 27.100 291.800 326.800 294.900 251.500 65.600 228.600 241.600 248.700 268.500 271.000 286.600 331.400 11.900 37.900 95.500 9.600 27.600 27.200 0.800 1.500 28.400 258.000 225.400 3.600 15.000 4.000 355.700 343.800 346.200 6.100 13.700 23.400
187.100 232.100 277.400 297.000 295.000 310.900 333.000 13.200 70.200 354.100 321.200 69.600 3.500 347.700 8.600 17.900 6.300 349.700 344.200 353.600 4.100 6.000 19.100 21.200 15.600 11.500 26.200 33.900 21.400 273.800 282.300 170.000 89.900 119.600 36.800 350.000 342.000 228.900 227.000 138.600 150.200 237.300 265.200 262.500 290.000 241.300 322.100 252.200 28.600 53.100 3.100 350.200 358.200 12.300 58.500 6.500 324.900 356.800 359.700 341.000 338.200 351.300 349.500 352.100 21.500 45.100 72.600
284.100 300.700 291.600 321.600 304.300 293.300 12.500 18.200 54.000 74.500 276.900 282.400 329.300 337.400 358.200 25.300 9.600 338.700 346.400 355.600 345.100 346.200 359.800 15.900 16.200 23.300 20.500 5.300 19.700 19.300 9.500 355.800 344.000 357.600 25.900 32.900 33.600 226.300 23.700 135.600 223.000 276.100 288.000 287.300 295.800 60.400 287.600 196.200 86.100 116.000 301.300 258.800 0.600 170.200 0.400 22.700 8.200 339.300 336.000 344.500 354.000 358.900 336.200 357.900 57.700 89.100 94.100
303.200 304.800 300.600 332.500 312.800 288.000 358.800 22.800 9.200 14.500 353.800 338.400 333.700 352.300 8.700 17.900 24.700 348.600 284.300 259.800 112.700 64.600 341.500 0.500 18.300 23.800 5.200 5.000 24.600 10.600 336.700 344.700 7.900 7.100 5.400 21.100 24.300 44.000 42.600 25.400 332.700 294.800 288.700 276.400 265.100 129.100 191.200 196.900 175.100 177.400 203.700 224.400 206.600 324.900 13.200 334.000 331.100 352.500 27.400 25.300 320.700 308.600 28.600 79.500 99.300 101.400 349.600
295.800 297.000 297.500 1.500 334.400 297.200 318.500 342.500 357.100 2.700 359.500 356.900 358.500 336.500 105.400 103.400 121.700 305.200 318.400 357.100 292.800 242.300 267.900 296.700 25.500 33.900 7.200 359.200 38.300 37.100 351.200 332.200 335.400 352.100 11.600 14.900 4.800 23.300 41.600 43.800 39.300 288.000 263.300 245.300 186.300 146.800 192.600 194.000 161.900 206.100 219.000 274.100 274.600 335.600 16.300 352.100 119.900 172.600 163.100 173.600 197.800 209.600 205.100 221.300 121.300 33.300 341.200
301.800 286.900 303.000 35.200 264.900 268.600 195.000 172.200 241.800 323.200 287.100 281.500 249.500 134.500 150.800 150.900 117.300 69.900 44.800 359.600 108.600 224.200 269.400 247.500 3.700 15.500 352.900 39.800 84.500 108.500 231.700 240.400 232.000 302.900 346.600 26.300 21.300 1.800 21.800 43.300 45.000 229.200 235.600 220.000 161.900 166.400 183.900 178.800 175.800 194.500 205.100 196.100 197.200 197.800 183.600 184.200 186.600 184.200 169.600 166.100 184.700 191.500 182.800 189.800 266.600 326.500 323.900
296.800 278.700 299.200 60.700 111.000 225.100 209.100 193.400 198.000 209.700 203.300 216.500 122.800 82.000 51.900 333.000 21.600 36.100 293.100 211.400 108.400 223.700 235.700 236.700 228.100 211.500 210.700 103.000 102.800 79.100 269.700 291.400 235.200 253.000 274.700 5.700 13.700 27.600 42.800 28.200 34.700 43.600 225.600 198.700 166.400 168.200 187.900 181.900 182.100 200.000 192.700 185.100 196.300 189.600 177.000 171.700 170.900 175.300 168.000 170.600 191.100 199.300 196.200 210.400 232.100 195.900 238.100
286.900 294.500 327.100 56.300 70.900 39.900 182.600 182.400 185.800 211.100 252.800 236.700 108.300 107.400 120.800 330.400 223.500 95.100 125.900 314.600 44.500 45.000 258.800 280.400 273.600 283.500 81.100 83.700 80.500 74.600 346.500 296.300 281.300 292.900 276.400 57.400 47.800 305.100 29.700 65.700 68.200 47.000 231.200 227.800 155.700 316.900 317.300 3.400 8.200 9.600 198.100 190.000 192.300 190.400 175.600 171.600 180.800 185.800 176.000 168.000 162.400 189.000 210.200 216.200 237.800 216.800 185.900
275.100 280.600 313.400 23.300 59.700 22.800 331.400 6.100 45.000 222.200 253.000 232.700 147.100 98.300 300.900 302.100 55.600 77.800 315.100 335.300 52.000 45.000 299.600 300.700 300.800 328.000 0.000 30.800 17.800 48.700 29.400 276.700 301.700 276.600 299.800 262.300 127.400 37.700 5.300 18.400 59.800 71.200 64.800 316.400 316.000 335.000 355.700 5.700 8.200 11.600 9.500 22.700 9.100 6.200 7.100 359.800 4.600 353.900 357.600 353.200 1.000 35.400 228.400 224.000 227.100 244.500 219.400
249.900 248.000 244.000 337.000 61.600 33.300 342.800 351.300 43.000 45.000 258.200 260.400 125.400 333.500 309.100 19.500 53.600 353.600 312.500 7.100 63.000 92.600 295.500 259.700 315.700 192.400 311.000 327.500 28.700 52.800 39.800 277.600 285.600 262.100 295.400 319.200 35.700 51.400 77.200 101.000 69.900 85.200 54.000 315.700 315.700 320.000 340.200 20.900 19.300 19.000 8.300 9.800 2.100 8.700 4.700 2.300 12.600 352.000 341.500 354.700 11.200 22.200 43.400 25.200 233.200 242.300 233.800
233.800 246.900 240.900 259.800 42.700 56.400 321.000 333.500 61.600 57.800 297.100 276.200 48.600 311.000 277.200 175.300 79.700 332.000 272.400 2.700 44.300 51.200 45.100 227.000 238.400 210.200 221.300 239.700 185.300 79.100 103.000 212.000 257.000 297.800 224.800 28.300 120.000 147.700 183.300 167.200 114.900 111.300 90.500 255.100 273.200 278.900 311.800 19.900 12.600 9.900 4.100 1.300 39.900 12.600 331.600 357.100 12.000 356.300 348.000 1.800 13.100 29.500 43.900 44.200 229.400 232.700 231.200
225.000 251.400 253.600 244.600 336.100 342.300 337.500 10.300 62.600 75.100 301.900 267.700 319.600 282.100 275.000 54.200 82.900 306.400 319.300 8.500 15.000 20.000 225.400 44.500 212.900 274.200 270.600 292.500 109.700 70.700 88.600 58.200 285.500 279.500 281.200 298.100 118.200 102.200 147.600 180.200 142.700 83.300 86.600 255.600 266.500 249.200 272.500 26.100 347.100 8.300 10.900 5.000 57.600 5.200 317.400 358.500 6.300 354.800 347.100 0.100 47.800 60.400 54.300 52.600 18.900 228.100 222.100
225.000 255.600 272.600 276.900 328.400 24.800 19.500 23.000 91.600 104.500 237.400 283.900 299.300 322.600 313.800 45.700 63.800 280.900 326.700 342.400 342.600 54.200 51.300 45.500 226.700 235.600 222.000 236.800 299.400 83.200 71.800 57.800 282.700 261.200 306.500 113.100 41.100 339.200 352.000 357.100 54.500 62.600 55.800 304.800 299.500 293.900 293.600 1.300 330.800 342.700 34.900 38.400 60.500 350.800 310.400 355.300 13.000 352.300 355.000 41.300 87.500 48.100 52.500 41.100 30.000 30.400 231.500
