Source/meteoio/tests/dem_reading/ref_AZI.asc
ncols               386
nrows               229
xllcorner    479500.000
yllcorner     73500.000
cellsize       1000.000
NODATA_value -999
[rows 58 to 86 of 229, columns 134 to 200 of 386]
305.500 340.600 79.300 101.900 44.300 118.200 289.200 248.700 222.400 140.800 132.500 154.700 244.500 189.800 109.600 133.200 152.100 161.700 154.800 150.600 127.200 318.600 320.000 352.500 346.400 10.700 18.500 18.500 354.100 342.200 63.500 82.300 325.000 276.500 332.800 44.300 45.200 335.600 280.800 24.000 75.300 82.900 243.200 240.000 261.700 28.600 80.900 35.800 15.200 13.300 294.200 144.900 57.700 31.500 60.400 241.600 257.500 236.300 232.300 168.200 89.800 17.000 346.600 49.000 266.400 278.200 99.600
41.700 30.200 19.900 24.300 15.900 44.600 15.400 259.700 238.200 219.100 137.900 148.600 81.400 147.100 144.000 151.300 152.800 155.300 304.700 327.600 53.700 28.700 290.500 338.400 18.100 359.300 6.200 1.800 305.500 51.100 78.400 70.600 273.300 257.700 285.600 281.000 70.300 69.000 265.400 305.900 66.700 46.700 37.600 235.400 241.500 226.800 96.700 68.700 358.500 15.200 37.500 22.600 216.700 58.800 89.200 48.800 228.300 239.200 228.800 248.000 183.200 339.200 92.500 55.700 307.600 253.300 60.200
175.400 156.600 165.900 174.000 163.100 125.900 174.500 237.800 252.100 159.800 86.000 159.300 183.800 175.100 157.400 141.900 139.900 318.900 323.100 1.200 50.000 159.600 225.900 198.000 203.400 175.800 158.800 118.700 124.800 45.400 38.400 51.500 297.200 244.800 270.500 210.000 79.300 183.100 271.500 332.200 20.900 60.200 47.300 232.100 245.400 229.500 115.700 74.000 3.600 17.100 30.200 42.800 20.100 277.900 43.800 86.100 211.300 251.500 227.200 217.700 261.600 195.100 95.100 115.900 259.100 262.400 34.800
164.100 163.900 176.100 169.900 171.200 170.600 208.100 286.600 336.600 95.500 144.500 153.900 161.500 144.600 136.100 125.600 80.000 157.000 215.300 214.400 136.500 152.400 233.100 219.300 190.100 264.400 300.700 36.500 5.300 50.400 29.000 38.100 356.600 289.600 278.000 185.000 96.900 101.900 289.500 298.300 344.100 43.800 63.300 59.200 238.000 239.400 160.000 62.400 318.000 14.800 38.600 59.100 40.800 299.600 37.600 88.600 64.000 249.400 250.100 229.200 226.800 191.100 348.300 182.500 315.300 298.100 339.800
157.900 147.700 203.300 258.700 104.600 90.200 334.200 278.100 230.700 116.000 142.600 133.200 132.400 80.100 68.400 87.700 181.600 216.300 216.600 179.600 131.500 125.800 297.600 261.500 281.500 273.300 305.900 320.200 2.200 75.300 13.800 89.800 25.100 306.100 278.300 325.400 90.000 95.600 280.600 275.400 299.000 14.200 44.100 58.400 52.700 258.500 238.100 284.200 317.100 26.800 27.900 73.900 58.400 319.800 246.300 98.000 95.000 236.100 251.900 211.300 225.200 195.000 147.700 280.300 299.500 327.200 348.300
13.500 352.100 339.000 342.700 8.400 42.400 41.900 211.400 182.900 150.700 134.900 132.100 22.500 349.800 58.600 75.500 140.500 350.700 333.700 14.300 25.400 347.400 336.100 278.600 274.000 261.000 274.800 333.000 89.000 32.800 130.300 55.200 210.800 256.400 196.200 111.500 78.700 76.400 263.100 238.600 232.000 218.600 58.200 74.900 58.800 264.300 276.300 276.300 299.500 359.500 50.600 55.400 73.000 44.200 291.200 86.700 91.000 224.400 249.500 245.600 216.100 179.200 216.600 266.700 186.000 297.400 287.600
356.500 353.300 3.600 8.900 25.600 67.700 164.600 212.200 150.200 133.000 128.500 43.800 15.400 80.500 55.100 99.300 95.100 357.900 308.700 327.500 8.700 20.700 32.100 18.600 294.500 284.300 291.200 333.200 96.800 58.600 246.100 34.200 75.300 284.900 281.300 53.400 34.300 53.200 22.100 240.800 241.200 247.300 127.300 83.900 82.100 253.300 285.800 258.100 285.800 332.500 61.800 50.900 68.900 51.200 31.100 73.100 82.200 68.900 248.600 274.700 241.600 299.200 227.000 269.200 256.700 238.700 263.900
10.200 4.900 241.400 183.900 151.900 121.900 136.700 142.900 124.300 341.400 329.300 64.900 79.000 188.500 143.500 136.900 333.700 273.800 284.600 28.700 85.600 46.100 324.300 96.700 340.200 260.800 264.900 224.800 80.700 158.200 340.500 79.000 35.500 299.500 320.400 306.700 0.000 9.100 38.800 32.800 235.100 250.400 251.400 91.700 81.400 249.700 271.000 262.500 271.900 300.400 46.300 59.200 54.200 60.600 26.000 62.300 77.300 55.600 226.800 251.400 257.900 248.300 263.800 260.000 289.400 227.300 254.800
180.400 178.800 159.600 156.500 149.000 130.700 133.800 104.700 74.200 330.900 192.500 72.500 163.400 135.300 155.700 241.600 334.200 294.200 310.100 304.500 99.000 29.100 330.900 65.300 21.900 237.800 242.600 247.300 82.800 5.400 313.200 63.300 87.200 254.300 277.600 270.300 24.100 341.700 34.700 61.300 36.400 227.700 198.700 116.800 110.000 46.400 257.900 266.700 260.500 285.800 348.000 64.200 58.600 62.100 54.400 51.700 83.300 65.800 232.800 253.400 245.500 230.400 252.500 252.100 254.300 251.400 222.000
164.400 162.800 151.800 154.700 136.100 132.500 106.800 34.700 336.300 201.500 148.000 120.900 124.500 322.700 334.000 351.900 318.200 307.800 302.200 172.300 68.100 42.000 308.000 358.300 58.700 243.700 249.500 216.600 272.900 228.800 303.900 99.500 106.100 280.900 252.300 292.500 152.100 33.800 54.400 52.200 45.600 302.300 254.800 99.000 104.700 55.200 249.000 247.400 244.200 253.900 289.600 59.400 56.500 57.100 64.800 61.100 80.700 73.400 35.400 265.900 255.300 256.500 230.800 266.900 257.800 217.100 142.200
171.600 164.700 157.700 147.600 140.900 162.600 5.200 14.600 61.600 159.100 110.100 125.200 317.900 24.300 20.700 317.200 306.000 331.000 3.800 30.800 13.600 328.500 295.700 32.200 104.100 37.100 242.400 263.500 255.100 264.200 325.000 73.700 85.500 281.300 266.600 290.100 321.000 26.700 46.100 15.900 18.900 42.800 29.800 322.500 42.200 67.500 291.000 260.900 251.700 256.100 280.100 24.000 60.800 60.400 57.000 61.200 65.200 73.700 40.900 240.900 275.800 242.800 241.000 231.300 244.700 224.700 211.800
167.000 138.900 146.300 170.500 216.000 254.800 357.400 51.000 136.800 106.400 170.800 340.200 3.600 306.800 327.900 185.700 282.900 233.600 268.300 336.700 45.100 340.400 305.800 9.200 86.100 82.500 280.100 290.800 278.800 310.400 3.700 56.300 71.600 260.300 274.100 267.400 304.300 31.400 40.800 343.800 342.600 50.800 46.100 331.200 20.200 82.400 42.900 263.500 265.400 258.300 264.400 286.200 74.600 70.400 65.700 69.800 64.000 70.100 55.700 232.200 244.800 229.300 245.200 223.300 231.700 210.400 181.100
178.000 178.600 200.800 249.800 237.500 213.100 162.200 163.300 147.800 242.700 27.200 17.800 269.900 334.500 57.700 290.200 237.400 223.100 257.300 336.300 66.400 340.400 321.100 349.100 35.400 54.800 32.400 247.600 253.700 233.000 277.200 56.700 70.700 69.700 246.200 254.800 233.200 110.200 100.800 154.900 278.000 92.900 95.700 318.300 328.000 83.900 65.000 242.100 260.200 246.800 249.000 261.500 62.900 72.800 72.400 67.200 73.900 66.800 62.100 43.500 228.700 241.600 238.800 218.900 240.200 231.700 219.200
183.300 129.000 347.900 324.500 322.300 302.700 176.000 148.700 359.500 20.700 7.100 335.900 347.500 329.500 332.000 0.600 333.900 341.800 293.300 324.500 5.200 328.000 318.500 23.300 53.500 0.400 262.700 331.300 264.700 251.900 178.500 26.200 82.300 63.500 214.100 237.500 235.400 206.700 116.900 196.100 246.700 114.600 101.400 3.600 316.000 66.700 77.600 31.600 240.700 243.800 235.400 246.900 248.700 75.700 80.700 71.600 79.700 58.500 78.400 44.600 277.200 277.600 262.700 251.900 249.700 251.700 238.200
331.700 333.300 326.100 318.500 14.200 68.500 56.400 357.000 330.300 310.200 344.700 37.800 352.500 297.300 291.600 9.000 78.800 332.100 277.500 297.900 45.600 308.400 280.100 83.100 98.300 112.200 80.500 268.400 261.900 230.800 214.400 212.400 131.700 103.200 72.100 241.200 247.600 214.100 268.700 121.000 57.100 42.600 58.700 42.400 310.200 52.200 80.000 56.400 233.500 247.200 232.600 233.600 228.000 112.300 89.100 90.900 77.500 85.000 84.100 76.200 337.600 291.200 254.200 296.300 222.000 250.600 246.300
319.600 347.500 301.400 288.200 101.200 106.100 342.300 326.600 279.500 329.500 40.600 22.000 14.000 284.800 309.600 296.300 2.300 45.300 295.100 308.500 329.700 339.800 293.200 62.100 64.800 163.600 14.200 216.400 258.700 233.800 168.500 183.900 173.000 127.300 93.800 230.400 241.500 255.900 256.400 339.400 73.500 26.800 72.400 59.600 299.400 13.400 71.000 65.500 36.700 241.000 239.700 233.300 226.300 168.300 101.500 91.900 88.100 98.700 97.900 98.600 273.300 239.100 260.300 207.400 203.000 223.500 204.300
279.000 277.300 262.500 288.100 105.400 65.100 295.800 306.900 318.500 0.200 31.200 350.700 330.300 323.400 320.000 330.100 11.700 52.000 288.500 291.600 339.500 297.300 359.300 55.700 50.200 57.500 62.500 312.500 304.500 324.600 16.000 4.100 322.100 54.700 94.700 263.700 229.100 239.300 244.600 215.500 104.400 306.600 70.900 56.800 279.300 329.400 66.800 72.100 45.300 234.200 236.200 225.200 224.700 194.400 121.600 82.300 92.300 75.400 91.600 90.500 319.700 268.800 307.400 138.300 205.500 208.800 205.000
286.900 290.500 319.100 28.500 56.000 23.100 298.400 304.100 345.000 348.500 257.600 323.500 43.300 327.500 312.700 0.500 21.200 9.000 337.100 258.700 271.800 208.300 78.300 73.700 223.900 63.700 130.300 235.900 167.800 161.400 122.900 145.400 235.800 260.500 109.700 92.900 238.300 230.700 237.800 213.000 186.600 236.000 17.600 71.100 280.400 289.500 67.500 70.000 61.300 27.900 234.600 237.000 227.600 219.300 136.900 98.200 86.300 82.500 77.600 89.700 311.000 310.600 0.100 17.500 141.200 206.700 209.300
317.800 333.200 6.500 322.500 74.600 104.800 289.600 254.500 232.300 253.200 303.800 322.800 15.800 320.500 301.100 307.400 29.700 47.500 271.000 311.200 265.000 278.700 78.500 95.500 121.500 88.200 112.600 261.100 226.600 210.300 168.000 166.700 173.100 159.700 125.100 119.300 5.800 232.500 231.700 240.200 218.700 257.100 359.400 80.800 268.400 286.600 86.300 71.600 71.800 44.100 266.400 247.600 233.400 226.500 161.900 116.300 94.600 96.700 80.700 92.000 290.700 288.200 70.200 71.300 183.300 178.800 204.800
306.500 288.900 206.900 31.900 334.500 58.000 10.100 279.400 313.000 343.100 336.000 337.500 37.900 268.000 282.900 307.200 45.400 23.700 27.400 42.900 280.100 301.700 55.000 351.600 45.700 79.400 90.000 352.900 307.500 40.700 67.300 293.700 304.900 295.900 51.400 37.200 59.400 28.300 228.800 252.000 245.800 246.800 229.800 75.700 133.700 287.100 122.600 85.000 77.700 78.700 21.400 241.000 243.600 225.100 175.100 128.000 113.600 96.500 82.300 85.200 268.000 266.200 103.900 98.800 93.200 189.300 208.900
251.200 202.600 71.600 257.200 331.500 3.900 345.400 329.100 356.000 323.800 327.000 9.900 48.100 273.800 288.100 303.000 26.500 13.600 356.800 4.800 261.000 302.900 294.200 26.000 65.800 64.300 60.500 34.500 24.300 14.100 1.700 319.400 318.900 355.600 5.200 32.700 41.400 38.400 241.400 225.000 234.900 217.500 215.900 200.300 155.000 229.300 258.200 95.200 83.500 81.800 36.000 260.900 249.300 211.100 179.600 140.800 129.200 88.600 87.300 75.200 258.400 260.500 84.800 103.900 45.000 0.000 225.000
234.100 212.400 316.500 267.200 314.700 338.300 354.300 355.700 326.600 301.200 2.000 66.200 50.800 322.700 280.300 274.200 284.000 103.500 359.000 351.400 343.300 337.300 342.800 220.000 33.700 71.400 38.500 0.500 35.100 46.200 51.600 325.400 285.500 308.400 353.000 32.000 37.100 61.100 46.000 225.000 225.000 213.000 199.900 191.500 182.000 191.000 193.300 130.100 102.600 82.600 79.400 315.300 259.500 177.000 149.800 157.700 256.800 83.200 83.000 75.700 248.400 266.900 134.000 101.600 85.000 0.000 315.000
305.100 340.300 339.500 335.900 292.600 40.800 270.600 301.400 336.900 310.300 278.100 59.700 101.700 49.400 269.800 265.400 300.700 102.800 52.200 359.000 329.800 25.000 121.000 151.900 132.300 121.500 79.200 73.000 30.000 329.000 9.300 232.300 241.900 209.500 193.400 42.100 61.600 43.200 47.100 45.000 225.000 225.000 208.700 205.900 198.600 192.400 188.300 158.600 114.000 94.400 92.700 331.000 158.100 118.500 158.500 220.000 266.800 107.800 82.300 125.300 283.600 296.000 351.600 45.200 66.900 45.000 315.000
320.800 326.400 331.500 18.800 340.400 265.500 331.100 333.500 328.100 353.500 5.900 38.300 357.800 10.200 51.000 249.900 277.100 52.500 325.400 214.500 83.900 132.000 163.500 269.700 174.900 56.500 89.400 41.000 49.300 14.400 15.600 33.500 243.000 238.500 250.600 298.700 79.300 40.800 23.300 44.800 45.000 225.000 225.000 225.700 206.600 207.000 209.800 185.400 112.900 100.300 72.400 118.500 113.100 130.900 164.500 228.700 221.500 119.000 91.500 316.100 320.000 3.800 35.100 52.300 71.000 0.000 313.200
285.100 225.100 305.800 239.500 9.600 1.000 303.400 309.500 306.800 68.100 55.900 167.700 359.700 18.800 325.600 276.900 298.000 197.000 85.400 232.900 229.100 108.800 79.400 12.600 12.700 35.800 36.700 38.000 19.400 313.100 338.000 38.400 37.200 256.200 252.600 220.800 290.600 43.500 11.000 21.000 37.400 45.000 36.200 239.300 253.000 237.400 225.400 166.600 113.800 97.000 91.100 127.800 114.400 128.400 158.600 196.400 199.200 131.500 39.000 312.400 333.100 27.700 52.500 79.200 115.200 128.700 306.300
259.000 242.900 218.000 110.600 279.900 304.400 344.700 312.100 0.100 61.200 15.900 346.700 320.000 17.000 22.900 359.800 326.800 210.200 236.000 56.100 88.500 23.100 22.300 225.200 358.300 160.200 358.800 105.600 36.800 156.700 67.700 94.800 79.200 351.800 229.100 220.700 178.400 183.400 342.800 6.400 31.900 30.100 28.000 1.300 300.500 236.900 236.800 196.300 131.800 123.600 126.900 128.400 115.800 127.400 176.300 204.800 218.000 129.100 315.000 286.900 352.000 84.900 78.700 57.000 34.300 45.000 229.400
286.500 19.400 220.100 282.200 200.800 270.200 277.200 280.200 275.900 39.200 54.900 3.100 345.900 356.400 84.500 45.100 235.700 315.300 40.900 295.900 345.500 52.700 349.600 288.700 78.600 89.000 1.300 51.100 5.900 274.400 8.400 102.700 76.000 357.800 294.600 320.000 265.800 276.700 301.500 10.800 24.000 38.200 33.700 27.100 352.000 286.100 182.700 166.000 150.500 129.000 135.900 116.200 125.100 108.200 114.900 321.400 358.800 325.700 299.200 289.600 49.000 107.400 109.100 102.800 68.300 52.700 225.000
343.500 31.400 330.100 304.300 289.000 292.400 200.400 239.700 270.300 17.900 18.200 8.400 5.200 110.300 126.900 91.400 22.800 326.100 323.500 341.000 59.100 54.100 311.800 14.700 64.200 41.000 141.300 315.800 120.600 77.700 58.200 276.900 349.900 39.600 25.100 342.200 294.700 289.800 298.500 318.900 12.400 47.700 39.300 48.800 44.100 17.200 204.200 111.800 140.600 121.200 144.200 121.200 130.200 100.300 42.800 24.900 303.700 313.000 274.700 296.700 126.800 116.600 113.000 208.200 128.500 122.100 154.500
282.200 91.900 327.000 311.600 341.200 329.000 309.300 271.100 3.700 136.200 120.900 170.500 174.600 165.500 50.300 50.200 332.500 329.300 342.500 334.000 338.200 65.100 359.200 318.400 64.400 36.700 297.000 7.000 4.100 344.500 69.400 51.200 61.200 336.100 24.500 32.900 269.800 248.300 238.500 227.300 259.000 24.500 61.900 62.600 59.400 52.200 97.100 124.600 102.100 137.800 110.300 127.400 102.100 337.600 32.300 319.100 314.900 326.800 291.900 218.000 126.300 100.700 19.800 314.700 46.400 49.700 45.000
