Source/meteoio/tests/dem_reading/ref_AZI.asc
ncols               386
nrows               229
xllcorner    479500.000
yllcorner     73500.000
cellsize       1000.000
NODATA_value -999
[rows 174 to 202 of 229, columns 201 to 267 of 386]
178.900 166.000 154.800 129.400 98.800 336.200 8.700 19.300 3.800 21.700 2.200 143.200 179.900 206.200 205.100 200.100 234.800 216.200 86.000 52.300 28.000 17.900 29.200 83.400 233.300 256.700 215.600 138.200 182.100 201.300 209.300 226.700 173.100 129.000 157.300 144.900 107.100 87.100 78.900 241.900 256.500 241.000 248.300 237.900 181.000 109.600 97.800 92.500 21.500 261.000 215.400 105.800 104.300 51.500 285.000 296.400 308.300 30.000 357.000 296.400 346.200 -999.000 -999.000 -999.000 -999.000 -999.000 -999.000
183.600 176.500 77.000 77.000 351.800 313.600 354.500 5.400 20.000 51.200 33.500 339.000 38.600 188.700 207.000 201.600 269.900 233.800 222.100 293.300 217.300 29.500 55.000 61.500 244.100 239.600 234.300 122.600 149.300 244.000 229.800 255.500 318.200 89.000 96.200 52.700 77.300 58.400 73.800 224.200 247.900 231.500 232.000 240.400 183.300 126.100 120.800 113.800 210.200 243.000 158.800 122.100 111.200 297.500 278.700 286.100 291.000 322.300 352.000 300.700 -999.000 -999.000 -999.000 -999.000 -999.000 -999.000 -999.000
355.500 19.300 15.800 2.300 334.600 292.000 5.800 75.800 61.400 42.000 44.800 32.100 31.700 24.500 221.000 262.500 230.000 228.500 168.000 188.700 214.300 278.800 45.500 48.600 80.500 244.500 211.100 159.400 233.400 262.700 310.600 271.200 355.400 96.800 39.900 313.100 46.300 73.600 83.600 49.200 228.000 246.000 237.700 248.100 249.500 108.300 98.600 97.400 174.700 236.500 145.100 121.900 101.800 254.300 268.900 238.300 216.900 202.200 264.200 281.900 -999.000 -999.000 -999.000 -999.000 -999.000 -999.000 -999.000
334.000 345.400 348.900 354.700 352.800 343.100 36.000 158.400 21.100 55.800 20.000 10.900 58.700 48.300 68.600 261.800 237.100 209.800 159.100 220.700 248.500 249.500 96.900 57.900 39.000 8.500 186.200 146.900 158.900 231.400 238.600 229.700 233.400 137.200 65.500 107.500 31.800 71.300 75.100 53.600 246.700 246.500 231.600 247.600 223.800 121.100 88.900 73.600 154.400 195.600 155.400 129.800 9.500 273.700 290.200 304.900 156.600 246.000 234.500 -999.000 -999.000 -999.000 -999.000 -999.000 -999.000 -999.000 -999.000
316.900 358.300 75.900 1.000 287.600 335.900 103.600 83.100 67.700 343.500 339.200 40.500 83.900 53.900 91.700 106.400 233.700 217.000 222.900 273.800 289.000 274.600 262.500 77.100 44.300 27.500 39.800 50.200 259.200 266.100 259.000 194.400 207.000 30.900 116.800 60.800 66.000 34.600 60.200 64.600 47.200 233.800 257.400 236.700 207.300 159.800 144.000 118.000 178.900 204.100 133.800 124.700 259.800 285.500 300.800 336.400 338.400 316.000 260.400 -999.000 -999.000 -999.000 -999.000 -999.000 -999.000 -999.000 -999.000
224.900 190.100 184.600 199.100 169.000 154.100 167.900 165.700 206.200 156.500 156.500 145.300 67.500 57.100 51.900 56.600 213.400 227.800 213.700 244.200 233.400 241.700 262.600 84.500 38.300 49.800 73.300 35.800 303.400 308.800 328.800 320.800 323.500 6.100 63.200 66.200 27.100 8.000 53.600 76.200 72.100 51.100 260.000 234.500 198.500 168.200 171.300 163.600 151.100 158.800 227.600 310.500 278.900 286.100 273.100 282.500 36.900 13.600 324.600 -999.000 -999.000 -999.000 -999.000 -999.000 -999.000 -999.000 -999.000
151.000 162.600 147.400 168.100 186.300 171.800 159.100 176.600 206.900 219.700 189.900 111.500 50.800 45.100 32.500 52.800 57.200 54.500 220.100 214.700 218.500 214.400 230.200 191.500 153.700 136.900 117.000 132.300 256.300 254.800 244.500 276.900 285.800 311.600 23.700 47.700 357.000 9.500 58.900 74.200 65.800 52.300 228.500 220.000 178.700 172.500 173.500 164.200 184.900 191.600 329.200 322.800 317.000 304.400 289.300 267.100 298.100 18.700 348.400 -999.000 -999.000 -999.000 -999.000 -999.000 -999.000 -999.000 -999.000
112.200 110.500 69.200 12.300 18.000 141.800 44.400 157.700 162.800 169.800 191.100 248.400 197.200 13.500 78.700 65.500 47.600 47.700 208.300 200.200 212.900 224.000 229.900 242.800 211.500 88.200 68.600 108.500 217.300 221.100 226.300 212.500 177.000 185.800 202.800 77.700 129.700 87.500 109.300 86.200 74.600 79.000 220.000 245.000 236.300 10.700 0.600 359.700 356.700 8.800 8.800 296.200 286.800 297.600 295.200 297.100 262.900 -999.000 -999.000 -999.000 -999.000 -999.000 -999.000 -999.000 -999.000 -999.000 -999.000
-999.000 -999.000 14.800 13.000 3.300 19.300 8.300 339.000 2.600 115.500 295.500 237.600 197.800 103.400 136.600 75.500 53.000 46.200 17.900 24.100 279.000 257.200 248.600 238.200 89.400 84.200 48.400 57.100 195.600 265.600 217.700 229.200 211.600 197.600 202.300 157.100 154.300 176.800 114.900 89.800 88.300 90.600 78.400 314.000 317.000 322.500 336.400 353.900 358.900 4.800 339.100 272.600 264.900 258.200 298.200 312.700 295.600 -999.000 -999.000 -999.000 -999.000 -999.000 -999.000 -999.000 -999.000 -999.000 -999.000
-999.000 -999.000 -999.000 -999.000 213.500 125.300 107.200 98.200 81.100 98.400 323.600 243.900 211.800 147.900 140.000 172.300 294.800 66.800 61.900 55.800 298.400 277.900 281.100 253.100 228.400 129.000 123.300 98.400 120.900 290.200 272.200 302.700 138.600 220.800 219.900 163.600 139.200 129.400 132.700 112.700 109.500 106.800 291.700 303.200 308.200 354.700 335.600 313.200 320.600 7.300 27.500 345.600 293.200 269.100 263.200 291.700 -999.000 -999.000 -999.000 -999.000 -999.000 -999.000 -999.000 -999.000 -999.000 -999.000 -999.000
-999.000 -999.000 -999.000 -999.000 199.200 163.400 165.500 180.800 164.600 131.100 163.100 212.700 169.000 160.600 161.900 182.400 234.000 190.300 103.400 96.300 194.100 255.200 251.700 242.600 114.300 110.000 150.700 118.100 51.800 257.500 304.900 198.400 213.200 202.400 190.700 150.300 165.000 151.700 154.800 152.800 128.900 129.800 306.600 309.000 315.800 323.400 321.100 265.300 285.100 347.200 37.300 21.300 20.800 302.400 270.600 -999.000 -999.000 -999.000 -999.000 -999.000 -999.000 -999.000 -999.000 -999.000 -999.000 -999.000 -999.000
-999.000 -999.000 -999.000 -999.000 -999.000 163.700 159.500 310.300 15.000 41.700 58.700 186.400 341.100 139.200 71.600 165.200 228.700 163.800 119.900 121.900 209.300 265.400 240.500 182.300 152.900 159.500 143.300 129.800 175.100 231.700 228.300 194.200 160.400 183.000 190.900 166.700 160.700 155.300 160.100 144.900 133.900 138.100 275.100 274.100 294.800 342.600 347.700 327.600 321.100 327.600 49.300 17.600 5.500 329.200 284.900 -999.000 -999.000 -999.000 -999.000 -999.000 -999.000 -999.000 -999.000 -999.000 -999.000 -999.000 -999.000
-999.000 -999.000 -999.000 -999.000 -999.000 -999.000 338.500 338.100 11.100 23.200 15.600 10.400 9.400 19.600 31.800 41.700 190.300 195.000 165.800 136.000 165.900 254.100 226.700 185.000 152.600 158.800 175.100 154.800 185.100 208.300 179.400 177.900 179.300 186.100 187.100 183.600 171.700 146.000 161.100 154.700 136.600 299.300 278.200 273.700 250.500 142.000 165.300 270.000 261.900 272.300 346.500 17.700 4.500 347.000 301.900 -999.000 -999.000 -999.000 -999.000 -999.000 -999.000 -999.000 -999.000 -999.000 -999.000 -999.000 -999.000
-999.000 -999.000 -999.000 -999.000 -999.000 -999.000 -999.000 258.200 162.300 107.200 117.200 112.100 175.100 128.300 147.300 108.000 188.300 332.300 92.400 68.000 111.200 217.300 212.600 168.800 160.400 165.200 165.000 165.800 176.300 197.000 205.300 190.300 160.700 187.700 192.000 173.400 179.300 155.600 139.600 137.900 311.300 260.700 271.000 239.800 222.900 205.700 193.900 189.800 205.300 213.100 205.100 272.000 352.600 350.600 -999.000 -999.000 -999.000 -999.000 -999.000 -999.000 -999.000 -999.000 -999.000 -999.000 -999.000 -999.000 -999.000
-999.000 -999.000 -999.000 -999.000 -999.000 -999.000 -999.000 205.900 176.100 159.400 160.400 161.800 173.300 182.000 140.200 85.800 348.800 3.500 28.100 37.200 36.500 227.300 221.800 154.400 145.400 143.000 135.000 153.300 225.000 173.100 181.400 226.400 227.200 185.000 206.300 170.200 142.200 144.800 288.200 311.700 313.100 303.100 293.700 295.900 266.800 329.600 285.400 297.700 268.800 269.200 250.400 233.200 -999.000 -999.000 -999.000 -999.000 -999.000 -999.000 -999.000 -999.000 -999.000 -999.000 -999.000 -999.000 -999.000 -999.000 -999.000
-999.000 -999.000 -999.000 -999.000 -999.000 -999.000 -999.000 -999.000 182.800 165.100 157.300 173.700 243.200 269.700 14.700 21.100 337.000 338.800 51.200 74.200 84.500 103.100 167.700 149.200 135.000 135.000 0.000 0.000 225.000 276.500 265.500 312.800 278.300 33.000 320.100 314.100 314.100 323.200 343.200 329.300 326.500 335.800 341.300 351.000 5.700 8.200 332.300 325.300 332.900 332.700 313.200 -999.000 -999.000 -999.000 -999.000 -999.000 -999.000 -999.000 -999.000 -999.000 -999.000 -999.000 -999.000 -999.000 -999.000 -999.000 -999.000
-999.000 -999.000 -999.000 -999.000 -999.000 -999.000 -999.000 -999.000 -999.000 266.300 71.300 27.700 346.900 330.300 343.500 333.300 341.000 81.700 105.500 119.600 150.100 151.200 141.600 135.000 135.000 0.000 315.000 315.000 315.200 329.500 343.600 14.800 8.400 354.400 358.500 3.300 0.500 343.500 340.500 350.400 336.700 309.100 326.500 323.200 345.900 15.600 343.800 289.000 6.400 1.900 -999.000 -999.000 -999.000 -999.000 -999.000 -999.000 -999.000 -999.000 -999.000 -999.000 -999.000 -999.000 -999.000 -999.000 -999.000 -999.000 -999.000
-999.000 -999.000 -999.000 -999.000 -999.000 -999.000 -999.000 -999.000 -999.000 349.500 354.700 2.600 350.800 323.700 5.800 41.600 162.400 126.500 126.200 141.300 135.000 135.000 0.000 0.000 315.000 315.000 335.700 338.900 337.300 339.500 11.800 12.400 11.300 16.600 337.700 337.400 358.800 359.400 6.100 334.400 277.300 264.100 280.200 285.900 357.600 34.600 8.300 295.600 355.600 -999.000 -999.000 -999.000 -999.000 -999.000 -999.000 -999.000 -999.000 -999.000 -999.000 -999.000 -999.000 -999.000 -999.000 -999.000 -999.000 -999.000 -999.000
-999.000 -999.000 -999.000 -999.000 -999.000 -999.000 -999.000 -999.000 -999.000 -999.000 340.100 348.100 5.200 333.700 31.000 122.900 137.200 131.800 119.000 135.000 0.000 0.000 0.000 315.000 315.000 333.700 334.900 358.300 341.600 310.200 357.100 19.800 53.600 55.100 322.900 292.900 14.300 334.700 287.000 280.100 251.200 301.600 245.200 250.900 259.000 0.500 33.500 -999.000 -999.000 -999.000 -999.000 -999.000 -999.000 -999.000 -999.000 -999.000 -999.000 -999.000 -999.000 -999.000 -999.000 -999.000 -999.000 -999.000 -999.000 -999.000 -999.000
-999.000 -999.000 -999.000 -999.000 -999.000 -999.000 -999.000 -999.000 -999.000 -999.000 324.000 331.900 -999.000 347.800 82.200 112.900 113.000 120.200 128.700 135.000 0.000 0.000 315.000 315.000 323.900 327.400 334.900 0.500 348.300 291.800 13.100 82.600 46.600 84.600 211.700 222.700 179.500 182.400 286.500 300.300 317.300 334.400 299.400 276.600 252.600 248.200 -999.000 -999.000 -999.000 -999.000 -999.000 -999.000 -999.000 -999.000 -999.000 -999.000 -999.000 -999.000 -999.000 -999.000 -999.000 -999.000 -999.000 -999.000 -999.000 -999.000 -999.000
-999.000 -999.000 -999.000 -999.000 -999.000 -999.000 -999.000 -999.000 -999.000 -999.000 -999.000 -999.000 -999.000 -999.000 81.500 88.100 99.600 100.200 124.300 0.000 -999.000 0.000 308.600 313.000 322.600 328.600 333.900 16.400 310.600 317.900 17.700 38.600 51.100 77.800 114.500 275.400 223.800 0.200 316.700 311.100 343.300 27.400 5.000 259.800 230.300 233.600 -999.000 -999.000 -999.000 -999.000 -999.000 -999.000 -999.000 -999.000 -999.000 -999.000 -999.000 -999.000 -999.000 -999.000 -999.000 -999.000 -999.000 -999.000 -999.000 -999.000 -999.000
-999.000 -999.000 -999.000 -999.000 -999.000 -999.000 -999.000 -999.000 -999.000 -999.000 -999.000 -999.000 -999.000 -999.000 -999.000 -999.000 86.500 94.900 153.400 -999.000 -999.000 -999.000 311.900 307.100 317.400 306.900 178.200 144.100 209.000 303.700 104.000 45.400 101.400 91.900 69.500 298.300 321.600 358.400 296.800 256.700 312.900 188.600 161.200 171.900 197.000 217.400 230.000 -999.000 -999.000 -999.000 -999.000 -999.000 -999.000 -999.000 -999.000 -999.000 -999.000 -999.000 -999.000 -999.000 -999.000 -999.000 -999.000 -999.000 -999.000 -999.000 -999.000
-999.000 -999.000 -999.000 -999.000 -999.000 -999.000 -999.000 -999.000 -999.000 -999.000 -999.000 -999.000 -999.000 -999.000 -999.000 -999.000 -999.000 -999.000 -999.000 -999.000 -999.000 -999.000 -999.000 -999.000 -999.000 -999.000 155.300 187.500 250.500 241.100 124.800 124.400 123.400 121.600 133.300 287.200 309.000 106.600 242.200 213.400 175.100 160.000 164.700 183.200 195.900 223.100 231.600 -999.000 -999.000 -999.000 -999.000 -999.000 -999.000 -999.000 -999.000 -999.000 -999.000 -999.000 -999.000 -999.000 -999.000 -999.000 -999.000 -999.000 -999.000 -999.000 -999.000
-999.000 -999.000 -999.000 -999.000 -999.000 -999.000 -999.000 -999.000 -999.000 -999.000 -999.000 -999.000 -999.000 -999.000 -999.000 -999.000 -999.000 -999.000 -999.000 -999.000 -999.000 -999.000 -999.000 -999.000 -999.000 -999.000 -999.000 279.300 281.400 305.500 78.000 110.600 97.300 102.500 192.100 261.100 226.500 138.400 224.600 187.600 175.600 205.000 169.700 177.100 244.000 251.700 233.700 -999.000 -999.000 -999.000 -999.000 -999.000 -999.000 -999.000 -999.000 -999.000 -999.000 -999.000 -999.000 -999.000 -999.000 -999.000 -999.000 -999.000 -999.000 -999.000 -999.000
-999.000 -999.000 -999.000 -999.000 -999.000 -999.000 -999.000 -999.000 -999.000 -999.000 -999.000 -999.000 -999.000 -999.000 -999.000 -999.000 -999.000 -999.000 -999.000 -999.000 -999.000 -999.000 -999.000 -999.000 -999.000 -999.000 -999.000 -999.000 292.600 133.400 106.500 96.400 80.900 76.500 188.200 223.000 182.000 157.600 213.400 242.200 174.800 349.400 310.200 331.500 330.700 328.200 -999.000 -999.000 -999.000 -999.000 -999.000 -999.000 -999.000 -999.000 -999.000 -999.000 -999.000 -999.000 -999.000 -999.000 -999.000 -999.000 -999.000 -999.000 -999.000 -999.000 -999.000
-999.000 -999.000 -999.000 -999.000 -999.000 -999.000 -999.000 -999.000 -999.000 -999.000 -999.000 -999.000 -999.000 -999.000 -999.000 -999.000 -999.000 -999.000 -999.000 -999.000 -999.000 -999.000 -999.000 -999.000 -999.000 -999.000 -999.000 -999.000 -999.000 116.600 121.900 98.600 91.200 83.900 66.200 228.500 232.300 171.400 201.800 191.000 252.900 279.300 306.300 335.400 339.800 337.300 -999.000 -999.000 -999.000 -999.000 -999.000 -999.000 -999.000 -999.000 -999.000 -999.000 -999.000 -999.000 -999.000 -999.000 -999.000 -999.000 -999.000 -999.000 -999.000 -999.000 -999.000
-999.000 -999.000 -999.000 -999.000 -999.000 -999.000 -999.000 -999.000 -999.000 -999.000 -999.000 -999.000 -999.000 -999.000 -999.000 -999.000 -999.000 -999.000 -999.000 -999.000 -999.000 -999.000 -999.000 -999.000 -999.000 -999.000 -999.000 -999.000 -999.000 104.300 127.900 182.800 131.300 104.000 83.400 231.900 304.700 177.300 213.000 245.700 287.600 293.500 298.300 -999.000 -999.000 -999.000 -999.000 -999.000 -999.000 -999.000 -999.000 -999.000 -999.000 -999.000 -999.000 -999.000 -999.000 -999.000 -999.000 -999.000 -999.000 -999.000 -999.000 -999.000 -999.000 -999.000 -999.000
-999.000 -999.000 -999.000 -999.000 -999.000 -999.000 -999.000 -999.000 -999.000 -999.000 -999.000 -999.000 -999.000 -999.000 -999.000 -999.000 -999.000 -999.000 -999.000 -999.000 -999.000 -999.000 -999.000 -999.000 -999.000 -999.000 -999.000 -999.000 142.200 135.300 148.900 159.400 134.800 102.800 118.000 276.000 254.600 106.900 190.700 281.300 295.100 305.800 -999.000 -999.000 -999.000 -999.000 -999.000 -999.000 -999.000 -999.000 -999.000 -999.000 -999.000 -999.000 -999.000 -999.000 -999.000 -999.000 -999.000 -999.000 -999.000 -999.000 -999.000 -999.000 -999.000 -999.000 -999.000
-999.000 -999.000 -999.000 -999.000 -999.000 -999.000 -999.000 -999.000 -999.000 -999.000 -999.000 -999.000 -999.000 -999.000 -999.000 -999.000 -999.000 -999.000 -999.000 -999.000 -999.000 -999.000 -999.000 -999.000 -999.000 -999.000 -999.000 129.600 133.500 133.300 133.000 198.800 133.600 92.300 120.000 260.700 200.400 108.400 236.700 285.600 289.400 -999.000 -999.000 -999.000 -999.000 -999.000 -999.000 -999.000 -999.000 -999.000 -999.000 -999.000 -999.000 -999.000 -999.000 -999.000 -999.000 -999.000 -999.000 -999.000 -999.000 -999.000 -999.000 -999.000 -999.000 -999.000 -999.000
