SVN_repositor/.svn/pristine/ae/aeb965c429205c163959e1c810ab33552437a2f0.svn-base
ncols                70
nrows               120
xllcorner    593500.000
yllcorner    119500.000
cellsize       1000.000
NODATA_value -999
[rows 28 to 55 of 120, columns 0 to 63 of 70]
506.800 518.600 521.400 545.300 564.400 583.600 616.600 566.000 569.800 554.700 553.300 529.400 514.600 514.900 513.300 527.100 531.100 565.400 567.600 582.600 543.700 621.200 589.400 690.800 793.400 772.000 736.000 774.500 780.000 789.610 759.110 866.400 799.600 793.900 876.400 851.700 819.600 953.200 1032.390 1055.300 1008.300 989.600 839.600 797.900 913.300 759.200 879.500 880.810 937.400 873.100 941.200 862.710 812.900 789.600 601.600 712.000 684.700 603.500 590.800 720.000 845.400 761.790 645.200 536.400
550.500 517.000 521.700 524.200 527.600 541.900 580.400 546.800 564.100 553.100 540.100 526.700 514.800 519.900 529.500 534.900 557.500 632.800 629.900 614.800 547.300 549.300 670.100 765.600 778.700 721.900 699.990 763.300 821.900 711.300 787.900 712.300 762.010 806.500 839.700 898.410 949.600 1012.700 941.400 1107.010 1014.400 982.100 881.400 825.400 881.410 888.600 886.400 1045.390 1068.400 867.290 860.310 827.400 800.690 812.110 590.010 774.710 862.710 829.890 702.600 525.300 516.190 505.430 498.700 491.900
639.800 590.800 550.800 615.000 593.200 535.000 525.500 525.200 560.900 569.700 547.300 520.400 521.100 534.800 550.100 539.800 601.200 637.000 689.600 569.600 613.300 553.400 600.700 752.500 680.800 634.800 680.300 744.600 762.990 697.310 715.400 729.790 799.000 963.200 788.700 1002.110 988.790 1088.110 943.900 907.200 1089.900 1009.390 983.210 874.700 978.700 829.590 965.600 853.300 870.800 844.900 860.100 828.900 805.190 686.400 676.400 744.400 900.600 932.200 758.190 636.200 569.810 560.960 594.500 668.300
670.200 650.700 619.300 674.400 644.600 610.500 573.100 550.800 537.600 521.000 527.200 523.200 525.000 555.900 609.100 584.100 648.900 654.100 639.800 655.000 672.800 559.000 566.600 656.200 630.600 703.600 780.000 774.800 652.600 674.000 733.500 810.300 829.200 804.000 940.200 845.110 980.790 1078.700 1170.600 1146.600 1022.600 1190.700 945.890 938.890 1048.000 979.990 1054.990 985.900 896.700 935.800 854.610 874.000 640.300 730.190 670.000 800.690 943.190 921.510 743.500 583.600 679.100 722.620 860.100 933.710
713.400 672.300 669.300 674.900 658.300 609.100 583.900 579.800 550.200 538.000 527.800 542.600 572.200 559.200 636.700 598.000 588.900 701.300 700.200 725.700 777.100 646.600 587.900 570.100 602.000 679.600 706.600 654.910 638.000 754.200 751.800 710.300 837.700 890.300 1039.600 1001.800 951.800 976.600 1060.100 1088.400 1017.800 1162.010 1059.800 1143.700 1034.300 1139.300 1041.710 1080.500 1038.800 983.590 840.710 750.910 806.500 811.900 687.500 862.710 936.500 854.700 729.000 758.600 877.100 917.970 774.500 843.700
658.820 621.350 645.430 680.490 628.080 594.950 596.910 570.150 558.700 570.570 575.100 620.880 641.810 668.550 720.900 585.000 625.980 663.970 700.460 798.710 802.650 636.350 621.530 598.110 584.310 584.260 617.750 610.200 681.070 657.780 709.250 738.900 850.070 922.500 969.190 1072.190 1145.950 1110.220 959.230 1188.020 1308.690 1258.570 1136.860 1214.230 1350.250 1241.680 1301.580 999.480 933.340 963.330 920.780 805.740 902.510 707.180 719.490 865.730 907.640 926.160 921.490 826.670 717.520 717.080 821.020 850.300
624.800 624.700 604.000 602.200 584.900 571.100 556.400 564.600 554.800 609.300 642.900 789.600 715.000 682.700 694.400 637.100 734.800 775.800 760.000 788.300 763.000 794.400 659.300 660.800 685.800 706.600 610.300 600.900 607.500 741.100 805.700 895.500 963.300 966.800 1015.100 1069.810 1120.900 997.500 1050.900 1176.410 1200.590 1201.800 1118.710 1180.900 1131.890 1168.910 959.200 1107.800 988.710 1060.000 940.790 840.200 881.490 718.000 787.690 946.300 947.210 1072.500 940.000 849.590 871.990 991.280 1041.890 1111.500
644.500 634.200 614.100 581.300 578.000 583.000 575.700 507.700 540.100 579.800 677.800 684.500 738.400 742.500 794.400 706.500 853.900 778.900 832.100 786.600 839.600 766.400 624.800 659.500 736.700 660.000 659.800 637.600 630.300 631.200 698.400 860.610 790.900 889.700 944.490 1052.900 968.910 1066.000 1141.400 1226.800 1068.800 1118.300 1041.410 1157.700 1011.900 1155.590 947.790 886.700 852.590 927.990 797.610 822.010 824.310 717.910 797.800 998.400 1010.110 1079.400 1104.010 833.300 980.810 1249.430 1221.100 1508.390
605.200 594.000 580.700 583.000 582.300 571.000 521.300 541.500 508.100 553.800 600.500 641.600 733.200 882.400 862.200 609.910 836.400 844.500 935.100 869.700 781.500 707.400 795.600 718.900 829.800 686.500 765.300 760.290 749.790 633.000 673.590 689.400 830.490 915.190 968.600 932.100 988.510 1019.400 1227.500 1024.500 955.290 1008.200 928.600 1049.200 1035.810 1136.010 1138.790 982.810 939.310 782.390 945.090 835.700 689.490 806.600 831.090 934.400 1021.400 1102.010 1247.100 1026.910 1079.100 1320.050 1310.400 1492.210
523.300 513.100 526.100 481.000 501.800 554.400 489.100 525.600 550.000 566.000 543.600 592.600 669.700 734.500 734.300 701.300 838.900 794.400 871.000 892.900 735.500 793.400 800.400 791.700 845.300 732.400 772.900 798.900 790.300 628.600 671.400 824.810 863.400 780.000 989.200 846.990 989.600 998.490 1034.400 1063.400 926.290 952.900 902.410 1037.500 1083.790 1067.110 983.990 964.890 1006.090 982.690 840.900 699.200 802.610 900.990 840.900 821.290 851.500 1056.210 1098.110 1322.200 1260.000 1548.780 1775.090 1620.300
516.800 481.400 506.500 551.100 549.800 557.700 560.500 556.200 557.100 556.100 548.600 577.400 561.700 626.800 684.900 629.600 721.100 829.500 891.700 823.200 682.500 898.500 871.600 899.800 752.300 812.300 759.710 918.000 796.390 662.210 638.910 837.500 812.400 917.000 795.200 964.800 900.990 939.400 979.710 1008.410 879.600 846.900 900.300 1018.700 1022.400 1031.300 1036.600 1071.200 944.210 811.510 711.010 757.500 951.000 1022.010 1143.400 1085.490 1027.610 1075.400 995.890 1158.100 1642.890 1616.630 1471.990 1338.810
610.800 531.500 554.800 550.100 550.300 549.700 559.800 521.400 586.400 579.800 584.500 677.000 681.200 592.800 558.900 591.200 724.600 777.100 878.600 838.900 706.300 928.500 892.400 889.600 833.100 839.700 861.490 918.700 868.800 682.900 647.100 803.900 734.100 793.600 809.900 871.100 806.700 983.800 891.610 914.100 885.500 1009.900 1103.700 1155.300 1105.100 1022.010 968.490 919.000 854.610 758.900 724.510 877.590 1077.010 1110.910 1219.500 1031.700 1141.910 1223.310 1088.910 1080.700 1491.110 1628.140 1526.090 1395.600
572.600 574.200 561.000 558.500 552.000 542.800 508.800 532.300 553.200 555.000 555.500 617.590 707.700 721.700 709.000 560.800 689.100 770.600 778.400 691.200 800.100 963.400 868.000 918.000 1014.800 987.000 901.700 912.910 819.990 758.400 666.400 659.000 670.100 708.290 788.990 743.810 856.400 1010.600 806.910 903.810 833.910 1061.400 1037.800 1102.300 1061.210 942.400 921.210 840.690 786.110 732.500 759.290 1069.290 1262.810 1420.490 1125.810 1152.900 1222.400 1538.490 1650.790 1079.800 1315.300 1519.060 1646.400 1578.710
593.500 573.500 565.400 631.400 591.000 560.600 542.300 509.000 530.200 546.000 560.000 559.800 573.000 597.600 636.800 570.800 655.600 762.100 696.500 694.000 806.700 799.510 824.300 839.600 875.700 1062.500 980.200 923.710 734.900 678.990 711.800 824.510 794.110 765.200 699.100 740.690 839.500 977.200 825.300 937.500 986.200 1010.300 1192.400 1156.900 954.690 919.000 830.300 769.890 777.910 902.590 782.600 1202.390 1399.510 1260.810 1206.510 1188.200 1375.300 1377.390 1167.400 1265.500 1576.200 1550.920 1385.600 1338.300
650.500 570.600 605.600 649.600 574.800 619.700 669.900 620.200 547.100 508.900 516.500 569.300 587.300 568.800 594.300 664.100 592.900 641.700 721.100 815.200 738.400 779.000 852.400 931.900 920.300 971.300 976.200 851.000 697.300 675.200 797.900 842.710 878.900 917.700 778.400 709.600 719.400 734.000 921.300 786.200 1042.200 981.200 1041.410 1081.700 888.400 822.890 819.100 958.710 1036.090 951.990 800.400 1142.910 1339.000 1312.910 1381.800 1651.210 1320.300 1392.910 1268.500 1735.610 1476.800 1279.950 1345.610 1325.110
587.100 654.600 657.900 616.200 626.500 611.500 758.500 817.200 604.900 522.200 509.100 510.100 580.000 566.900 569.300 604.900 606.500 634.200 665.100 720.400 746.000 788.000 950.000 872.400 869.000 880.500 892.700 709.800 753.100 734.800 686.690 818.100 876.400 1050.100 939.600 838.300 798.000 908.500 739.600 758.400 1048.600 1125.500 1059.310 948.000 849.410 875.800 923.090 1103.290 1298.590 1261.810 857.310 1270.900 1242.710 1534.400 1810.400 1484.390 1743.900 1472.100 1403.990 1549.900 1375.690 1550.430 1642.700 1559.300
601.200 684.100 744.700 635.200 671.400 706.400 742.600 688.600 627.900 556.800 509.800 512.000 513.400 555.100 560.900 586.400 616.600 644.600 737.600 754.500 774.500 748.200 779.300 738.800 759.100 837.000 819.500 709.300 852.390 885.200 819.200 706.290 845.500 971.490 1030.610 964.000 835.100 933.300 1030.500 940.900 769.600 828.300 934.300 864.100 862.600 948.090 1129.590 1608.710 1389.890 1060.000 860.700 1076.190 1354.290 1776.200 1662.500 1778.800 1685.990 1488.810 1597.300 1418.490 1477.490 1622.460 1423.300 1335.810
681.360 661.210 635.010 644.250 677.070 840.660 851.730 829.910 850.710 711.420 529.110 517.150 514.850 517.950 536.900 585.300 586.260 684.320 751.300 868.730 881.920 709.680 689.300 676.140 685.040 731.310 720.850 760.020 774.640 901.020 971.660 758.850 713.450 780.940 977.060 1009.630 937.210 1112.810 1134.950 946.540 815.090 914.880 795.100 931.030 942.680 1086.920 1421.620 1621.990 1254.100 1030.070 886.410 1103.590 1656.570 1560.560 1981.670 1820.680 1833.640 1511.670 1482.290 1543.300 1677.560 1395.050 1252.640 1126.760
608.800 667.000 669.300 707.300 762.910 771.700 860.200 867.900 868.600 834.000 648.600 521.900 534.700 517.800 519.610 560.100 590.000 662.910 765.390 872.700 778.590 660.110 721.900 775.790 832.300 880.700 808.300 850.000 853.410 914.700 1015.310 956.710 777.800 839.900 1070.790 1121.410 1095.610 1189.290 1156.900 1122.500 1015.000 908.600 799.610 958.400 1041.410 1282.810 1624.890 1533.610 1443.200 1191.000 919.300 1164.290 1553.800 1449.100 1811.590 1690.890 1745.710 1520.210 1315.410 1296.990 1408.090 1253.360 1123.690 1004.990
636.200 661.500 698.900 714.500 701.300 767.700 826.300 950.800 887.500 807.100 616.000 530.200 812.400 556.900 519.900 528.410 584.500 612.000 697.500 665.000 658.800 677.100 841.500 845.100 900.900 809.010 899.410 996.800 994.400 979.210 1059.410 991.800 842.000 734.910 800.290 967.690 1004.600 1082.990 1185.910 1011.190 1030.910 867.090 817.890 936.490 1292.210 1520.600 1436.800 1364.100 1197.310 1027.200 898.010 1216.990 1519.590 1335.000 1448.890 1555.000 1698.190 1578.500 1634.190 1448.500 1116.110 1032.510 920.300 787.590
637.110 727.600 804.700 799.500 869.490 845.100 748.300 830.000 870.100 804.800 560.500 525.000 815.200 774.990 521.700 525.000 553.100 620.400 641.200 703.200 656.910 729.100 838.700 937.000 1033.100 962.100 1067.510 1069.810 1094.100 889.610 951.310 952.090 897.510 749.400 769.700 848.010 1080.110 1085.510 1280.810 1095.210 939.390 910.790 835.310 879.690 1185.200 1212.710 1183.290 1341.610 1322.710 1259.190 947.110 1027.710 1055.610 1279.490 1508.010 1607.600 1686.110 1554.700 1552.600 1358.300 1067.010 913.660 670.380 601.890
643.200 622.300 691.100 783.200 846.210 925.000 893.500 857.300 828.500 780.000 551.500 532.410 804.610 788.400 657.500 524.500 533.800 620.490 694.800 814.800 639.290 799.200 963.900 987.500 1091.210 1164.300 1083.390 1018.010 969.690 934.190 804.510 788.610 775.100 853.110 830.590 963.200 1076.600 1066.810 1098.310 1177.300 1050.600 903.090 961.310 1290.200 1245.700 1289.510 1267.800 1314.490 1562.710 1502.090 952.500 1089.290 1401.010 1341.910 1668.700 1535.500 1432.110 1526.610 1342.600 1170.600 990.900 701.620 540.880 495.000
709.700 788.600 752.100 798.500 809.300 788.300 864.700 948.210 910.000 856.800 572.100 530.100 778.500 835.300 757.500 526.810 529.610 598.800 663.500 811.500 659.400 878.400 1031.800 1048.790 949.800 912.800 942.800 914.300 946.210 837.000 941.690 988.290 938.210 946.310 828.090 861.010 993.700 1178.290 1131.910 1175.610 1116.690 878.910 957.800 1483.900 1439.290 1297.500 1460.610 1694.990 1707.010 1350.700 970.410 1221.600 1680.090 1439.700 1561.990 1628.090 1359.200 1337.690 1136.510 955.100 731.810 553.430 491.200 475.520
739.800 785.400 778.600 770.400 763.800 783.000 797.900 1015.500 1011.110 930.200 638.700 532.500 601.200 818.300 683.900 543.500 529.900 559.300 665.100 801.810 611.800 699.500 723.700 817.200 918.500 967.000 954.790 1087.510 948.910 854.900 957.600 1146.100 1046.510 1021.790 841.800 1014.500 943.890 1027.700 1241.300 1277.500 940.910 1057.890 1308.400 1284.900 1395.290 1473.710 1640.800 1847.090 1458.990 1256.890 1064.290 1427.290 1783.690 1586.610 1711.800 1544.200 1359.910 1125.090 1008.990 1015.810 682.410 546.260 498.800 480.510
812.300 663.000 731.500 824.110 787.700 852.600 903.300 832.500 889.200 868.600 668.300 539.100 534.900 615.600 627.290 589.700 533.210 571.300 620.000 628.200 623.290 718.800 879.700 968.500 1071.400 1096.300 1008.990 1042.600 996.300 861.990 1053.000 1116.990 1116.010 1068.400 950.600 828.800 1012.500 1119.290 1096.490 983.190 1039.390 1328.090 1378.510 1288.610 1422.690 1597.490 1972.790 1647.410 1388.300 1266.190 1083.310 1369.210 1688.590 1844.400 1604.700 1404.390 1251.290 1323.910 1262.810 988.290 660.490 519.530 496.190 512.500
781.400 755.100 791.900 716.200 851.500 999.900 993.300 939.100 980.300 879.100 718.200 579.100 540.010 544.700 605.400 602.000 533.800 535.100 561.500 573.000 723.900 874.600 1069.400 1162.400 1068.900 963.000 981.700 963.700 995.590 980.690 895.190 979.710 1040.800 1118.810 1122.800 1025.810 902.690 957.900 892.010 927.710 1219.890 1167.510 1191.790 1304.310 1420.000 1859.500 1838.390 1515.310 1373.310 1197.910 1252.190 1120.690 1233.110 1531.400 1692.890 1552.990 1450.410 1398.610 1302.790 1154.690 832.000 797.430 498.090 702.710
834.400 799.700 799.600 738.300 872.500 796.400 784.400 785.600 809.990 843.200 767.500 608.700 544.010 545.500 620.090 600.900 544.600 544.810 562.000 580.700 679.600 849.300 855.300 950.900 907.800 888.100 982.310 933.210 940.400 949.390 932.300 980.900 1040.400 1044.010 1169.500 1128.000 1006.290 958.500 963.100 919.300 941.590 955.200 980.490 1039.290 1314.900 1930.110 1844.610 1465.100 1319.390 1373.910 1399.990 1344.810 1214.900 1249.710 1461.810 1499.190 1637.510 1784.110 1645.010 1310.090 1281.290 932.680 694.590 1183.510
871.900 817.900 773.800 748.100 755.400 784.490 835.800 907.700 808.000 765.900 771.390 665.900 550.300 551.100 627.500 580.300 539.700 544.900 565.200 610.800 607.300 631.200 718.100 765.790 810.210 872.400 859.900 912.910 917.300 930.100 987.890 1044.590 1144.310 1249.400 1357.300 1276.890 1369.490 1264.400 1134.890 1165.890 1111.990 1066.810 1043.910 959.890 1072.690 1391.290 1359.790 1232.810 1339.610 1398.700 1549.310 1483.100 1380.790 1319.600 1289.210 1465.600 1649.710 2017.200 1574.790 1513.690 1269.390 689.070 763.200 1297.590
