SVN_repositor/.svn/pristine/ae/aeb965c429205c163959e1c810ab33552437a2f0.svn-base
ncols                70
nrows               120
xllcorner    593500.000
yllcorner    119500.000
cellsize       1000.000
NODATA_value -999
[rows 84 to 111 of 120, columns 0 to 63 of 70]
1130.190 1052.510 962.700 1205.800 1417.000 1759.690 1924.300 2060.500 1830.000 1573.800 1754.810 1354.710 1962.890 2399.080 2222.400 2352.010 2071.810 1417.590 1220.820 1088.100 1347.210 1681.500 1307.900 855.490 1280.190 1800.800 2223.820 2310.480 2126.590 1608.820 1403.690 1471.620 1704.800 2382.510 2695.500 2672.400 2147.680 2037.320 2074.790 2019.690 1483.190 1293.480 1115.800 2139.210 2694.010 3385.620 3355.420 3539.690 3382.580 3420.000 3582.080 3491.280 3323.390 3406.810 3689.210 3360.180 3440.780 3579.990 3753.690 3246.090 2910.890 2608.360 2782.700 3304.310
1064.800 1173.490 950.000 1319.810 1554.100 1754.290 2066.990 2195.110 2221.910 1914.300 1773.210 1408.210 1713.680 1943.600 2320.200 1954.800 1799.700 1487.680 1129.000 1208.000 1495.810 1957.900 1700.490 879.910 1165.990 1878.690 2064.320 2561.800 1964.680 2023.790 1846.820 1774.780 1607.120 2028.300 2318.190 2479.090 2260.990 1934.180 1589.390 1379.490 1600.910 1694.380 1062.500 2008.220 2677.580 3154.720 4027.300 3536.920 3248.920 3162.310 3443.190 3552.620 3250.280 3237.820 3498.400 3659.170 3168.590 3214.690 3694.290 3921.690 3351.290 3220.790 2906.400 3189.990
1342.200 1401.390 958.910 1358.510 1777.200 1907.710 1953.000 1683.910 1739.800 1995.810 2209.580 1920.920 1684.390 2000.390 2123.900 1649.800 1587.290 1384.900 1097.600 1339.300 1766.520 2176.700 1893.610 1295.000 957.790 1376.510 1708.910 2079.800 2392.180 2066.620 2116.520 2166.410 1961.380 1692.680 2280.820 2868.420 2278.320 1571.300 2112.110 1934.580 1979.310 1653.610 1317.880 1759.100 2497.490 2818.990 2989.810 3676.080 3229.400 2995.200 2941.710 3057.320 3224.580 3169.890 3427.230 3615.420 3479.610 3077.520 3312.300 3364.320 3327.890 3163.720 3141.390 3093.490
1588.200 1348.590 968.910 1265.510 1542.100 1663.110 1474.890 1418.790 1458.710 1559.910 1896.720 2156.710 2127.600 2225.620 1787.210 1672.080 1532.500 1199.200 1330.400 1560.280 1833.100 1939.390 2077.310 1450.590 1016.210 1265.600 2045.390 2478.590 2555.590 2603.780 2650.410 2460.110 2183.090 1990.380 2489.310 3023.110 2575.420 2086.610 2474.180 2563.000 1841.510 1411.200 1727.790 2318.190 2733.000 2818.310 2873.630 3649.180 3562.510 3213.490 2885.400 2834.690 2867.290 3054.080 3456.900 3317.370 3178.900 3003.780 2936.690 2854.210 3146.080 3103.560 3021.000 3165.590
1894.410 1396.300 1025.890 1041.890 1363.990 1569.090 1346.900 1881.890 2061.300 1910.680 1808.190 1901.410 2544.980 2042.810 1578.720 1483.910 1373.410 1119.400 1399.490 1681.910 1977.190 2032.020 2222.510 1718.190 1117.810 1398.710 2388.320 2283.680 2227.220 2038.820 2362.580 2600.020 2923.520 2270.400 2194.310 2619.600 2965.700 3021.000 2771.690 1855.980 1821.420 1744.020 1994.890 2595.710 3098.880 3688.480 3749.710 3700.100 3158.590 3344.120 3082.180 2787.220 2783.980 3101.810 2924.080 3101.180 3533.990 3222.600 2929.310 2823.700 2767.020 2782.520 2931.620 3439.410
1857.300 1545.790 1224.290 1037.890 1000.000 1224.210 1375.500 1692.010 1857.790 2240.690 2311.480 2265.410 2169.020 1999.980 1815.580 1712.800 1350.610 1212.980 1501.610 1767.110 2064.490 2473.600 2232.420 1538.000 1177.990 1308.420 1662.220 1662.720 1578.010 1979.410 2537.200 2837.910 3096.490 2915.310 2794.080 2791.220 2635.580 2523.480 2373.200 2139.910 2173.420 2264.290 2590.300 3023.410 3723.280 3598.780 3557.120 3308.010 3034.820 2968.610 2820.920 2775.600 2739.390 2725.410 3004.780 3643.790 3734.270 3305.390 3238.190 3144.410 2619.700 2839.920 3297.890 2884.610
1800.990 1540.700 1428.500 1413.310 1218.810 1020.590 1471.200 1579.890 1826.910 2183.090 2586.700 2022.410 1856.820 1601.400 1719.490 1382.900 1222.520 1346.400 1684.900 1978.520 2498.910 2040.810 1738.880 1196.280 1177.510 1247.310 1462.800 1630.010 1810.600 1825.580 2457.500 3161.110 3301.780 3277.280 2882.700 2792.680 2700.210 2699.000 2966.900 2379.510 2429.500 2586.290 2962.890 3597.780 3609.820 3519.600 3290.680 3169.420 3059.520 2940.980 2855.670 2798.000 2719.290 2666.900 2673.710 3024.510 3306.800 3651.590 3367.200 2963.900 2558.410 2647.000 3202.290 2655.890
1667.910 1637.710 1558.390 1765.900 1462.110 1023.710 1298.000 1708.010 1796.390 1974.310 2490.080 1803.910 1563.310 1480.700 1359.990 1321.090 1338.200 1471.200 1541.990 1988.200 2183.900 2139.720 1929.420 1363.800 1316.800 2014.500 2000.400 2324.100 2582.390 2397.290 2737.220 3182.600 2930.780 2639.790 2694.490 2785.010 2944.410 3131.510 3047.400 2980.680 3182.400 3321.210 3302.280 3128.800 3169.790 3517.500 3325.220 3116.980 3011.480 2975.680 3160.320 3444.180 2834.900 2598.080 2550.400 2564.690 3121.220 3470.930 3203.910 2771.420 2228.810 2563.770 2878.810 2461.410
1464.990 1744.110 1786.990 1639.710 1708.610 1096.900 1142.090 1508.210 1798.210 1982.210 2344.220 1776.200 1870.120 1680.400 1568.410 1401.820 1448.890 1898.600 1887.890 2438.610 2351.380 1752.880 1486.680 1221.810 2005.010 2343.810 2697.600 2696.500 3059.980 3086.780 2980.080 2876.380 2508.300 2572.820 2822.080 2963.500 3081.420 3113.320 3089.280 3042.490 3049.710 2701.610 2907.990 2999.910 2988.400 3040.210 3068.310 3225.110 3306.590 3810.210 3351.600 3429.420 3234.890 2775.710 2516.490 2487.920 2787.800 3094.790 2523.400 2566.310 2138.210 2782.850 2843.480 2621.300
1547.130 1851.660 2056.130 1800.100 1899.950 1190.130 1048.380 1236.060 1439.040 1743.860 2055.850 2071.610 1740.420 1565.680 1811.200 1571.930 1463.160 2222.670 2572.590 2808.410 2135.100 1749.800 2130.640 1373.570 1545.180 2241.820 2266.530 2704.500 2799.510 3133.320 2368.000 2122.440 2398.250 2754.130 3066.670 3141.940 3062.650 2969.080 2705.480 2637.250 2917.030 2273.330 2860.110 2735.100 2684.980 2800.050 3345.970 3256.090 3575.030 3668.640 3155.960 2936.550 3447.760 2951.720 2459.150 2464.430 2682.630 2910.500 2508.480 1919.550 2198.270 2867.640 2598.520 2443.320
2009.610 1671.100 2262.910 1994.800 1479.110 1266.400 1087.110 1157.490 1533.480 1738.720 2006.020 1799.990 1765.010 1677.180 1950.090 1505.010 1497.790 2041.780 2450.800 2406.600 1905.500 2085.800 1928.400 1707.380 1465.590 1390.410 1408.090 1770.010 2373.390 2448.890 1884.790 2025.390 2748.020 3089.810 3078.380 2969.580 2642.420 2911.300 2466.910 2339.620 2659.820 2283.500 2377.020 2354.480 2651.800 3406.480 3160.210 2867.570 3293.390 3590.200 3088.080 2662.710 2657.980 3201.280 2531.700 2405.690 2496.190 2685.690 2452.720 1870.630 2144.780 2550.990 2464.700 2047.700
2156.990 1676.380 2262.590 1676.600 1557.920 1416.600 1259.000 1069.690 1423.790 1679.700 1956.700 1897.120 1980.600 1911.590 2499.210 1980.600 1966.080 2222.780 2514.900 2117.310 2051.910 1919.710 1863.780 2256.810 2405.910 2011.020 2274.520 1632.420 1643.990 1746.920 1815.410 2421.700 3170.300 3032.000 2688.190 2720.220 2630.000 2334.210 2330.120 2365.300 2087.390 1991.190 2120.600 2544.290 3040.220 3385.280 3262.610 2714.020 2868.300 3222.320 3239.290 2891.120 2520.400 2495.690 2502.420 2359.780 2458.290 2486.780 2370.410 1728.820 1664.310 2027.810 2279.320 1884.200
2167.890 1768.200 2024.910 1668.310 1827.610 1683.790 1314.320 1078.900 1175.790 1523.690 1905.980 1981.510 2100.190 2445.100 2124.790 1948.790 1959.000 2241.380 2609.890 2314.820 2458.880 1900.590 2102.100 2526.190 2952.810 2543.620 2501.110 2227.010 1866.120 2047.080 2420.720 3021.890 2895.910 2723.610 2346.910 2150.000 2298.700 2083.720 1943.500 1833.000 1893.490 2150.520 2458.680 2990.980 2962.020 2992.580 3015.390 2593.080 2775.520 3268.180 3435.200 3183.970 3144.180 2545.720 2243.010 2305.130 2536.200 2467.300 2372.190 1701.820 1303.110 1701.990 1913.900 1559.710
1844.110 2035.100 1906.800 1800.710 1873.800 1577.480 1197.290 1385.890 1089.790 1132.710 1430.910 1668.790 2063.120 2412.210 2177.110 2109.400 2164.810 2465.620 2500.380 2657.520 2069.120 2348.980 2486.390 2616.280 3397.800 3208.680 3236.810 2383.700 2400.910 2838.010 2979.500 2637.480 2593.780 2424.720 2261.200 1955.910 1835.210 1632.800 1773.590 2091.810 2521.380 2623.600 3103.880 2856.780 2721.420 2649.070 2823.270 2533.420 2914.100 3465.420 3178.020 2898.070 2800.400 2170.890 2190.700 2234.610 2631.600 2557.300 2266.110 1701.600 1155.130 1415.220 1586.210 1193.610
1800.710 1962.890 1940.890 1952.700 1779.520 1508.590 1241.510 1724.580 1474.280 1420.010 1400.410 1905.500 2293.400 2262.410 2564.480 2681.380 2469.480 2841.600 2589.380 2384.480 2233.380 2430.290 2900.920 2780.200 2860.980 3299.680 3276.090 2588.600 2787.300 2707.710 2617.200 2394.420 2115.190 1980.520 1818.180 1549.110 1635.900 2025.720 2330.680 2506.890 2870.510 3705.000 3384.000 3069.400 3247.700 2598.200 2523.400 2418.770 2403.020 2844.480 2750.090 2594.980 2314.920 2101.590 2121.690 2490.680 2529.580 2385.320 1943.200 1538.200 1083.780 1409.130 1158.790 1456.290
1718.800 1842.420 1917.900 1885.110 1590.600 1646.590 1373.090 1701.310 1812.410 1482.280 1666.880 2198.400 2496.990 2836.300 3181.300 2975.710 2869.810 2800.320 2800.320 2461.490 2206.010 2622.020 3090.780 2976.710 2763.210 2568.300 2654.790 2722.010 2549.510 2350.910 2342.400 2082.220 1921.200 1651.900 1440.210 1727.210 2164.490 2632.580 2831.800 3194.010 3471.500 3068.320 3173.120 3448.020 3552.410 3041.770 2923.620 2733.220 2473.590 2266.890 2366.400 2272.120 1916.990 2022.790 2091.690 2605.770 2359.780 2112.280 1745.290 1314.300 1067.690 1193.380 1512.910 1828.820
1985.710 2111.190 1969.700 1731.490 1879.610 1929.720 1799.300 1603.190 2345.910 2376.010 2098.410 2446.890 2768.900 3188.080 3014.080 2667.390 2774.110 2386.310 2356.580 2278.800 2384.480 2658.300 2508.810 2224.300 2015.490 2318.390 2807.810 2651.590 2305.990 2075.110 1738.920 1663.980 1412.180 1446.190 1802.090 2138.380 2523.220 2825.780 3201.300 3052.700 3174.720 2816.610 2932.510 2860.020 3031.700 3202.170 2871.410 2795.890 2880.710 2099.200 1899.290 1791.210 1843.910 2139.110 2234.890 2170.270 2027.680 1857.600 1352.200 1132.310 1117.730 1362.470 1749.420 1880.280
1966.380 2035.380 1959.090 2321.400 2157.910 1718.690 1913.390 2148.920 2469.700 2392.390 2511.420 2583.510 2700.200 2849.900 3061.190 2792.110 2463.620 2346.200 2472.090 2451.190 1765.010 1867.700 1814.980 1777.000 2213.310 2622.320 2754.790 2724.690 2420.810 2032.920 1623.110 1322.100 1674.520 1976.090 2250.810 2556.000 2987.880 3296.510 3526.300 2999.590 2653.800 2549.180 2932.790 2313.180 2979.270 2850.600 2540.990 2518.010 2509.210 1883.200 1616.390 1909.420 2146.170 2134.820 1982.380 2023.680 1691.080 1433.680 1117.780 989.500 1219.910 1741.320 1712.790 1951.400
1860.010 2497.900 2577.900 2163.690 2099.410 2274.510 2542.010 2418.780 2612.920 2863.290 2753.690 2719.790 2767.210 2792.500 2813.010 2992.180 2978.880 3045.890 2937.600 2320.080 1445.990 1466.980 1746.020 2013.880 2499.990 2843.600 2770.880 2559.110 2491.610 2173.000 1488.100 1672.310 2074.600 2351.800 2598.620 3090.710 3009.890 2860.020 3044.610 2889.800 2906.120 2277.200 2927.620 2358.390 2595.700 2699.270 2194.870 2306.680 2293.220 1703.220 1691.080 2182.180 1980.210 1903.300 1607.320 1522.780 1133.200 1170.600 937.680 1158.080 1118.500 1279.990 1618.890 2354.610
2383.810 2529.280 2488.980 2813.890 2579.390 2396.290 2401.080 2619.400 2791.990 2640.790 2777.110 2767.600 2874.280 2936.120 2618.500 2620.710 2782.110 2648.790 2641.620 2008.800 1397.710 1510.700 2084.110 2499.380 2811.400 2560.000 2476.320 2595.190 2265.200 2096.520 1457.810 1798.380 2401.810 2751.080 3062.110 2968.500 2582.820 2419.120 2739.980 2525.710 2354.010 2221.310 2582.490 2330.490 2268.280 2515.390 2125.080 2210.510 1898.680 1796.610 1865.620 1866.400 1681.120 1488.610 1242.620 913.530 865.390 968.400 1128.410 1420.600 1651.290 1297.220 2003.200 1959.120
2665.800 2819.810 2817.910 2671.900 2398.090 2453.580 2718.520 2564.890 2530.310 2545.010 2780.110 2859.120 2514.680 2270.020 2402.390 2628.190 2623.800 2554.920 1937.490 1567.800 1290.680 1843.320 2223.520 2499.120 2505.120 2271.190 2440.000 2567.620 2622.710 2151.790 1438.100 1715.400 2233.500 3013.280 2682.400 2933.310 2264.500 2138.990 2783.490 2296.300 1730.920 2497.720 2846.620 2378.990 1802.780 2569.600 2046.890 1879.420 1508.700 1372.400 1960.290 1702.830 1254.800 923.600 835.390 1102.090 1170.710 1218.910 1538.310 1800.890 1928.510 1632.350 1462.690 1435.320
3063.530 3020.860 2721.070 2385.900 1896.710 1840.630 2308.650 2422.420 2497.620 2418.010 2515.630 2485.320 2667.180 1987.430 2120.550 2416.330 2369.760 2564.880 2212.540 1414.320 1457.550 1683.150 2111.590 2239.630 2353.330 2108.260 2330.150 2559.620 2537.860 2106.600 1577.220 1539.570 2488.250 2752.480 2254.840 2862.130 2108.440 2191.870 2890.160 2261.400 1537.300 2331.420 2798.850 2513.070 1705.750 2309.310 2123.250 1537.970 1340.150 1250.930 1889.100 1408.160 1032.470 775.920 1169.950 1642.050 1659.990 1738.530 1829.150 2430.510 2531.210 2102.490 1669.760 1453.730
3060.810 2792.400 2493.310 2750.210 2534.220 1810.790 1790.080 1845.100 2098.800 1981.080 2459.080 2092.720 2240.900 2180.400 1661.000 1982.790 2119.410 2276.110 1843.900 1363.090 1121.890 1538.080 1651.920 2082.490 2239.880 1900.410 2320.910 2397.990 2225.690 1869.380 1333.600 1490.200 2311.480 2383.710 2086.410 2666.680 1821.500 2130.980 2656.510 2087.990 1403.100 2093.510 2348.400 2676.190 1801.320 2114.320 2226.320 1720.880 1085.190 1134.420 1367.980 989.980 768.580 1250.710 1586.290 1726.380 2204.220 2430.880 2178.210 2483.000 2211.990 2089.040 1867.600 1605.310
2787.920 2638.300 2521.620 2414.110 2006.210 2048.680 1534.510 1725.400 1778.580 2240.780 2173.510 2063.100 1968.000 1821.490 1679.500 1676.200 1798.390 1824.510 1953.580 1667.810 996.320 1233.890 1669.890 1891.900 1895.110 1748.320 1989.610 2010.600 1904.090 1709.000 950.120 1702.490 2197.010 2040.500 1739.100 2013.520 1605.100 1985.590 2155.790 2031.110 1282.800 1992.890 2435.300 2537.110 2046.900 1803.880 2199.200 1660.220 1007.890 1117.480 845.990 774.180 1130.410 1342.020 1695.210 2120.110 2537.480 2744.310 2638.720 2329.200 1930.310 2158.540 1812.510 1660.180
2636.790 2676.180 2685.390 2516.490 2296.280 1953.580 1717.790 1291.990 1965.400 2142.390 1859.910 1766.490 1576.500 1434.100 1403.020 1217.190 1379.020 1293.500 1399.510 1291.710 932.190 1060.890 1363.500 1543.420 1465.310 1345.200 1645.890 1583.290 1646.910 1409.810 781.810 1609.280 1561.000 1606.480 1805.720 1282.090 1657.010 1718.780 1865.520 1784.300 1161.310 1809.780 2009.690 2073.590 2040.680 1360.020 1680.100 1359.100 805.310 716.510 696.390 919.290 1230.400 1824.780 2013.890 2537.190 2712.510 2541.100 2348.510 2077.790 2286.790 2276.960 1957.100 2395.080
2497.300 2301.500 2413.920 2252.300 1988.480 1882.300 1516.500 1308.300 1850.600 1799.490 1705.010 1455.820 1160.190 953.900 974.890 943.310 836.600 890.910 950.400 865.490 754.380 846.500 965.510 1122.580 1252.390 1254.300 1265.520 1125.810 1197.790 1031.100 964.790 986.210 1062.300 1122.020 1055.790 1027.590 1277.200 1323.310 1249.110 1312.100 977.410 1552.720 1645.410 1633.190 1579.920 1279.620 1247.100 1001.610 676.700 679.400 881.890 953.890 1167.280 1853.490 2412.400 2482.420 2441.880 2611.700 2545.200 2398.400 2622.600 2365.380 2114.900 2709.200
2357.210 1848.490 2338.110 1963.790 1735.980 1435.700 1116.310 1282.920 1570.010 1547.490 1424.200 1317.700 1104.820 927.500 706.390 704.510 590.720 599.600 617.810 574.220 591.410 619.110 619.690 860.800 846.300 762.000 631.200 629.110 627.690 629.000 630.690 630.100 635.900 639.800 682.680 744.490 798.490 907.200 860.700 803.380 1011.300 1268.200 1280.710 1338.410 1204.580 1022.610 675.690 668.880 695.380 739.100 891.200 1041.720 1459.380 1805.520 2285.290 2032.810 2347.010 2500.900 2422.580 2687.510 2602.480 2653.880 2243.310 2652.080
2295.320 1731.400 1969.890 1703.590 1419.020 1162.990 987.490 1375.910 1464.190 1426.610 1269.300 990.820 874.090 743.380 611.010 564.400 549.890 555.720 559.100 591.690 657.090 701.210 676.110 622.010 618.790 622.210 629.590 627.180 629.510 684.300 856.790 919.710 781.610 638.700 636.490 638.900 638.300 639.490 645.680 657.990 658.380 696.290 800.110 801.490 656.000 679.210 701.600 939.990 920.980 952.920 935.600 1359.100 1727.390 1641.880 1767.880 2031.310 2106.790 2222.310 2502.690 2630.810 -999.000 2693.290 2584.890 -999.000
