SVN_repositor/.svn/pristine/ae/aeb965c429205c163959e1c810ab33552437a2f0.svn-base
ncols                70
nrows               120
xllcorner    593500.000
yllcorner    119500.000
cellsize       1000.000
NODATA_value -999
[rows 56 to 83 of 120, columns 0 to 63 of 70]
913.000 841.200 814.600 820.800 790.200 889.800 1003.500 965.500 952.900 810.400 788.700 707.200 559.800 556.100 651.200 559.000 570.300 548.300 606.700 686.900 726.400 784.000 881.200 890.500 842.700 839.500 858.000 916.190 919.700 967.900 1029.800 1176.700 1258.590 1171.800 1374.090 1296.000 1233.800 1164.600 1282.800 1327.110 1340.410 1397.390 1267.710 1349.500 1342.300 1189.890 1193.600 1261.400 1481.310 1384.410 1555.200 1631.890 1764.310 1756.090 1678.000 1844.790 1899.490 2022.800 1800.500 1546.410 1110.910 689.000 908.420 1377.110
937.730 928.170 838.240 829.360 775.790 872.240 963.100 993.800 945.880 879.510 870.160 802.710 567.950 564.060 583.700 585.960 555.400 545.800 546.390 558.650 740.640 647.100 712.540 730.320 648.340 649.240 679.610 724.360 943.940 1071.120 1077.830 1025.170 1020.270 1036.040 999.300 1044.310 1112.270 1225.000 1406.690 1713.010 1885.090 1938.970 1855.090 1699.950 1399.750 1118.500 1240.030 1521.160 1547.630 1615.000 2007.430 2022.480 2261.140 2068.050 2104.520 1993.270 2066.530 1780.010 1662.530 1246.950 722.460 702.950 914.180 1338.970
1118.090 996.090 878.290 835.810 800.810 891.010 848.300 843.300 859.600 910.010 955.290 750.610 579.290 617.010 660.910 620.110 549.890 550.490 550.110 554.200 572.500 591.210 635.690 733.990 810.890 896.800 971.400 1003.190 859.590 877.410 986.490 1019.400 1153.200 1120.510 1282.200 1157.300 1088.390 1227.900 1880.290 1855.290 1892.900 1813.600 1806.690 1525.110 1290.180 1202.290 1474.710 1622.710 1901.190 1835.620 1644.790 1618.810 1729.380 1655.890 1466.090 1540.010 1693.210 1742.210 1367.210 852.800 738.100 780.270 1248.780 1676.000
1023.690 919.790 945.910 885.790 885.690 887.890 966.610 1008.210 1053.000 959.790 825.890 623.490 595.000 682.390 628.410 629.590 578.000 556.400 556.290 555.600 566.900 592.090 670.910 847.590 969.300 1012.790 1075.400 971.290 939.990 980.510 1134.700 1206.610 1216.790 1333.400 1398.410 1229.100 1428.290 1231.310 1653.100 1576.690 1622.590 1624.390 1438.300 1442.400 1462.120 1299.710 1703.090 1924.690 1733.000 1419.010 1381.900 1211.300 1113.880 1206.890 1093.220 1174.180 1330.610 1645.300 1500.300 1241.690 907.310 949.080 1415.890 1878.490
1112.400 1098.210 1061.310 1109.190 1000.690 1057.300 1036.310 1167.510 1128.010 1015.700 789.290 627.200 609.010 680.000 662.890 635.990 621.510 564.700 560.990 560.110 558.100 609.810 924.410 931.990 1007.790 1064.800 1097.210 1051.900 1001.010 1093.300 1062.790 1286.900 1289.110 1378.100 1572.790 1474.790 1751.810 1541.000 1560.210 1359.490 1707.000 1595.900 1528.910 1411.700 1324.110 1540.920 1872.300 1439.480 1152.890 792.220 746.720 665.910 795.680 689.090 786.120 800.210 824.100 1135.610 1324.190 1120.100 949.590 1272.550 1388.310 1440.100
1177.700 1255.400 1267.500 1299.990 1127.390 1234.800 1200.600 1295.390 1316.090 1077.410 911.110 670.110 641.400 659.810 659.890 642.090 619.510 570.910 566.700 564.890 560.690 559.510 718.300 849.790 1007.290 1147.490 1258.410 1281.490 1074.310 1145.400 1276.610 1433.990 1297.900 1633.510 1644.400 1836.300 1779.290 1600.790 1341.890 1496.590 1790.400 1598.110 1517.610 1570.390 1584.490 1790.000 1376.190 944.000 586.400 564.000 564.000 564.000 564.000 596.320 652.680 648.710 699.290 712.390 1062.520 875.510 1008.710 955.340 1027.180 1171.520
1353.390 1531.610 1586.810 1356.410 1434.410 1506.900 1329.900 1365.810 1440.000 1144.610 886.190 737.590 664.210 709.100 690.390 640.110 629.810 574.090 572.800 567.090 562.310 557.990 567.610 761.600 933.390 951.500 1174.900 1266.890 1213.000 1212.210 1329.990 1491.900 1478.500 1707.790 1632.500 1800.090 1554.800 1454.300 1140.710 1400.100 1504.810 1621.200 1586.000 1856.800 1661.720 1282.000 757.110 564.000 564.000 564.000 564.000 564.000 564.000 564.980 570.610 574.000 577.380 576.790 579.310 579.390 581.710 589.200 877.300 1011.600
1539.590 1439.700 1421.900 1512.810 1670.700 1599.590 1615.500 1543.300 1430.500 1092.300 1059.990 849.290 693.800 703.410 727.310 670.910 641.210 618.490 609.290 566.900 560.990 557.990 557.990 576.400 704.400 986.190 1045.000 1032.010 1027.100 1222.190 1378.210 1671.690 1719.990 1326.390 1827.100 1774.710 1694.910 1586.410 1230.900 1164.390 1395.210 1392.510 1559.310 1901.390 1216.620 743.490 564.000 564.000 564.000 564.000 564.000 751.600 903.420 1104.790 757.820 744.980 750.500 710.310 707.200 852.400 587.500 587.140 589.690 643.980
1351.190 1303.410 1258.000 1451.300 1422.490 1437.900 1561.110 1456.890 1284.290 1350.710 1315.300 1019.490 810.610 724.510 677.700 695.690 652.500 649.810 623.490 590.690 559.890 557.990 557.990 557.990 557.990 787.290 962.800 885.490 1045.300 1215.510 1492.990 1735.110 1296.700 1523.010 1855.810 1719.500 1369.510 1342.190 1128.700 1089.100 1155.390 1518.400 1704.490 1200.800 719.600 564.000 564.000 564.000 564.000 750.100 1081.090 1115.610 1417.520 1435.190 1506.000 1600.000 1567.410 1307.500 1291.210 1336.510 1203.390 716.740 598.480 598.480
1165.900 1160.410 1109.290 1163.010 1353.710 1417.590 1505.000 1661.200 1486.000 1464.890 1425.900 1307.190 1123.310 918.990 720.090 684.890 688.910 688.110 665.000 593.710 629.210 560.600 557.990 557.990 557.990 557.990 688.890 794.290 914.500 1103.210 1633.100 1199.710 1404.710 1836.490 1678.890 1421.710 1461.910 1115.600 838.610 1199.110 1574.400 1215.700 990.610 680.600 564.000 564.000 564.000 564.000 865.390 1225.200 1477.310 1139.700 1669.590 1730.400 1672.190 2206.010 1659.000 1659.320 1838.220 1701.390 1782.600 1461.650 1013.000 772.210
1178.090 1281.690 1398.100 1309.910 1597.190 1617.010 1716.900 1767.990 1795.590 1737.290 1883.010 1880.090 1478.600 1491.810 1173.700 905.310 688.410 633.410 632.200 623.000 639.290 607.690 571.900 557.990 557.990 557.990 558.010 558.010 606.310 832.000 1024.590 1424.710 1785.300 1656.400 1460.410 1363.800 1195.910 721.390 1124.000 1411.010 931.090 697.300 586.690 564.010 564.000 564.000 626.590 922.390 1503.920 1611.490 1700.210 1349.110 1898.010 2219.200 1911.590 2069.780 2003.890 2277.300 1918.320 1915.600 1944.690 1603.530 1369.280 1351.980
1408.690 1423.310 1397.710 1449.990 1988.800 1954.490 1969.210 1908.890 1646.810 1656.490 1625.200 1575.690 1619.890 1874.300 1534.290 1292.910 1194.800 793.500 630.390 639.700 609.590 597.390 651.790 570.500 557.990 557.990 558.010 558.010 558.010 620.500 1065.110 1470.590 1508.110 1234.910 1022.400 1227.900 847.800 814.590 1235.400 842.700 616.900 564.010 564.010 564.010 564.000 808.200 1090.110 1379.810 2126.380 1928.310 1782.280 1538.080 1933.510 2424.780 2320.000 2780.490 2512.010 2335.590 2299.100 2266.710 1961.300 1730.440 1235.510 1583.900
1362.690 1541.000 1371.100 1746.500 1994.610 1707.600 1507.490 1582.900 1614.700 1490.910 1253.590 1679.400 1711.300 1789.490 1777.810 1999.110 1858.310 1580.000 1047.900 764.510 652.010 594.290 620.110 624.700 623.600 569.400 558.010 558.010 558.010 558.010 974.210 1077.390 1123.590 833.690 939.910 1022.590 594.390 600.010 572.990 568.000 571.000 563.800 564.010 610.600 911.010 1365.290 1722.610 1740.990 2183.500 2003.890 1829.400 1809.010 1986.100 2347.710 2521.300 2576.210 2372.790 2016.210 1970.310 1957.910 1689.780 1336.400 1560.800 1967.590
1334.220 1747.580 1495.070 1624.690 1866.440 1915.890 1870.690 1251.430 1428.970 1255.520 1295.200 1705.600 1858.030 1713.220 1392.000 1729.990 1422.460 1498.690 1311.190 1132.490 1187.680 619.980 630.830 619.400 646.110 625.520 637.380 558.010 558.010 558.010 558.010 558.010 558.010 558.010 558.010 560.500 567.340 566.240 568.240 572.080 571.550 630.860 747.580 1028.030 1277.900 1882.790 2139.190 1935.040 2245.090 2178.470 2349.140 2268.140 2020.210 2449.880 2423.150 2415.510 2128.320 2111.050 1948.100 1564.470 1409.650 1370.100 2181.700 2598.440
1410.100 1944.900 1876.790 1852.990 1878.010 1591.810 1370.090 1195.310 997.790 1308.820 1350.790 1360.690 1262.990 1309.790 1106.010 1180.390 1055.010 1150.900 975.210 694.610 635.210 667.210 669.780 646.210 740.310 733.600 620.290 558.010 558.010 558.010 558.010 558.010 558.010 558.010 558.010 558.010 558.790 720.620 579.710 578.700 579.600 865.100 939.420 1377.200 1890.080 2146.880 2128.210 2230.390 2490.190 2501.790 2374.320 2328.380 2424.110 2426.090 2168.320 2291.210 2038.200 1842.100 1666.770 1637.690 1787.220 1818.290 1888.990 2364.110
1588.410 1776.390 1687.710 1771.600 1344.100 1242.390 1042.190 932.590 937.400 972.390 932.390 942.710 861.110 890.390 825.410 765.200 776.110 663.990 650.790 667.810 758.110 864.190 886.000 763.910 656.590 827.610 803.110 728.090 681.600 563.280 558.010 558.010 558.010 558.010 609.810 558.010 712.890 1085.190 652.910 588.700 1029.600 1418.410 1549.510 1961.610 1920.520 1926.800 2148.010 2255.110 2210.470 2150.220 2560.000 2276.730 2080.910 2167.810 1981.000 1843.910 1861.280 1841.080 1626.600 1898.000 2806.790 2160.160 2395.580 2080.610
1714.200 1899.700 1337.010 1136.210 1011.790 877.710 810.100 860.090 845.590 805.880 800.490 753.290 726.900 781.180 779.990 868.010 837.290 740.910 866.790 967.590 1099.990 1357.810 1663.990 1241.390 779.810 746.200 893.490 901.100 859.410 830.390 621.290 602.300 604.080 759.120 819.200 882.780 1553.410 1043.500 860.490 599.290 906.720 1623.720 2016.680 1735.200 1573.310 1708.020 1824.680 1839.270 1912.820 1988.920 1990.620 1899.020 2054.210 1728.610 1657.210 1665.020 1809.180 1972.120 2179.920 2491.380 2831.400 2699.960 2672.380 2118.610
1657.010 1480.790 1521.490 1185.600 865.600 910.400 1004.290 1210.990 1018.090 1039.190 1126.010 1233.490 1189.390 1082.910 1075.110 1025.300 736.390 957.190 1173.910 1339.600 1387.800 1897.510 2200.490 1971.600 1256.410 717.590 852.610 950.790 1030.010 1116.000 996.380 892.820 959.110 977.100 1213.100 1729.210 1353.900 1047.810 1406.520 770.190 672.380 1029.420 1388.610 1181.890 1175.910 1239.620 1248.390 1181.290 1655.630 1600.920 1484.710 1540.320 1694.890 1477.980 1459.420 1449.910 1649.290 2678.190 3059.010 3058.500 2998.420 3030.520 2593.380 2296.510
1764.010 1398.810 1113.900 940.310 842.390 1065.000 1181.210 1244.600 1483.790 1230.300 1618.910 1620.100 1632.300 1314.390 1346.710 1117.610 899.010 1179.800 1466.200 1777.490 1870.490 1905.000 1802.000 1581.300 1407.300 804.600 833.290 944.280 989.100 1074.080 1362.710 1353.710 1261.300 1186.380 1688.490 1579.390 1141.200 1480.320 1811.600 1567.200 1068.290 648.420 715.420 680.000 732.970 748.080 849.410 899.590 901.570 1042.000 1166.800 1393.280 1323.580 1253.420 1259.590 1319.000 2098.790 2867.610 3404.520 3456.690 3305.800 3132.990 2996.910 2745.900
1306.300 1061.010 825.190 880.790 1205.910 1315.090 1340.210 1557.510 1767.710 1769.080 2062.190 1903.590 1679.500 1560.110 1185.000 968.600 1028.090 1328.590 1555.190 1812.090 2258.510 2034.610 1421.090 1537.410 1058.090 711.910 778.890 971.890 1210.390 1293.290 1029.190 1321.610 1570.990 1695.510 1859.090 1456.090 1230.190 1814.500 1840.920 1908.810 1669.500 1137.810 814.110 1277.090 1547.110 1480.690 1323.920 1477.980 1493.420 1113.000 930.990 1010.880 1101.680 1037.530 1099.080 1446.180 1869.200 2410.930 2972.110 3326.510 3438.980 3082.230 2799.290 2859.390
1128.290 895.710 987.690 1256.690 1459.890 1555.200 1488.210 1660.110 1759.190 1705.990 1543.400 1598.290 1526.290 1302.800 1002.890 972.980 1199.890 1510.610 1692.100 2057.110 1998.090 1526.290 1455.790 1065.890 807.510 716.990 856.700 1075.790 1410.010 1585.000 1504.290 1214.590 1440.890 1989.000 1708.590 1611.010 1509.410 2124.190 2176.880 1907.810 1501.020 1083.410 1075.680 1597.110 2146.820 2046.010 1844.310 1718.090 1460.320 1189.100 1055.910 993.280 967.880 1177.100 1987.000 2365.890 2126.000 2102.700 2824.610 3110.380 3377.710 3016.970 2785.920 2621.610
1078.510 921.590 1063.690 1261.900 1419.710 1711.490 1827.600 1871.210 1536.810 1286.090 1251.890 1295.810 1083.290 1045.300 1221.800 1136.390 1375.020 1614.990 1910.890 2250.200 1753.790 1420.810 1148.300 793.600 730.310 860.110 886.310 1232.610 1600.420 1781.980 1540.810 1579.610 1831.400 1580.200 2026.310 1721.780 1623.310 2311.810 2203.410 1892.090 1353.710 1170.400 965.690 1300.200 1695.120 2161.030 2008.780 1749.200 1554.130 1366.410 1319.110 1355.370 1484.990 1228.980 2196.780 2971.880 2835.870 2884.530 2823.200 3025.690 3096.970 3265.650 2884.910 2628.320
1145.000 885.010 1046.610 1489.900 1722.090 1871.700 1837.900 1607.200 1520.500 1677.590 1617.910 1075.800 1485.190 1363.390 1474.290 1190.800 1456.110 1826.200 2241.490 1983.390 1478.490 1279.600 865.190 749.810 861.580 1099.590 973.080 1116.600 1384.890 1568.910 1843.700 2130.690 1940.620 1700.080 1845.300 2413.890 2234.110 2313.890 1886.100 1754.480 1853.400 1267.200 782.120 1260.000 1478.880 2400.910 2144.390 1834.300 1681.200 1619.420 1710.280 1837.800 2394.690 1650.700 1750.000 2521.480 2668.180 3265.570 3231.910 3240.280 2786.310 2783.600 3276.520 2767.510
1216.310 896.000 1160.710 1396.400 1888.010 1993.990 1678.900 1761.700 1828.690 1851.490 1375.200 1280.010 1797.300 1478.990 1555.310 1266.590 1756.010 1903.080 2167.100 1770.400 1243.210 979.690 808.800 763.690 1065.300 1391.320 1401.200 948.710 1026.300 1383.290 2216.310 2156.110 1928.210 2002.120 2255.400 2611.500 2477.280 2505.710 1834.010 2285.500 1845.410 1497.110 798.800 1319.010 1604.480 2401.990 2088.210 1839.610 1872.880 1998.420 2252.790 2701.670 2657.710 1718.430 1640.290 1827.790 2394.120 3089.110 3946.020 3625.290 3018.730 2606.200 2712.710 3200.190
1207.590 1136.090 933.710 1381.210 1881.310 1849.710 1851.200 1775.000 1516.900 1523.500 1149.900 1547.410 1844.410 2216.790 1515.690 1296.310 2013.200 2146.790 1870.710 1459.110 1261.700 869.890 833.500 804.190 1211.800 1664.490 1720.000 1262.410 939.190 1387.080 1587.410 1774.880 2015.790 2127.680 2012.600 2602.210 2511.800 2128.310 2196.500 2285.200 1815.610 1591.610 838.490 1467.910 1778.110 2133.700 2026.830 2058.790 2251.320 2692.680 3610.800 3040.790 2781.900 2266.480 1941.900 2189.430 2373.980 2615.620 3286.790 3673.090 3315.590 2684.930 2493.080 2584.480
1216.880 1102.050 1011.890 1500.660 1432.630 1619.150 1965.460 1789.490 1689.920 1335.480 1197.500 1456.600 1885.010 1905.140 1948.440 1488.460 1873.280 2223.040 1719.320 1334.300 996.050 865.930 800.130 853.590 1159.320 1632.670 1832.800 1561.630 1189.960 1193.420 1468.680 1284.110 1541.780 1734.220 1938.730 2215.900 2373.930 2259.320 2571.560 2391.760 2148.380 1759.230 818.800 1610.180 1735.320 1802.180 1978.770 2241.980 2835.950 3427.820 3072.360 2765.630 2627.440 2459.660 2426.650 2808.780 2575.320 2606.670 3171.460 2969.360 3282.500 3045.290 2635.350 2391.810
1296.000 966.390 978.210 1295.500 1540.990 1918.690 1909.500 2109.900 1898.800 1239.400 1252.520 1735.890 1656.490 2069.410 2262.080 1636.690 1902.300 2004.490 1471.680 1285.210 863.620 1079.900 1148.510 799.110 1288.910 1571.880 1795.120 1784.600 1302.300 1212.880 1752.490 1737.010 1669.690 1659.020 2029.510 2534.000 2460.410 2660.580 2559.290 2012.720 1829.880 1688.720 844.400 1640.880 1508.620 1668.980 2053.010 2602.220 3052.720 3653.990 3538.120 3507.190 3176.700 2899.690 2665.800 3275.400 2864.990 2645.920 3012.680 2971.020 2795.280 3285.930 2859.080 2426.580
1284.700 941.900 999.010 1357.810 1539.400 1706.190 1935.290 1723.490 1383.600 1458.600 1616.000 1412.020 2031.680 2025.110 2314.990 2078.610 2190.520 1754.510 1365.090 930.600 1080.600 1400.410 1096.190 817.910 1182.100 1665.400 2125.180 2015.980 1502.020 1175.810 1367.120 1599.200 2201.880 2599.420 2553.680 2627.720 2515.410 2639.290 2037.320 1983.320 1853.780 1406.490 1131.580 2459.810 2292.710 2572.180 2676.480 2861.270 3273.410 3641.380 3691.310 3412.100 3455.590 3701.200 3800.010 3706.280 3452.400 3210.400 3205.220 3421.210 2733.680 2634.090 2519.000 2529.580
