SVN_repositor/.svn/pristine/ae/aeb965c429205c163959e1c810ab33552437a2f0.svn-base
ncols                70
nrows               120
xllcorner    593500.000
yllcorner    119500.000
cellsize       1000.000
NODATA_value -999
[rows 0 to 27 of 120, columns 0 to 63 of 70]
903.910 641.110 500.610 927.500 1105.800 1282.110 1243.800 1117.700 1135.210 1114.900 924.590 773.200 899.600 993.610 1028.200 1136.010 966.400 790.390 604.910 526.100 504.890 500.910 521.910 577.400 631.090 615.200 513.600 781.700 724.300 549.100 444.900 442.600 439.100 437.300 434.600 431.100 427.500 410.500 403.400 414.400 438.000 420.700 413.800 420.400 433.300 460.000 510.900 580.800 551.500 566.200 460.300 540.400 457.400 514.000 582.900 580.500 607.000 483.100 487.900 548.400 669.400 699.590 686.100 596.200
1060.800 754.010 767.200 1004.800 1036.400 878.590 790.390 818.200 801.100 769.100 960.390 1050.100 1122.390 1130.300 1011.500 1050.190 808.200 533.100 527.910 607.800 646.300 663.700 753.310 915.600 1001.590 804.610 505.000 489.100 469.900 449.500 445.400 444.400 444.400 453.000 454.300 430.400 427.500 420.400 470.500 486.800 449.200 431.300 460.700 423.600 430.100 465.300 583.300 601.600 635.400 533.700 596.900 489.000 464.600 518.700 523.800 498.200 557.700 551.900 488.000 501.300 572.400 616.440 709.300 607.900
693.400 687.100 589.400 622.610 604.700 595.900 614.600 642.400 722.210 949.900 1200.500 867.410 738.800 741.500 752.100 596.400 680.200 828.000 911.600 990.210 1043.100 1079.800 1165.800 943.800 911.790 693.000 464.700 458.900 454.400 449.900 448.900 485.000 445.100 469.700 431.600 430.400 428.900 407.300 454.900 474.600 479.900 454.000 467.900 428.400 431.000 504.700 567.700 632.400 560.100 496.600 527.400 583.100 473.700 500.000 645.500 634.600 577.200 609.100 594.200 508.800 509.200 603.790 741.800 643.600
571.590 551.000 595.100 589.600 650.710 687.690 787.690 717.300 936.700 1153.100 797.700 774.700 688.200 725.400 765.600 872.200 1152.690 1008.600 1055.800 1066.000 1008.100 887.800 860.490 671.900 630.100 478.900 462.800 456.500 454.100 452.200 487.400 480.100 429.800 426.100 426.300 424.200 418.700 441.600 486.700 497.400 481.500 430.200 448.800 471.500 437.000 436.800 535.500 603.300 582.900 551.600 602.800 665.000 503.600 513.500 537.600 680.700 660.900 626.900 682.800 565.500 511.900 510.340 666.200 664.900
559.710 670.600 742.500 769.090 783.200 893.300 1092.500 875.710 719.610 785.500 752.900 870.200 981.290 956.300 1092.600 1015.400 822.600 724.800 828.310 797.600 788.600 712.210 649.100 573.500 498.790 463.690 459.600 458.500 455.800 454.100 478.700 430.200 431.400 411.900 412.100 420.800 436.600 469.200 477.100 470.300 470.000 452.200 480.500 537.300 449.600 442.300 457.900 564.900 609.600 579.400 628.100 614.500 476.200 479.300 568.600 703.300 654.200 670.500 696.500 638.600 539.500 514.050 518.700 539.800
972.390 1173.110 1219.490 1161.200 1170.300 1202.300 1085.410 870.400 810.310 1061.200 1022.610 1150.400 1248.800 1267.800 1150.300 688.900 630.390 610.700 689.790 595.700 587.400 547.100 490.400 474.900 470.100 466.700 462.900 459.900 464.400 476.200 444.100 435.300 430.300 430.600 459.300 444.700 480.400 479.600 468.700 520.200 469.900 459.100 482.600 531.900 497.200 448.400 450.000 507.300 515.900 652.400 588.600 616.000 483.700 479.400 583.100 617.200 725.300 649.200 669.300 613.000 662.800 564.400 527.000 567.800
915.400 977.000 945.100 889.100 868.990 1051.210 1165.700 1270.210 1042.000 1169.900 1130.900 1194.010 1005.110 984.300 688.300 607.900 542.110 497.000 484.810 466.390 458.410 466.000 453.800 454.890 447.490 488.900 475.600 489.000 471.200 448.100 439.000 415.500 434.800 502.000 440.000 448.600 500.400 550.600 517.900 539.400 489.200 523.600 506.300 491.300 493.400 455.500 454.500 476.600 581.200 624.600 647.800 636.400 534.300 480.400 527.600 677.200 841.000 766.600 702.100 668.100 787.100 714.130 550.000 561.300
746.600 786.300 864.400 1093.990 1113.510 1257.210 1290.800 1257.700 1036.500 920.110 705.990 733.690 626.600 620.410 549.100 598.600 558.400 491.200 462.100 455.500 479.000 449.300 419.500 418.700 419.400 467.300 495.000 474.800 459.700 414.600 435.800 447.500 455.800 450.200 454.700 454.600 438.300 484.500 485.000 513.200 506.700 520.100 520.600 532.300 499.500 458.600 459.200 518.300 576.300 690.500 667.500 717.900 551.900 496.600 505.800 618.600 783.800 779.000 753.000 661.300 833.600 798.110 631.900 560.100
1145.400 1223.800 1387.990 1353.790 1199.800 1042.200 842.400 754.700 661.700 598.900 582.200 559.200 552.700 510.600 551.000 480.300 478.010 461.300 425.000 424.200 419.910 421.600 422.800 451.010 465.210 463.300 445.300 439.000 427.400 449.100 474.900 458.900 459.600 458.400 490.300 499.800 461.900 459.800 498.500 601.000 541.800 509.000 563.900 689.500 610.600 530.700 466.400 467.600 502.200 562.700 601.600 719.700 633.900 521.300 485.300 540.900 731.600 709.600 777.200 705.600 674.700 679.420 649.100 569.800
1218.160 1216.150 1270.960 1072.330 946.300 765.050 664.540 609.960 570.180 552.550 535.470 514.890 492.100 509.740 457.270 453.200 445.370 427.850 427.600 424.850 424.550 433.750 430.920 472.540 488.350 459.390 449.950 449.600 454.900 510.390 468.310 463.510 468.550 468.400 509.330 495.220 524.340 485.980 516.180 552.750 541.700 540.430 598.390 651.330 559.880 503.500 598.840 470.050 536.230 701.330 642.840 673.050 698.420 583.720 487.350 489.870 571.620 671.720 723.950 747.050 692.450 681.630 670.900 615.530
1093.400 1092.400 1011.790 741.300 653.000 580.800 523.600 531.190 478.300 463.300 438.100 442.300 443.200 446.700 439.300 429.400 430.100 431.200 433.100 433.100 438.900 462.500 468.700 479.900 479.900 460.900 450.200 458.900 470.600 474.800 478.600 477.000 477.300 483.100 500.300 496.900 518.200 475.000 526.000 623.800 549.700 599.700 663.600 637.800 522.400 546.000 477.100 474.700 490.100 533.600 513.600 528.000 574.800 605.100 489.600 488.400 555.700 633.000 689.000 779.000 719.700 684.200 677.600 651.500
879.400 666.000 580.110 531.700 532.900 481.010 452.400 448.700 432.200 428.500 428.500 428.800 428.400 428.900 436.100 433.400 434.200 435.300 437.200 436.900 460.700 463.900 471.300 469.600 464.700 457.300 461.600 474.300 482.600 500.200 510.300 513.200 486.000 490.400 508.600 519.300 555.900 526.000 524.100 559.900 670.000 627.000 696.700 601.200 556.400 616.100 481.900 590.600 590.600 543.900 544.300 505.900 508.200 573.500 543.700 488.200 490.000 544.300 711.500 795.400 765.900 685.250 723.600 645.500
670.510 569.590 473.800 457.900 450.690 440.900 433.600 429.700 429.310 428.600 428.900 438.300 444.400 457.700 469.100 460.400 489.400 439.800 441.800 441.900 448.700 461.500 464.800 476.600 498.500 452.300 462.200 479.800 508.900 539.900 500.700 490.200 511.200 502.900 551.200 552.200 622.600 547.700 506.400 627.700 626.000 685.100 667.300 648.200 636.300 628.500 487.100 497.400 545.500 669.500 679.400 612.100 604.100 584.000 555.200 492.300 490.000 498.500 606.300 732.700 670.100 697.150 770.500 662.000
565.700 461.510 466.190 433.990 431.600 429.700 429.310 429.200 429.700 465.800 480.500 490.900 521.300 532.400 506.000 456.900 444.700 445.500 446.700 444.900 455.600 472.500 495.100 503.900 480.300 460.500 472.200 503.600 515.600 480.200 490.600 521.300 541.100 514.100 632.000 621.600 583.400 561.400 599.000 529.700 571.400 663.500 632.500 586.100 655.000 600.600 497.900 494.700 499.800 514.400 501.100 504.400 505.600 519.100 535.400 508.000 493.500 496.800 511.600 612.100 657.400 737.510 778.800 732.900
434.290 433.690 429.700 429.500 429.400 428.800 429.400 441.900 476.500 516.000 517.500 549.000 549.400 520.200 467.900 455.200 448.500 451.100 451.400 463.900 481.600 491.800 499.900 473.600 475.400 464.500 475.800 484.500 480.900 486.900 519.500 556.500 561.200 520.100 615.100 632.300 607.300 575.300 618.200 601.900 623.600 697.500 685.500 652.500 607.600 548.200 523.000 505.500 503.500 502.000 499.500 500.000 510.000 505.100 505.700 510.400 499.300 502.000 504.000 525.600 651.500 713.820 744.800 750.000
454.410 429.800 428.900 428.300 429.200 442.100 486.500 506.600 530.700 550.400 555.300 527.200 500.400 464.600 459.300 480.300 453.500 456.000 456.000 465.200 476.700 493.800 493.200 469.200 498.100 528.500 474.300 477.900 529.900 568.600 589.100 603.600 606.700 532.500 564.700 656.400 768.200 621.000 649.400 590.400 601.800 634.300 701.500 655.000 695.100 585.400 519.800 509.800 523.600 529.700 501.500 504.000 511.600 589.200 574.500 510.000 546.500 504.600 504.000 504.000 589.800 700.670 733.000 740.200
429.800 427.100 429.500 430.210 437.200 522.810 546.090 560.100 551.100 556.100 488.900 495.400 527.400 476.200 460.100 458.300 459.800 461.000 460.000 459.500 471.800 479.800 470.000 488.700 503.300 555.200 499.400 585.200 549.400 597.700 674.300 680.800 599.100 547.900 579.500 686.800 746.000 669.600 685.200 651.100 670.200 635.600 695.200 742.000 715.700 578.700 540.200 527.900 529.800 515.300 521.600 516.400 649.600 665.600 677.600 634.500 544.500 518.800 504.000 504.000 504.000 562.240 620.000 683.700
430.000 427.000 429.800 436.600 479.490 528.300 555.200 563.500 505.400 558.400 536.700 499.500 484.400 465.700 464.300 464.400 466.000 466.500 465.400 463.300 463.200 470.100 470.000 528.100 518.700 536.900 601.100 600.600 557.100 634.100 659.700 597.000 568.500 597.100 634.800 618.000 719.000 661.400 654.600 694.600 720.900 702.300 649.200 723.900 697.500 682.600 606.700 605.200 601.600 523.000 521.500 527.500 555.200 613.200 678.600 721.200 604.900 539.900 517.300 504.000 504.000 504.000 541.000 590.100
431.300 437.000 458.410 493.900 494.990 544.700 557.300 559.300 589.900 567.700 575.200 551.300 464.700 466.500 468.200 470.100 475.100 471.200 477.700 469.500 505.600 518.500 547.100 545.200 584.700 513.000 509.500 628.900 664.400 662.900 671.000 621.500 655.500 568.900 593.300 665.000 709.300 704.900 707.700 662.800 724.000 754.200 680.700 586.600 580.300 573.000 549.000 548.100 530.000 536.700 563.500 529.900 532.600 557.500 609.300 618.200 680.900 604.800 550.200 515.100 504.000 504.000 504.000 509.800
509.510 528.300 480.110 491.700 508.910 558.000 583.900 599.500 635.210 623.700 592.200 476.400 464.700 469.400 474.400 474.400 476.800 479.700 475.900 480.200 494.900 562.200 586.400 585.500 503.300 630.400 602.100 640.200 735.400 626.800 652.300 658.300 669.500 663.000 592.600 592.400 693.600 706.600 713.900 727.100 653.300 674.600 642.800 611.600 703.300 639.100 677.800 649.400 612.000 595.700 655.100 561.500 541.800 544.300 588.100 697.800 736.200 613.500 621.100 583.400 517.700 504.000 504.000 504.000
492.810 460.800 478.700 505.810 539.800 562.400 599.910 613.200 624.090 519.500 496.100 464.900 465.000 485.300 477.400 479.800 483.200 484.700 487.500 481.900 504.000 533.100 505.700 593.300 567.500 602.300 640.800 642.500 753.800 770.200 629.000 634.200 629.700 687.600 673.400 689.200 639.100 716.300 672.900 659.300 714.800 669.600 654.800 697.300 727.900 665.100 609.300 590.000 558.700 573.600 678.100 639.700 580.400 541.100 550.100 597.800 599.700 633.600 682.200 684.700 629.400 539.360 504.100 508.600
443.200 457.880 484.820 540.120 597.550 609.560 601.150 579.410 470.300 468.850 469.150 497.150 482.420 484.300 483.450 485.700 488.300 489.050 489.750 489.890 523.260 528.940 515.240 555.220 560.070 692.410 727.670 721.840 754.570 734.800 705.600 669.440 710.710 731.270 732.340 719.390 631.630 653.520 671.900 720.870 710.260 683.150 680.400 704.500 642.890 681.060 629.030 672.110 647.550 660.350 593.070 554.250 594.430 554.740 550.250 554.650 574.060 635.570 694.490 712.370 762.450 631.880 586.370 542.980
493.200 515.100 528.600 556.100 610.300 572.700 470.900 469.600 469.100 473.100 484.800 530.000 495.700 484.400 489.900 491.200 494.300 494.600 502.500 501.800 569.500 539.500 534.600 528.500 556.700 560.200 652.300 708.300 786.800 718.600 769.900 755.400 754.900 747.600 722.200 639.500 673.200 703.700 689.900 719.500 744.810 744.090 702.600 737.400 705.900 649.200 634.700 721.710 601.190 710.290 648.490 626.100 570.410 588.600 602.300 565.800 579.600 656.400 729.700 751.810 750.400 766.460 658.600 590.690
528.600 539.000 500.000 484.900 474.900 473.600 485.400 489.600 483.700 512.900 545.500 519.500 505.100 489.500 492.100 495.100 499.900 500.400 500.100 580.800 539.800 585.300 529.200 640.100 679.000 662.600 676.710 665.300 748.100 792.100 776.310 796.700 754.300 723.900 663.000 699.600 699.400 738.200 771.400 770.010 797.500 699.100 691.400 779.100 708.790 670.400 648.490 665.500 698.600 652.000 579.790 637.400 611.710 672.590 600.290 597.400 601.190 657.600 772.310 821.000 839.000 833.100 750.500 660.710
503.800 503.500 476.700 475.800 486.500 500.900 540.000 530.200 542.100 523.100 570.200 532.900 502.700 493.900 494.900 500.100 505.300 506.400 506.000 508.800 554.700 549.400 548.000 637.900 681.800 686.700 675.290 775.810 768.200 758.610 706.800 705.790 702.410 704.900 721.310 741.500 717.800 759.400 782.610 780.500 799.900 804.600 709.190 813.100 757.890 679.700 723.900 778.200 730.600 780.490 746.500 640.200 629.400 611.110 640.500 605.500 615.310 616.400 628.910 688.890 734.500 804.130 778.800 701.810
565.200 505.100 514.300 515.800 526.000 541.500 553.900 545.300 531.700 543.300 569.500 534.300 527.000 501.300 497.900 502.700 509.500 513.600 516.600 594.700 519.600 528.300 653.300 696.800 722.600 710.600 790.000 849.800 773.390 741.890 762.700 795.600 772.300 761.800 777.200 757.100 766.200 776.500 783.090 864.010 788.500 789.000 748.910 794.900 772.910 673.600 746.900 731.690 764.210 796.710 772.610 749.300 671.200 629.100 649.000 624.990 691.590 620.100 674.410 644.800 701.900 744.680 759.300 702.200
514.500 520.500 518.600 518.700 516.600 539.900 571.000 565.200 571.800 591.000 557.900 534.200 534.500 516.500 510.200 513.600 519.900 516.600 519.400 525.000 567.800 589.000 693.900 623.100 654.000 770.700 804.200 780.800 811.500 759.700 738.900 800.900 798.900 849.490 837.300 768.100 759.110 807.500 826.100 900.900 838.090 881.400 822.810 845.900 841.200 699.900 795.300 783.600 763.500 832.310 925.000 870.290 779.200 640.010 615.800 659.610 608.110 671.900 741.500 728.610 704.600 682.370 671.500 652.300
509.800 519.000 518.800 529.100 536.200 547.900 564.100 575.800 600.800 571.000 544.900 540.500 527.000 509.800 511.600 524.300 526.900 544.500 539.700 536.200 537.900 652.100 593.000 634.900 743.400 789.400 739.100 749.200 837.700 774.000 753.510 760.790 799.000 902.500 871.700 921.500 846.900 873.690 871.400 922.100 829.000 883.890 793.100 900.800 807.590 726.000 834.300 855.810 819.990 859.500 892.500 762.000 700.910 760.290 570.500 643.000 581.500 684.310 667.190 759.300 788.310 726.830 688.300 660.200
