Source/meteoio/tests/2D_interpolations/2009-01-19T12.00.00_TA_ref.asc
ncols               386
nrows               229
xllcorner    479500.000
yllcorner     73500.000
cellsize       1000.000
NODATA_value -999
[rows 87 to 115 of 229, columns 66 to 131 of 386]
282.562 281.649 280.913 281.286 282.180 283.220 283.310 282.926 283.064 281.940 281.720 281.606 279.758 279.358 279.285 282.160 283.133 283.107 283.713 284.510 283.547 280.415 282.781 284.237 283.418 285.144 285.877 285.864 284.869 285.273 285.775 289.425 289.953 289.956 289.958 289.960 289.962 289.266 288.794 288.959 289.738 289.851 289.854 289.864 289.860 289.130 289.298 288.919 289.144 289.148 289.450 289.461 289.342 289.180 288.742 288.852 288.718 288.932 288.403 288.822 289.161 289.260 289.248 289.189 289.129 289.115
282.432 281.662 281.665 282.592 283.302 282.803 282.565 282.441 281.845 282.086 281.076 279.874 280.089 281.116 281.559 282.554 283.881 284.666 285.222 285.635 282.101 281.114 283.192 283.827 284.745 286.074 286.094 285.871 285.793 287.812 289.956 289.959 289.961 289.964 289.966 289.968 289.271 288.785 288.970 289.706 289.813 289.837 289.860 289.866 289.821 289.228 289.063 288.646 288.465 289.141 289.039 289.023 288.909 288.736 288.597 288.694 288.847 288.717 288.424 288.819 288.902 289.190 289.227 289.173 289.095 289.048
282.322 283.453 283.007 284.045 283.058 282.645 281.931 281.274 282.316 282.144 280.131 281.022 281.596 282.125 284.656 286.002 286.559 286.541 286.121 285.378 281.112 283.025 284.509 285.187 286.495 287.431 288.000 288.313 289.550 289.954 289.964 289.967 289.969 289.972 289.974 289.972 289.315 289.635 289.805 289.419 289.825 289.829 289.854 289.858 289.721 289.660 289.425 288.834 289.045 288.980 289.002 289.002 289.026 288.765 288.417 288.483 288.409 288.195 288.567 288.834 288.830 289.032 289.102 289.064 288.992 289.028
283.394 283.629 283.840 283.735 282.216 281.992 280.983 281.997 282.505 279.998 279.982 281.505 284.171 285.517 286.125 286.493 286.544 286.365 285.889 283.627 282.336 284.252 285.171 287.056 288.493 289.590 289.840 289.963 289.966 289.969 289.972 289.975 289.977 289.980 289.964 289.699 289.877 289.696 289.749 289.837 289.820 289.822 289.825 289.812 289.544 289.230 289.269 289.286 289.109 289.007 289.011 288.896 288.818 288.687 288.506 288.376 288.096 288.432 288.726 288.776 288.928 289.121 289.100 288.957 288.927 288.728
284.429 283.528 283.684 282.736 281.960 281.345 282.557 282.992 281.243 279.376 281.544 283.610 285.316 285.948 286.264 286.417 286.530 286.305 285.471 282.011 283.720 286.627 287.722 289.721 289.925 289.932 289.955 289.970 289.974 289.977 289.980 289.983 289.986 289.981 289.569 289.880 289.708 289.875 289.868 289.837 289.808 289.818 289.719 289.582 288.851 289.215 289.172 289.100 289.154 289.023 288.993 288.726 288.513 288.298 287.929 288.498 288.457 288.628 288.645 288.914 289.080 289.077 289.094 288.939 288.893 288.507
282.428 282.579 282.028 281.411 281.295 282.689 283.121 281.584 279.795 280.498 282.381 284.722 285.809 286.236 286.614 286.622 286.118 285.190 283.061 282.217 287.275 287.559 289.564 289.911 289.946 289.942 289.922 288.544 289.912 289.984 289.988 289.770 289.545 288.482 289.870 289.447 289.826 289.872 289.850 289.837 289.806 289.798 289.792 288.953 289.018 288.746 289.051 288.443 288.674 289.052 289.001 288.974 288.938 288.779 288.348 288.727 288.534 288.659 288.806 288.957 289.091 289.034 288.926 288.865 288.611 287.765
282.246 282.153 280.949 280.640 282.326 283.340 283.022 280.032 279.776 281.164 284.760 285.683 286.110 286.370 286.841 286.435 284.621 281.958 282.040 286.292 288.255 288.280 289.818 289.921 289.912 289.775 288.498 289.555 289.739 289.681 289.362 288.983 288.593 289.868 289.884 289.694 289.899 289.887 289.881 289.854 289.738 289.797 289.044 288.919 288.735 288.266 287.879 287.110 287.683 288.235 288.686 287.967 288.213 288.868 288.977 288.982 288.583 288.486 288.738 289.041 289.034 288.880 288.709 288.824 288.134 287.732
282.478 280.364 280.462 282.066 283.436 283.299 280.193 279.404 281.173 283.832 285.314 285.902 286.314 286.564 286.978 284.584 281.950 283.444 286.236 288.062 289.078 289.900 289.458 289.934 289.875 288.484 289.398 289.701 289.817 289.049 288.309 288.800 289.798 289.892 289.496 289.917 289.910 289.903 289.911 289.411 289.252 289.709 288.978 288.885 287.771 287.738 286.453 286.918 287.353 287.574 287.928 287.312 287.649 288.034 288.456 288.708 288.858 289.046 288.977 289.023 289.004 288.657 288.060 288.341 287.613 287.555
280.666 281.516 283.198 283.509 283.101 280.552 279.718 280.272 282.852 284.981 285.653 285.997 286.238 286.480 286.111 284.237 285.367 287.059 288.602 289.704 289.910 289.638 289.742 289.949 289.954 289.931 289.933 289.869 289.312 288.962 288.821 289.249 289.892 289.659 289.561 289.926 289.922 289.915 289.259 289.258 289.778 288.650 288.298 287.863 287.739 286.807 286.125 286.816 286.879 287.343 287.379 287.319 287.507 288.063 288.348 288.396 288.730 288.868 288.984 288.819 288.488 288.634 287.765 288.199 288.302 287.040
281.817 283.448 283.534 283.410 281.336 280.109 280.360 281.947 283.734 285.635 285.881 286.056 285.973 286.060 286.944 287.185 287.747 288.987 289.969 289.978 289.981 289.951 289.988 289.990 289.963 289.962 289.956 289.949 289.810 289.480 289.505 289.731 289.933 289.954 289.963 289.944 289.938 289.815 289.133 289.709 289.720 288.221 287.088 286.125 286.014 286.139 286.358 286.825 287.503 287.927 287.659 287.268 287.860 288.235 288.215 288.518 288.648 288.516 288.467 287.954 287.720 287.421 286.834 288.360 287.901 287.474
283.523 283.552 283.463 281.930 280.819 281.035 281.432 282.728 284.882 286.045 285.889 286.292 287.066 287.450 288.001 289.062 289.869 289.976 289.980 289.984 289.988 289.992 289.995 289.999 289.998 289.980 289.975 289.981 289.970 289.967 289.963 289.923 289.896 289.979 289.978 289.974 289.941 289.253 289.384 289.705 288.916 288.474 287.429 287.074 286.953 286.877 287.442 287.908 287.897 287.901 288.137 288.160 288.358 288.516 288.683 288.593 288.705 288.095 287.720 286.075 286.913 287.277 287.146 287.790 286.694 286.235
283.531 283.515 282.423 281.385 281.650 282.189 284.105 285.762 286.018 287.177 287.842 288.121 288.756 289.043 289.671 289.974 289.978 289.982 289.986 289.990 289.994 289.998 290.002 290.007 290.011 289.988 289.995 289.995 290.000 290.004 290.011 289.995 289.995 289.993 289.991 289.992 289.839 289.356 288.911 288.664 289.720 288.366 288.078 288.962 288.185 287.588 287.788 287.723 287.688 287.807 288.036 288.408 288.448 288.395 288.480 289.246 288.884 288.441 287.342 287.269 286.665 286.620 286.039 287.027 285.373 286.216
283.509 283.514 282.040 281.909 280.767 282.900 286.016 286.616 287.443 288.226 288.838 289.673 289.964 289.972 289.976 289.980 289.984 289.988 289.993 289.997 290.001 290.005 290.009 290.014 290.006 290.006 290.008 290.017 290.022 290.028 290.034 290.017 290.004 289.999 289.998 289.954 289.591 288.971 289.100 288.599 289.700 288.683 289.136 288.967 287.961 288.076 288.111 288.874 288.142 288.271 288.424 288.402 288.414 288.543 289.104 288.880 289.257 288.747 288.224 287.765 286.738 285.065 285.293 288.127 285.586 285.496
283.281 282.807 280.937 283.766 285.943 286.389 286.536 288.009 288.645 289.259 289.733 289.964 289.973 289.977 289.982 289.986 289.990 289.994 289.999 290.003 290.007 290.012 290.016 290.021 289.990 289.984 290.022 289.976 289.754 290.038 290.025 290.027 290.016 290.003 289.980 289.939 289.542 289.396 289.305 289.236 288.513 289.694 289.039 289.528 288.927 289.124 288.638 288.880 289.073 289.192 289.051 289.561 289.331 288.743 289.479 289.072 288.801 288.624 288.878 288.330 287.466 286.741 286.745 287.117 285.574 286.075
285.110 283.745 285.530 287.800 286.790 284.531 287.694 288.598 289.289 289.403 289.877 289.952 289.979 289.983 289.987 289.992 289.996 290.000 290.005 290.009 290.014 290.018 290.023 289.982 289.966 289.687 288.715 287.905 288.659 289.987 290.042 290.035 290.028 290.014 289.702 289.474 289.803 289.485 289.421 289.655 288.874 288.933 288.639 288.299 289.321 288.842 289.345 289.557 289.159 289.561 289.284 288.787 288.805 288.720 288.692 288.743 288.736 288.750 288.836 288.515 288.694 287.965 287.315 287.938 286.913 285.698
285.264 285.323 286.285 283.747 280.470 284.586 288.058 289.127 289.504 289.211 289.908 289.980 289.984 289.989 289.993 289.998 290.002 290.006 290.011 290.016 290.020 289.997 289.770 289.544 289.403 289.369 289.113 289.533 290.061 290.066 290.071 290.042 290.017 289.921 289.426 289.091 289.435 289.260 288.932 289.606 288.472 287.778 287.099 287.675 287.651 287.769 288.379 288.241 288.117 289.012 288.755 288.812 288.813 288.824 288.714 289.148 288.421 288.498 288.448 287.412 287.368 288.363 288.746 288.386 286.891 286.303
283.235 281.406 280.337 279.524 281.787 285.919 288.154 289.229 289.186 289.696 289.980 289.985 289.989 289.994 289.999 290.003 290.008 290.012 290.017 290.022 289.966 289.648 289.282 288.985 288.859 289.696 290.058 290.064 290.069 290.074 290.079 290.037 289.873 288.991 288.767 289.238 289.303 289.377 289.074 289.611 288.439 287.863 287.494 288.202 288.618 288.743 288.690 288.530 288.559 288.546 288.699 288.731 288.808 288.915 289.300 289.040 288.808 288.791 288.789 288.095 287.086 286.932 287.077 288.743 287.306 286.394
278.583 278.699 279.067 282.238 284.810 287.392 288.568 289.410 289.530 289.981 289.985 289.990 289.995 290.000 290.004 290.009 290.014 290.019 290.024 289.372 289.365 289.064 288.552 288.412 289.493 290.060 290.066 290.071 290.077 290.082 289.901 289.360 288.820 288.712 288.808 288.894 289.424 289.165 288.993 289.585 288.966 288.354 287.970 288.469 288.243 288.235 288.039 287.917 288.338 288.567 288.663 287.926 288.384 288.729 288.938 289.316 289.081 288.907 288.753 288.759 288.614 288.341 287.904 288.648 287.699 286.506
279.082 280.151 283.836 285.770 287.341 288.209 289.626 289.975 289.981 289.986 289.991 289.995 290.000 290.005 290.010 290.015 290.020 290.025 289.454 289.008 288.966 288.826 288.921 289.993 290.062 290.068 290.073 290.079 290.084 289.907 289.826 288.895 288.726 288.559 288.628 288.879 288.879 289.128 289.120 288.933 288.619 288.283 288.020 288.225 287.837 288.000 287.754 287.580 287.711 288.613 288.225 287.736 288.579 288.080 287.520 288.082 288.906 289.339 289.257 288.668 288.470 288.681 288.398 287.618 288.420 287.876
281.267 284.463 286.064 287.364 288.272 289.052 289.976 289.981 289.986 289.991 289.996 290.000 290.005 290.010 290.015 290.020 290.024 289.617 289.473 289.246 289.293 289.402 290.003 290.041 290.069 290.075 290.081 290.087 289.953 289.676 289.591 288.829 288.569 288.447 288.443 288.930 289.002 288.999 289.215 289.501 288.570 288.550 288.146 287.829 287.889 288.050 287.894 287.714 288.436 287.683 287.651 288.124 288.013 288.186 286.540 285.885 288.273 289.205 289.356 289.349 288.568 288.719 288.696 288.300 288.285 287.977
284.439 286.184 287.571 288.460 289.434 289.976 289.981 289.986 289.991 289.996 290.001 290.006 290.010 290.016 290.021 290.026 289.787 289.307 289.141 289.259 289.738 290.004 290.002 290.029 290.057 290.078 290.038 289.770 289.870 289.529 288.835 288.439 288.846 288.706 288.501 288.950 288.886 289.084 288.864 289.489 288.470 288.526 288.019 287.991 288.247 287.796 287.836 287.901 288.291 287.366 286.691 287.925 287.523 287.135 286.733 287.344 288.030 288.832 289.364 289.344 289.332 288.868 288.807 288.525 288.190 287.879
285.909 287.249 288.185 289.225 289.976 289.981 289.986 289.991 289.995 290.000 290.005 290.010 290.016 290.015 290.002 289.789 289.407 289.120 289.100 289.301 289.993 289.997 290.004 290.021 290.026 289.993 289.925 289.831 289.458 288.811 288.300 288.534 288.979 289.006 289.024 288.611 288.916 289.486 289.312 289.357 289.408 288.858 288.662 289.052 288.616 288.474 287.643 288.075 287.404 287.636 287.936 287.838 287.474 285.643 285.523 285.773 285.544 287.113 289.164 289.303 289.333 289.303 289.094 288.555 288.548 287.451
287.089 287.777 288.621 289.975 289.980 289.985 289.990 289.995 290.000 290.005 290.010 290.015 290.021 289.853 289.590 289.403 289.520 289.373 289.354 289.704 289.993 290.003 289.993 290.021 289.998 289.412 289.535 289.774 288.745 288.692 288.367 288.632 288.385 288.694 288.562 288.452 288.922 288.817 288.647 288.645 288.506 288.951 288.751 288.411 288.865 288.761 288.867 288.334 288.232 287.585 287.565 287.144 286.525 286.432 285.444 285.362 285.360 285.753 287.839 289.267 289.128 289.322 289.306 288.856 288.524 287.710
286.849 288.310 289.600 289.980 289.985 289.990 289.995 290.000 290.005 290.010 290.015 290.020 289.775 289.381 289.390 289.357 289.324 289.636 289.928 289.962 290.000 289.999 289.992 289.945 289.738 289.293 289.597 288.957 289.096 289.022 288.586 288.260 288.266 287.752 288.470 288.891 288.829 288.827 288.442 288.061 288.007 288.413 288.275 288.369 288.727 287.812 287.440 287.500 287.938 287.661 287.247 287.078 287.232 286.492 285.840 284.448 285.164 286.072 288.222 289.191 286.028 288.901 289.321 289.230 288.605 288.300
287.653 288.565 289.979 289.984 289.989 289.994 289.999 290.004 290.009 290.014 290.020 289.664 289.472 289.349 289.313 289.520 289.788 289.924 289.951 289.969 289.966 289.978 289.925 289.643 289.149 288.634 288.754 288.298 288.267 288.485 288.484 287.881 287.871 288.268 289.011 288.702 288.718 288.437 288.286 288.134 287.911 287.966 288.273 287.869 288.020 287.693 287.356 287.061 287.942 286.933 286.074 286.139 285.359 285.639 286.731 285.820 285.376 286.115 288.863 289.267 286.014 286.471 289.319 289.287 288.976 288.225
289.625 289.973 289.983 289.988 289.993 289.998 290.003 290.008 290.014 290.019 289.665 289.444 289.298 289.259 289.350 289.767 289.897 289.923 289.948 289.958 289.962 289.853 289.382 289.003 288.030 289.277 288.697 288.382 288.493 288.559 288.579 287.684 287.667 288.469 288.952 288.603 288.351 287.943 287.670 287.860 288.193 288.320 287.409 287.466 287.924 287.235 286.393 286.334 287.888 288.130 287.364 286.337 285.636 284.758 285.118 285.530 285.860 286.410 288.981 289.201 286.151 286.339 287.813 289.311 289.211 288.243
289.977 289.982 289.987 289.992 289.997 290.002 290.007 290.013 290.018 289.674 289.427 289.402 289.262 289.295 289.585 289.890 289.897 289.913 289.929 289.917 289.757 289.131 288.614 288.487 288.646 288.616 288.224 288.109 288.319 287.812 287.745 288.483 288.581 289.030 288.448 288.344 287.948 287.510 287.636 287.272 287.750 287.776 287.321 287.075 287.699 287.112 286.914 287.763 287.156 286.278 286.694 286.181 286.066 286.308 285.457 284.526 284.962 285.565 288.767 289.245 286.462 285.830 286.709 289.303 289.277 288.505
289.980 289.985 289.991 289.996 290.001 290.006 290.011 290.013 289.589 289.456 289.450 289.357 289.264 289.766 289.879 289.885 289.895 289.956 289.912 289.800 289.347 288.522 287.971 287.787 289.104 288.081 288.377 288.037 287.734 287.289 287.638 288.801 288.597 288.549 288.483 288.301 288.018 287.460 287.501 287.243 287.776 287.635 287.125 287.243 286.199 287.216 287.339 286.844 286.832 286.328 286.412 286.511 286.593 286.384 286.224 283.788 283.844 284.759 288.037 289.236 288.471 286.039 287.553 289.135 289.293 288.968
289.984 289.989 289.994 290.000 290.005 290.010 289.948 288.771 289.144 289.349 289.425 289.471 289.752 289.840 289.868 289.870 289.871 289.875 289.680 289.343 289.063 288.826 288.781 288.935 288.228 288.099 287.951 287.659 287.531 288.249 288.859 288.438 288.414 288.555 288.254 287.628 287.850 287.592 287.667 286.875 287.409 287.402 287.345 287.070 286.383 286.554 287.691 286.178 286.033 287.717 286.956 285.924 286.340 285.619 285.057 285.859 285.230 285.468 287.723 289.180 289.233 288.333 288.208 288.635 289.275 288.853
