Source/meteoio/tests/2D_interpolations/2009-01-19T12.00.00_RH_ref.asc
ncols               386
nrows               229
xllcorner    479500.000
yllcorner     73500.000
cellsize       1000.000
NODATA_value -999
[rows 165 to 197 of 229, columns 219 to 291 of 386]
0.710 0.698 0.683 0.661 0.661 0.648 0.636 0.675 0.711 0.670 0.645 0.662 0.647 0.619 0.598 0.595 0.614 0.630 0.618 0.600 0.613 0.648 0.654 0.647 0.646 0.643 0.663 0.659 0.685 0.678 0.657 0.635 0.667 0.708 0.729 0.694 0.671 0.653 0.618 0.623 0.647 0.671 0.728 -999.000 -999.000 -999.000 -999.000 -999.000 -999.000 -999.000 -999.000 -999.000 -999.000 -999.000 -999.000 -999.000 -999.000 -999.000 -999.000 -999.000 0.725 0.724 0.714 0.713 0.701 0.696 0.686 0.693 0.676 0.670 0.647 0.642 0.651
0.689 0.680 0.689 0.697 0.679 0.650 0.630 0.661 0.712 0.683 0.685 0.670 0.642 0.652 0.612 0.600 0.595 0.596 0.596 0.597 0.629 0.638 0.684 0.676 0.679 0.655 0.677 0.688 0.691 0.681 0.660 0.630 0.654 0.684 0.707 0.696 0.685 0.641 0.616 0.622 0.661 0.669 0.713 0.718 -999.000 -999.000 -999.000 -999.000 -999.000 -999.000 -999.000 -999.000 -999.000 -999.000 -999.000 -999.000 -999.000 -999.000 -999.000 -999.000 -999.000 0.695 0.683 0.687 0.668 0.662 0.658 0.655 0.643 0.636 0.636 0.647 0.671
0.678 0.659 0.645 0.655 0.660 0.628 0.645 0.685 0.687 0.704 0.681 0.665 0.660 0.671 0.639 0.612 0.620 0.600 0.595 0.596 0.632 0.646 0.669 0.697 0.676 0.669 0.678 0.703 0.712 0.687 0.652 0.633 0.677 0.682 0.700 0.674 0.653 0.635 0.609 0.635 0.643 0.651 0.677 0.701 0.723 -999.000 -999.000 -999.000 -999.000 -999.000 -999.000 -999.000 -999.000 -999.000 -999.000 -999.000 -999.000 -999.000 -999.000 -999.000 -999.000 0.665 0.646 0.653 0.637 0.633 0.633 0.631 0.635 0.639 0.658 0.666 0.683
0.682 0.656 0.640 0.628 0.621 0.619 0.644 0.662 0.658 0.659 0.688 0.676 0.676 0.655 0.621 0.634 0.643 0.617 0.595 0.595 0.622 0.667 0.692 0.712 0.694 0.719 0.710 0.742 0.701 0.680 0.647 0.646 0.670 0.696 0.687 0.673 0.661 0.634 0.608 0.635 0.667 0.668 0.657 0.689 0.718 -999.000 -999.000 -999.000 -999.000 -999.000 -999.000 -999.000 -999.000 -999.000 -999.000 -999.000 -999.000 -999.000 -999.000 -999.000 -999.000 0.628 0.625 0.625 0.622 0.634 0.640 0.643 0.652 0.670 0.694 0.693 0.713
0.699 0.679 0.687 0.650 0.655 0.630 0.617 0.626 0.627 0.647 0.679 0.665 0.652 0.622 0.620 0.651 0.658 0.625 0.604 0.595 0.610 0.650 0.687 0.678 0.684 0.672 0.703 0.706 0.681 0.661 0.636 0.635 0.657 0.688 0.693 0.685 0.648 0.607 0.609 0.636 0.660 0.700 0.679 0.678 -999.000 -999.000 -999.000 -999.000 -999.000 -999.000 -999.000 -999.000 -999.000 -999.000 -999.000 -999.000 -999.000 -999.000 -999.000 -999.000 -999.000 -999.000 0.632 0.634 0.643 0.645 0.669 0.685 0.698 0.715 0.733 0.693 0.700
0.687 0.693 0.685 0.676 0.664 0.636 0.616 0.644 0.675 0.686 0.673 0.642 0.651 0.642 0.642 0.689 0.647 0.626 0.606 0.595 0.602 0.634 0.656 0.638 0.660 0.676 0.709 0.703 0.673 0.653 0.637 0.639 0.679 0.690 0.685 0.656 0.633 0.606 0.627 0.648 0.644 0.657 0.685 0.694 0.698 -999.000 -999.000 -999.000 -999.000 -999.000 -999.000 -999.000 -999.000 -999.000 -999.000 -999.000 -999.000 -999.000 -999.000 -999.000 -999.000 -999.000 -999.000 0.661 0.675 0.660 0.649 0.652 0.685 0.711 0.734 0.693 0.718
0.660 0.656 0.676 0.683 0.668 0.635 0.614 0.643 0.664 0.690 0.693 0.694 0.670 0.656 0.673 0.672 0.628 0.638 0.616 0.596 0.595 0.623 0.628 0.662 0.674 0.673 0.687 0.709 0.701 0.662 0.637 0.637 0.668 0.719 0.696 0.654 0.613 0.608 0.631 0.642 0.668 0.651 0.685 0.709 -999.000 -999.000 -999.000 -999.000 -999.000 -999.000 -999.000 -999.000 -999.000 -999.000 -999.000 -999.000 -999.000 -999.000 -999.000 -999.000 -999.000 -999.000 -999.000 0.682 0.698 0.699 0.680 0.676 0.688 0.706 0.731 0.704 0.728
0.647 0.631 0.643 0.668 0.668 0.638 0.613 0.629 0.654 0.686 0.672 0.660 0.689 0.673 0.673 0.664 0.651 0.653 0.623 0.601 0.595 0.607 0.643 0.655 0.645 0.669 0.693 0.714 0.682 0.656 0.625 0.651 0.683 0.696 0.672 0.629 0.605 0.613 0.643 0.655 0.671 0.672 0.663 0.710 -999.000 -999.000 -999.000 -999.000 -999.000 -999.000 -999.000 -999.000 -999.000 -999.000 -999.000 -999.000 -999.000 -999.000 -999.000 -999.000 -999.000 -999.000 -999.000 -999.000 -999.000 -999.000 0.707 0.701 0.709 0.721 0.733 0.713 0.731
0.681 0.655 0.630 0.620 0.636 0.631 0.616 0.651 0.684 0.671 0.659 0.658 0.691 0.688 0.680 0.680 0.688 0.673 0.641 0.610 0.595 0.600 0.622 0.635 0.671 0.699 0.714 0.693 0.662 0.645 0.621 0.646 0.675 0.669 0.627 0.607 0.605 0.633 0.656 0.673 0.669 0.679 0.673 -999.000 -999.000 -999.000 -999.000 -999.000 -999.000 -999.000 -999.000 -999.000 -999.000 -999.000 -999.000 -999.000 -999.000 -999.000 -999.000 -999.000 -999.000 -999.000 -999.000 -999.000 -999.000 -999.000 -999.000 -999.000 -999.000 -999.000 0.725 0.744 -999.000
0.662 0.687 0.652 0.648 0.625 0.613 0.629 0.653 0.682 0.653 0.632 0.670 0.669 0.651 0.682 0.672 0.663 0.647 0.613 0.616 0.595 0.595 0.617 0.643 0.665 0.701 0.697 0.684 0.680 0.659 0.630 0.644 0.675 0.664 0.632 0.604 0.611 0.650 0.674 0.684 0.661 0.678 0.687 -999.000 -999.000 -999.000 -999.000 -999.000 -999.000 -999.000 -999.000 -999.000 -999.000 -999.000 -999.000 -999.000 -999.000 -999.000 -999.000 -999.000 -999.000 -999.000 -999.000 -999.000 -999.000 -999.000 -999.000 -999.000 -999.000 -999.000 -999.000 -999.000 -999.000
0.673 0.661 0.674 0.669 0.647 0.628 0.614 0.635 0.658 0.645 0.638 0.659 0.639 0.652 0.694 0.652 0.634 0.632 0.647 0.625 0.596 0.595 0.604 0.625 0.642 0.666 0.688 0.674 0.657 0.652 0.623 0.649 0.658 0.644 0.620 0.603 0.626 0.664 0.697 0.706 0.663 0.703 -999.000 -999.000 -999.000 -999.000 -999.000 -999.000 -999.000 -999.000 -999.000 -999.000 -999.000 -999.000 -999.000 -999.000 -999.000 -999.000 -999.000 -999.000 -999.000 -999.000 -999.000 -999.000 -999.000 -999.000 -999.000 -999.000 -999.000 -999.000 -999.000 -999.000 -999.000
0.650 0.637 0.672 0.685 0.666 0.636 0.616 0.618 0.646 0.661 0.621 0.619 0.650 0.675 0.692 0.683 0.657 0.632 0.657 0.637 0.601 0.596 0.596 0.615 0.625 0.654 0.687 0.673 0.652 0.629 0.620 0.655 0.647 0.627 0.609 0.607 0.642 0.666 0.664 0.691 0.699 0.702 -999.000 -999.000 -999.000 -999.000 -999.000 -999.000 -999.000 -999.000 -999.000 -999.000 -999.000 -999.000 -999.000 -999.000 -999.000 -999.000 -999.000 -999.000 -999.000 -999.000 -999.000 -999.000 -999.000 -999.000 -999.000 -999.000 -999.000 -999.000 -999.000 -999.000 -999.000
0.632 0.628 0.641 0.653 0.688 0.669 0.643 0.610 0.619 0.626 0.613 0.652 0.663 0.674 0.670 0.679 0.647 0.658 0.650 0.633 0.617 0.596 0.596 0.598 0.621 0.642 0.671 0.683 0.658 0.636 0.613 0.638 0.632 0.617 0.602 0.618 0.634 0.643 0.639 0.656 0.685 -999.000 -999.000 -999.000 -999.000 -999.000 -999.000 -999.000 -999.000 -999.000 -999.000 -999.000 -999.000 -999.000 -999.000 -999.000 -999.000 -999.000 -999.000 -999.000 -999.000 -999.000 -999.000 -999.000 -999.000 -999.000 -999.000 -999.000 -999.000 -999.000 -999.000 -999.000 -999.000
0.613 0.632 0.645 0.660 0.684 0.654 0.650 0.640 0.618 0.605 0.629 0.621 0.624 0.632 0.657 0.685 0.674 0.664 0.631 0.639 0.641 0.612 0.596 0.597 0.608 0.622 0.659 0.654 0.658 0.647 0.631 0.611 0.612 0.611 0.601 0.631 0.658 0.680 0.676 0.643 0.672 -999.000 -999.000 -999.000 -999.000 -999.000 -999.000 -999.000 -999.000 -999.000 -999.000 -999.000 -999.000 -999.000 -999.000 -999.000 -999.000 -999.000 -999.000 -999.000 -999.000 -999.000 -999.000 -999.000 -999.000 -999.000 -999.000 -999.000 -999.000 -999.000 -999.000 -999.000 -999.000
0.621 0.641 0.658 0.655 0.674 0.664 0.668 0.670 0.660 0.614 0.616 0.655 0.654 0.666 0.655 0.671 0.674 0.642 0.642 0.655 0.656 0.618 0.599 0.596 0.600 0.626 0.636 0.626 0.626 0.620 0.613 0.618 0.607 0.601 0.605 0.631 0.657 0.666 0.686 0.665 0.666 -999.000 -999.000 -999.000 -999.000 -999.000 -999.000 -999.000 -999.000 -999.000 -999.000 -999.000 -999.000 -999.000 -999.000 -999.000 -999.000 -999.000 -999.000 -999.000 -999.000 -999.000 -999.000 -999.000 -999.000 -999.000 -999.000 -999.000 -999.000 -999.000 -999.000 -999.000 -999.000
0.608 0.621 0.626 0.638 0.663 0.674 0.673 0.658 0.646 0.614 0.621 0.650 0.665 0.695 0.695 0.690 0.674 0.677 0.657 0.678 0.643 0.631 0.612 0.597 0.596 0.616 0.618 0.606 0.601 0.599 0.599 0.600 0.600 0.612 0.628 0.636 0.650 0.678 0.702 0.686 0.694 -999.000 -999.000 -999.000 -999.000 -999.000 -999.000 -999.000 -999.000 -999.000 -999.000 -999.000 -999.000 -999.000 -999.000 -999.000 -999.000 -999.000 -999.000 -999.000 -999.000 -999.000 -999.000 -999.000 -999.000 -999.000 -999.000 -999.000 -999.000 -999.000 -999.000 -999.000 -999.000
0.598 0.602 0.610 0.634 0.646 0.658 0.659 0.630 0.619 0.617 0.609 0.637 0.643 0.668 0.672 0.675 0.683 0.687 0.673 0.675 0.653 0.642 0.624 0.602 0.597 0.598 0.598 0.598 0.599 0.599 0.601 0.604 0.609 0.633 0.647 0.652 0.651 0.658 0.690 -999.000 -999.000 -999.000 -999.000 -999.000 -999.000 -999.000 -999.000 -999.000 -999.000 -999.000 -999.000 -999.000 -999.000 -999.000 -999.000 -999.000 -999.000 -999.000 -999.000 -999.000 -999.000 -999.000 -999.000 -999.000 -999.000 -999.000 -999.000 -999.000 -999.000 -999.000 -999.000 -999.000 -999.000
0.604 0.598 0.599 0.613 0.625 0.644 0.681 0.671 0.643 0.634 0.607 0.613 0.619 0.652 0.649 0.653 0.673 0.680 0.665 0.654 0.639 0.629 0.619 0.612 0.597 0.597 0.604 0.618 0.621 0.626 0.624 0.629 0.617 0.612 0.633 0.662 0.687 0.680 0.692 -999.000 -999.000 -999.000 -999.000 -999.000 -999.000 -999.000 -999.000 -999.000 -999.000 -999.000 -999.000 -999.000 -999.000 -999.000 -999.000 -999.000 -999.000 -999.000 -999.000 -999.000 -999.000 -999.000 -999.000 -999.000 -999.000 -999.000 -999.000 -999.000 -999.000 -999.000 -999.000 -999.000 -999.000
0.626 0.615 0.603 0.628 0.638 0.648 0.651 0.641 0.632 0.629 0.615 0.614 0.634 0.631 0.647 0.657 0.654 0.663 0.639 0.654 0.656 0.642 0.623 0.605 0.597 0.599 0.604 0.618 0.640 0.653 0.649 0.649 0.633 0.637 0.624 0.645 0.667 0.702 -999.000 -999.000 -999.000 -999.000 -999.000 -999.000 -999.000 -999.000 -999.000 -999.000 -999.000 -999.000 -999.000 -999.000 -999.000 -999.000 -999.000 -999.000 -999.000 -999.000 -999.000 -999.000 -999.000 -999.000 -999.000 -999.000 -999.000 -999.000 -999.000 -999.000 -999.000 -999.000 -999.000 -999.000 -999.000
0.621 0.607 0.600 0.619 0.634 0.652 0.649 0.646 0.636 0.618 0.605 0.617 0.642 0.652 0.653 0.642 0.648 0.650 0.643 0.630 0.632 0.629 0.610 0.597 0.597 0.614 0.638 0.632 0.623 0.633 0.654 0.663 0.654 0.646 0.650 0.645 0.665 -999.000 -999.000 -999.000 -999.000 -999.000 -999.000 -999.000 -999.000 -999.000 -999.000 -999.000 -999.000 -999.000 -999.000 -999.000 -999.000 -999.000 -999.000 -999.000 -999.000 -999.000 -999.000 -999.000 -999.000 -999.000 -999.000 -999.000 -999.000 -999.000 -999.000 -999.000 -999.000 -999.000 -999.000 -999.000 -999.000
0.628 0.615 0.597 0.608 0.628 0.651 0.646 0.625 0.624 0.623 0.606 0.629 0.635 0.628 0.629 0.626 0.636 0.632 0.644 0.626 0.606 0.610 0.599 0.597 0.600 0.619 0.646 0.655 0.640 0.640 0.648 0.670 0.678 0.654 0.656 0.642 0.670 -999.000 -999.000 -999.000 -999.000 -999.000 -999.000 -999.000 -999.000 -999.000 -999.000 -999.000 -999.000 -999.000 -999.000 -999.000 -999.000 -999.000 -999.000 -999.000 -999.000 -999.000 -999.000 -999.000 -999.000 -999.000 -999.000 -999.000 -999.000 -999.000 -999.000 -999.000 -999.000 -999.000 -999.000 -999.000 -999.000
0.606 0.603 0.600 0.603 0.630 0.633 0.618 0.613 0.608 0.605 0.603 0.603 0.610 0.620 0.617 0.606 0.624 0.613 0.618 0.613 0.604 0.597 0.597 0.597 0.605 0.618 0.634 0.655 0.663 0.668 0.660 0.670 0.685 0.662 0.672 0.661 0.676 -999.000 -999.000 -999.000 -999.000 -999.000 -999.000 -999.000 -999.000 -999.000 -999.000 -999.000 -999.000 -999.000 -999.000 -999.000 -999.000 -999.000 -999.000 -999.000 -999.000 -999.000 -999.000 -999.000 -999.000 -999.000 -999.000 -999.000 -999.000 -999.000 -999.000 -999.000 -999.000 -999.000 -999.000 -999.000 -999.000
0.598 0.597 0.597 0.596 0.615 0.609 0.604 0.598 0.596 0.595 0.595 0.595 0.595 0.595 0.598 0.597 0.599 0.599 0.598 0.596 0.596 0.597 0.597 0.598 0.611 0.627 0.638 0.632 0.634 0.641 0.656 0.662 0.672 0.684 0.687 0.693 -999.000 -999.000 -999.000 -999.000 -999.000 -999.000 -999.000 -999.000 -999.000 -999.000 -999.000 -999.000 -999.000 -999.000 -999.000 -999.000 -999.000 -999.000 -999.000 -999.000 -999.000 -999.000 -999.000 -999.000 -999.000 -999.000 -999.000 -999.000 -999.000 -999.000 -999.000 -999.000 -999.000 -999.000 -999.000 -999.000 -999.000
0.614 0.607 0.600 0.597 0.596 0.596 0.596 0.595 0.595 0.595 0.595 0.595 0.595 0.595 0.596 0.596 0.596 0.596 0.596 0.596 0.597 0.597 0.598 0.604 0.602 0.612 0.613 0.617 0.619 0.625 0.632 0.651 0.650 0.666 -999.000 -999.000 -999.000 -999.000 -999.000 -999.000 -999.000 -999.000 -999.000 -999.000 -999.000 -999.000 -999.000 -999.000 -999.000 -999.000 -999.000 -999.000 -999.000 -999.000 -999.000 -999.000 -999.000 -999.000 -999.000 -999.000 -999.000 -999.000 -999.000 -999.000 -999.000 -999.000 -999.000 -999.000 -999.000 -999.000 -999.000 -999.000 -999.000
0.630 0.609 0.602 0.599 0.597 0.596 0.596 0.596 0.596 0.596 0.596 0.596 0.596 0.596 0.596 0.596 0.596 0.596 0.596 0.596 0.597 0.598 0.604 0.614 0.629 0.628 0.636 0.631 0.650 0.652 0.651 0.651 0.677 -999.000 -999.000 -999.000 -999.000 -999.000 -999.000 -999.000 -999.000 -999.000 -999.000 -999.000 -999.000 -999.000 -999.000 -999.000 -999.000 -999.000 -999.000 -999.000 -999.000 -999.000 -999.000 -999.000 -999.000 -999.000 -999.000 -999.000 -999.000 -999.000 -999.000 -999.000 -999.000 -999.000 -999.000 -999.000 -999.000 -999.000 -999.000 -999.000 -999.000
0.629 0.611 0.600 0.596 0.596 0.596 0.596 0.596 0.596 0.596 0.596 0.596 0.596 0.596 0.598 0.596 0.596 0.596 0.598 0.605 0.604 0.611 0.622 0.635 0.654 0.650 0.657 0.638 0.641 0.662 0.666 0.658 -999.000 -999.000 -999.000 -999.000 -999.000 -999.000 -999.000 -999.000 -999.000 -999.000 -999.000 -999.000 -999.000 -999.000 -999.000 -999.000 -999.000 -999.000 -999.000 -999.000 -999.000 -999.000 -999.000 -999.000 -999.000 -999.000 -999.000 -999.000 -999.000 -999.000 -999.000 -999.000 -999.000 -999.000 -999.000 -999.000 -999.000 -999.000 -999.000 -999.000 -999.000
0.612 0.596 0.596 0.596 0.596 0.596 0.596 0.596 0.596 0.596 0.602 0.608 0.622 0.619 0.611 0.613 0.614 0.613 0.612 0.613 0.625 0.631 0.626 0.637 0.641 0.657 0.662 0.674 0.643 0.667 0.669 -999.000 -999.000 -999.000 -999.000 -999.000 -999.000 -999.000 -999.000 -999.000 -999.000 -999.000 -999.000 -999.000 -999.000 -999.000 -999.000 -999.000 -999.000 -999.000 -999.000 -999.000 -999.000 -999.000 -999.000 -999.000 -999.000 -999.000 -999.000 -999.000 -999.000 -999.000 -999.000 -999.000 -999.000 -999.000 -999.000 -999.000 -999.000 -999.000 -999.000 -999.000 -999.000
0.597 0.597 0.597 0.597 0.596 0.596 0.596 0.602 0.606 0.611 0.618 0.636 0.648 0.621 0.627 0.612 0.614 0.637 0.637 0.629 0.630 0.618 0.627 0.632 0.644 0.662 0.680 0.679 0.665 -999.000 -999.000 -999.000 -999.000 -999.000 -999.000 -999.000 -999.000 -999.000 -999.000 -999.000 -999.000 -999.000 -999.000 -999.000 -999.000 -999.000 -999.000 -999.000 -999.000 -999.000 -999.000 -999.000 -999.000 -999.000 -999.000 -999.000 -999.000 -999.000 -999.000 -999.000 -999.000 -999.000 -999.000 -999.000 -999.000 -999.000 -999.000 -999.000 -999.000 -999.000 -999.000 -999.000 -999.000
0.597 0.597 0.597 0.597 0.597 0.597 0.606 0.609 0.625 0.634 0.619 0.646 0.644 0.637 0.639 0.616 0.607 0.629 0.628 0.623 0.618 0.628 0.638 0.636 0.639 0.645 0.653 0.678 -999.000 -999.000 -999.000 -999.000 -999.000 -999.000 -999.000 -999.000 -999.000 -999.000 -999.000 -999.000 -999.000 -999.000 -999.000 -999.000 -999.000 -999.000 -999.000 -999.000 -999.000 -999.000 -999.000 -999.000 -999.000 -999.000 -999.000 -999.000 -999.000 -999.000 -999.000 -999.000 -999.000 -999.000 -999.000 -999.000 -999.000 -999.000 -999.000 -999.000 -999.000 -999.000 -999.000 -999.000 -999.000
0.597 0.597 -999.000 0.597 0.597 0.608 0.618 0.633 0.656 0.663 0.639 0.648 0.639 0.654 0.639 0.620 0.608 0.609 0.613 0.616 0.621 0.634 0.658 0.654 0.664 0.661 0.662 0.672 -999.000 -999.000 -999.000 -999.000 -999.000 -999.000 -999.000 -999.000 -999.000 -999.000 -999.000 -999.000 -999.000 -999.000 -999.000 -999.000 -999.000 -999.000 -999.000 -999.000 -999.000 -999.000 -999.000 -999.000 -999.000 -999.000 -999.000 -999.000 -999.000 -999.000 -999.000 -999.000 -999.000 -999.000 -999.000 -999.000 -999.000 -999.000 -999.000 -999.000 -999.000 -999.000 -999.000 -999.000 -999.000
0.597 -999.000 -999.000 -999.000 0.605 0.616 0.639 0.647 0.661 0.644 0.648 0.664 0.674 0.661 0.649 0.632 0.613 0.609 0.625 0.629 0.636 0.654 0.657 0.662 0.644 0.650 0.645 0.648 0.677 -999.000 -999.000 -999.000 -999.000 -999.000 -999.000 -999.000 -999.000 -999.000 -999.000 -999.000 -999.000 -999.000 -999.000 -999.000 -999.000 -999.000 -999.000 -999.000 -999.000 -999.000 -999.000 -999.000 -999.000 -999.000 -999.000 -999.000 -999.000 -999.000 -999.000 -999.000 -999.000 -999.000 -999.000 -999.000 -999.000 -999.000 -999.000 -999.000 -999.000 -999.000 -999.000 -999.000 -999.000
-999.000 -999.000 -999.000 -999.000 -999.000 -999.000 -999.000 -999.000 0.637 0.625 0.638 0.656 0.651 0.647 0.640 0.616 0.606 0.618 0.635 0.622 0.628 0.654 0.638 0.651 0.639 0.636 0.634 0.642 0.655 -999.000 -999.000 -999.000 -999.000 -999.000 -999.000 -999.000 -999.000 -999.000 -999.000 -999.000 -999.000 -999.000 -999.000 -999.000 -999.000 -999.000 -999.000 -999.000 -999.000 -999.000 -999.000 -999.000 -999.000 -999.000 -999.000 -999.000 -999.000 -999.000 -999.000 -999.000 -999.000 -999.000 -999.000 -999.000 -999.000 -999.000 -999.000 -999.000 -999.000 -999.000 -999.000 -999.000 -999.000
-999.000 -999.000 -999.000 -999.000 -999.000 -999.000 -999.000 -999.000 -999.000 0.624 0.635 0.665 0.659 0.644 0.621 0.610 0.613 0.628 0.638 0.622 0.622 0.640 0.629 0.629 0.624 0.625 0.626 0.637 0.644 -999.000 -999.000 -999.000 -999.000 -999.000 -999.000 -999.000 -999.000 -999.000 -999.000 -999.000 -999.000 -999.000 -999.000 -999.000 -999.000 -999.000 -999.000 -999.000 -999.000 -999.000 -999.000 -999.000 -999.000 -999.000 -999.000 -999.000 -999.000 -999.000 -999.000 -999.000 -999.000 -999.000 -999.000 -999.000 -999.000 -999.000 -999.000 -999.000 -999.000 -999.000 -999.000 -999.000 -999.000
