Source/meteoio/tests/2D_interpolations/2009-01-19T12.00.00_P_ref.asc
ncols               386
nrows               229
xllcorner    479500.000
yllcorner     73500.000
cellsize       1000.000
NODATA_value -999
[rows 27 to 53 of 229, columns 120 to 179 of 386]
-999.000 -999.000 -999.000 -999.000 -999.000 -999.000 -999.000 -999.000 -999.000 -999.000 -999.000 -999.000 -999.000 -999.000 -999.000 -999.000 -999.000 -999.000 -999.000 -999.000 -999.000 -999.000 -999.000 -999.000 -999.000 -999.000 -999.000 -999.000 -999.000 -999.000 -999.000 -999.000 -999.000 -999.000 -999.000 -999.000 -999.000 -999.000 -999.000 -999.000 -999.000 -999.000 -999.000 -999.000 -999.000 -999.000 -999.000 -999.000 -999.000 -999.000 -999.000 -999.000 -999.000 -999.000 -999.000 -999.000 -999.000 -999.000 -999.000 -999.000
-999.000 -999.000 -999.000 -999.000 -999.000 -999.000 -999.000 -999.000 -999.000 -999.000 -999.000 -999.000 -999.000 -999.000 -999.000 -999.000 -999.000 -999.000 -999.000 -999.000 -999.000 -999.000 -999.000 -999.000 -999.000 -999.000 -999.000 -999.000 -999.000 -999.000 -999.000 -999.000 -999.000 -999.000 -999.000 -999.000 -999.000 -999.000 -999.000 -999.000 -999.000 -999.000 -999.000 -999.000 -999.000 -999.000 -999.000 -999.000 -999.000 -999.000 -999.000 -999.000 -999.000 -999.000 -999.000 -999.000 -999.000 97641.007 97601.380 97594.389
-999.000 -999.000 -999.000 -999.000 -999.000 -999.000 -999.000 -999.000 -999.000 -999.000 -999.000 -999.000 -999.000 -999.000 -999.000 -999.000 -999.000 -999.000 -999.000 -999.000 -999.000 -999.000 -999.000 -999.000 -999.000 -999.000 -999.000 -999.000 -999.000 -999.000 -999.000 -999.000 -999.000 -999.000 -999.000 -999.000 -999.000 -999.000 -999.000 -999.000 -999.000 -999.000 -999.000 -999.000 -999.000 -999.000 -999.000 -999.000 -999.000 -999.000 -999.000 -999.000 -999.000 -999.000 -999.000 -999.000 97666.655 97502.370 96710.911 97560.602
-999.000 -999.000 -999.000 -999.000 -999.000 -999.000 -999.000 -999.000 -999.000 -999.000 -999.000 -999.000 -999.000 -999.000 -999.000 -999.000 -999.000 -999.000 -999.000 -999.000 -999.000 -999.000 -999.000 -999.000 -999.000 -999.000 -999.000 -999.000 -999.000 -999.000 -999.000 -999.000 -999.000 -999.000 -999.000 -999.000 -999.000 -999.000 -999.000 -999.000 -999.000 -999.000 -999.000 -999.000 -999.000 -999.000 -999.000 -999.000 -999.000 -999.000 -999.000 -999.000 -999.000 -999.000 97688.810 97647.419 97305.758 96781.488 97169.830 97583.902
-999.000 -999.000 -999.000 -999.000 -999.000 -999.000 -999.000 -999.000 -999.000 -999.000 -999.000 -999.000 98362.392 -999.000 -999.000 -999.000 98060.219 97466.281 -999.000 -999.000 -999.000 -999.000 -999.000 -999.000 -999.000 -999.000 -999.000 -999.000 -999.000 -999.000 -999.000 -999.000 97990.054 97993.561 97980.702 -999.000 -999.000 -999.000 -999.000 -999.000 -999.000 -999.000 -999.000 -999.000 -999.000 -999.000 -999.000 -999.000 -999.000 -999.000 -999.000 -999.000 -999.000 97660.826 97247.650 97099.719 96784.960 96464.797 97175.636 97552.448
-999.000 -999.000 -999.000 -999.000 -999.000 -999.000 -999.000 -999.000 -999.000 -999.000 -999.000 98360.047 98343.631 98301.428 -999.000 98160.859 97943.300 97551.283 95854.609 -999.000 -999.000 -999.000 -999.000 -999.000 -999.000 -999.000 -999.000 -999.000 -999.000 97848.679 97890.724 97829.997 97807.816 97351.101 97363.893 97945.637 -999.000 -999.000 -999.000 -999.000 -999.000 -999.000 -999.000 -999.000 -999.000 -999.000 -999.000 -999.000 -999.000 -999.000 97604.876 96521.485 96204.219 96422.097 95077.462 95364.488 95789.172 96534.073 97122.233 97529.153
-999.000 -999.000 -999.000 -999.000 -999.000 -999.000 -999.000 -999.000 -999.000 -999.000 98179.592 98360.047 98296.740 98289.708 98245.181 98152.664 97404.605 96890.328 95671.018 -999.000 -999.000 -999.000 -999.000 -999.000 -999.000 -999.000 -999.000 -999.000 -999.000 97829.997 97801.980 97752.965 97304.595 97276.700 97341.799 97680.647 -999.000 -999.000 -999.000 -999.000 -999.000 -999.000 -999.000 -999.000 -999.000 -999.000 -999.000 -999.000 -999.000 -999.000 97707.470 96698.304 95920.197 94885.971 96182.338 95222.201 95668.725 96142.041 96102.909 96966.807
-999.000 -999.000 -999.000 -999.000 -999.000 -999.000 -999.000 -999.000 -999.000 98055.540 98088.296 98285.020 98300.256 98287.364 98231.123 98162.030 96395.561 -999.000 -999.000 -999.000 -999.000 -999.000 -999.000 -999.000 -999.000 -999.000 -999.000 -999.000 97896.564 97762.300 97709.803 97363.893 97186.087 97245.326 97425.548 97872.035 -999.000 -999.000 -999.000 -999.000 -999.000 -999.000 -999.000 -999.000 -999.000 -999.000 97531.483 97601.497 97782.138 97656.162 96370.185 96313.684 96890.328 97018.980 96780.215 95712.416 94942.930 95656.114 96139.739 96373.645
-999.000 -999.000 -999.000 -999.000 -999.000 -999.000 -999.000 -999.000 98007.591 98020.454 98040.334 98070.747 98125.742 98244.009 98279.161 98242.838 98244.009 -999.000 -999.000 -999.000 -999.000 -999.000 -999.000 -999.000 -999.000 -999.000 98227.609 97960.831 97770.585 97735.348 97539.635 97552.448 97175.636 97022.459 97496.549 97846.344 97873.203 -999.000 -999.000 97785.640 97750.515 97772.802 97713.185 97886.051 97890.607 97901.354 97498.994 96705.127 95688.218 97550.118 96228.408 95156.087 96844.001 96226.104 96467.105 95343.448 95680.191 95262.412 94979.398 96852.107
-999.000 -999.000 -999.000 -999.000 -999.000 -999.000 97334.706 97418.916 97840.272 97945.754 97970.649 97998.822 98018.699 98065.483 98278.575 98096.369 98094.731 98254.905 -999.000 -999.000 -999.000 98224.564 98115.678 98225.266 97975.208 98005.954 97627.719 97721.350 97455.689 97609.654 97338.078 97090.552 96954.637 96162.303 95256.357 96074.489 97301.340 97166.463 97955.571 97780.971 97723.216 97699.889 97692.192 97694.058 97634.363 97528.571 97402.628 95814.194 95805.815 96095.660 96725.832 95830.037 96444.022 95843.470 96005.941 96081.622 94840.765 94359.397 95513.588 96976.544
-999.000 -999.000 -999.000 -999.000 -999.000 96852.107 96993.470 97431.366 97363.893 97249.974 97834.667 97360.405 97387.156 97951.481 98121.061 98030.978 98020.454 98206.526 98212.382 98172.567 98245.181 98185.447 97854.518 97798.478 97304.595 96839.369 96505.203 96541.003 97060.735 96238.776 95796.058 94339.444 95966.049 97064.215 96347.120 94999.916 94965.721 97057.255 95400.744 96081.047 96402.483 97334.822 97517.508 96846.317 96345.967 96571.037 96839.369 96573.348 95376.724 95954.556 96121.323 95226.998 95239.563 95550.692 94522.092 94763.603 93748.101 94075.624 96470.568 97220.930
-999.000 -999.000 -999.000 -999.000 -999.000 -999.000 -999.000 96840.527 97172.152 97141.966 97898.901 97195.377 97419.730 97938.626 97793.809 97936.288 97939.794 97961.999 97943.300 97981.871 98012.268 98117.550 97398.789 97564.096 97340.636 96544.468 96280.258 96553.709 97358.079 97298.783 96853.265 96430.174 94439.241 95594.225 96333.283 96401.329 94655.003 94997.636 96544.468 95530.078 95472.833 96472.877 96885.694 97200.023 96345.967 95761.630 96779.173 95321.841 93818.045 96133.984 95845.422 94064.314 94466.473 94917.864 95268.125 95432.320 95010.177 94506.198 95260.127 97135.001
-999.000 -999.000 -999.000 -999.000 -999.000 -999.000 96840.527 96551.398 97046.815 97607.207 97391.809 97132.680 97523.330 97965.506 97190.732 96985.355 96912.340 97175.636 97490.728 97852.182 97349.938 97890.724 97038.696 96863.688 97431.366 96446.330 96251.449 95949.959 96826.633 96114.417 95419.048 96078.746 94683.423 94608.410 95544.966 95182.460 96539.848 94920.143 95052.368 95897.105 95695.098 95936.168 96513.286 97234.870 97220.930 96181.186 95100.280 95648.090 94742.558 94388.198 95215.576 94439.241 94753.933 95718.036 95038.683 95718.495 96219.192 96655.404 96932.038 97045.655
-999.000 -999.000 -999.000 -999.000 -999.000 -999.000 97502.370 97329.009 97548.953 97779.804 96882.219 97034.056 97827.662 98067.237 96935.514 95819.016 96714.381 96459.026 95766.220 97248.812 95991.339 97659.660 97025.938 96125.927 96631.128 96385.179 95541.530 94427.896 96289.478 96862.529 94645.910 95195.020 96100.608 95368.719 94091.459 94370.055 96021.234 95452.232 94998.776 95082.025 95268.125 95233.851 96099.457 96860.213 97268.565 96634.595 95907.444 95302.409 94914.447 95342.419 95706.567 94059.791 94461.934 94896.221 96018.935 94965.379 96372.491 96850.949 96923.926 96482.112
-999.000 -999.000 -999.000 -999.000 -999.000 -999.000 97143.127 97420.894 97642.173 97717.967 97116.430 97152.414 97804.314 97907.078 97231.385 94464.203 95142.504 93959.190 94433.568 95101.421 96727.105 97608.372 97194.216 95869.538 95004.476 96342.507 94415.418 95935.019 94602.729 96438.252 95467.110 93932.077 95441.932 94944.069 93997.612 94661.823 95412.184 96007.436 95301.266 93392.269 93026.327 95625.165 96614.946 96725.948 96772.229 96692.405 95836.237 96732.889 96639.219 96235.320 95479.701 95021.578 94312.242 94544.801 94896.221 95992.144 95876.429 96890.328 95699.685 96273.343
96734.046 96926.244 -999.000 -999.000 -999.000 97001.586 97159.380 97304.595 97503.535 97204.668 97480.250 97709.803 97734.299 97814.820 97138.484 96530.608 94626.591 94154.820 95685.924 95480.845 96926.244 97329.009 97713.302 95742.126 94203.496 95676.751 95075.181 94934.954 94205.760 95653.821 94684.560 95416.760 93129.481 94782.377 95351.566 94656.140 95591.933 95479.701 94624.318 94402.941 94625.454 95682.484 96780.330 96260.667 94697.067 95330.986 95693.951 96022.384 95887.915 95941.914 96267.581 95891.361 94526.633 94839.285 95554.129 95341.276 96500.585 96476.340 96816.213 97418.567
96857.897 96905.388 96185.792 95141.363 95213.292 95935.019 95805.241 97158.219 97410.423 97143.127 97176.797 97664.323 97681.813 97879.043 96381.719 94758.484 93208.030 92994.951 94916.725 94822.210 95917.784 96264.124 97381.340 97545.459 96694.718 95925.827 95183.601 95829.348 95104.844 93498.003 94294.110 95808.684 94105.033 95384.730 94923.560 95236.136 94171.798 93306.853 93336.067 95200.730 95982.142 96333.283 95749.009 96031.584 95091.152 96152.402 96219.192 95781.138 96023.534 96033.885 95422.480 94734.596 94781.239 94731.183 95300.123 95816.031 96825.475 97299.946 97143.127 97010.863
-999.000 -999.000 95321.841 95058.071 95277.266 95540.385 95701.979 95758.188 96013.185 96703.971 97261.593 97610.703 97623.523 97448.823 96272.190 94874.582 94119.741 93228.237 93144.064 95286.408 96063.790 97198.861 95881.023 97316.220 97356.916 97253.459 97144.288 96834.737 96259.515 94658.413 95119.678 96276.800 95941.914 96183.489 95019.298 95446.510 93510.382 93679.326 93705.253 93845.131 96280.258 94584.553 95356.140 95564.438 95169.901 95656.114 96086.800 95539.239 95309.267 95121.961 95105.985 94662.960 94774.412 95928.125 96730.575 97253.343 97311.570 97195.377 96936.673 96512.131
-999.000 95524.352 94922.421 94321.309 93653.405 93315.841 92534.266 93144.064 93431.627 94645.910 96573.348 97283.673 97313.895 96478.649 95961.452 93590.318 93538.522 92989.349 93300.112 95843.126 96867.162 95574.748 96725.948 96074.144 96397.868 96534.073 96713.224 96614.946 96901.912 96937.832 96744.458 96562.950 96269.886 94908.751 95606.829 95752.451 95603.392 93725.547 93938.855 94582.281 95986.741 94908.751 96121.323 95808.684 94905.334 95002.196 96067.242 94566.379 95026.139 95193.878 94542.530 93624.110 94123.135 95435.067 97007.384 97288.903 95867.241 96107.512 96849.791 96192.702
95124.243 93377.654 92380.374 91998.775 93278.770 93187.826 94388.198 95056.930 95962.601 94387.064 93742.462 95342.419 96568.726 96698.188 94021.349 94024.740 93314.718 94752.796 95068.337 96420.943 95643.504 95916.635 96881.061 96885.694 95652.675 94997.636 95383.587 95116.255 96515.595 95637.773 95759.335 95303.552 96124.776 96269.886 94161.611 94172.930 94028.132 94133.318 94153.688 94549.343 93975.009 94532.310 95368.719 95042.104 93580.182 93405.761 94985.097 95356.140 93839.488 94430.165 93744.717 93121.629 94501.657 96478.649 97190.732 97071.756 96499.430 96504.048 96604.545 96761.814
92191.083 93704.125 92980.386 94309.975 94718.673 94745.970 95328.700 95707.713 96527.144 96397.868 95559.856 96315.990 97294.134 95768.515 93927.559 94013.436 93413.633 95120.819 95906.295 95993.639 95392.737 95252.129 96388.640 95734.095 96827.791 95746.715 94463.069 95716.889 96499.430 93985.180 96324.060 94392.734 94152.556 94495.982 96029.284 94530.039 94427.896 94517.550 94314.508 94434.703 94680.012 92311.302 93770.659 94825.625 94575.465 92991.590 94730.046 94748.245 93110.413 94666.370 94657.277 95419.048 96333.283 96671.591 97184.925 97170.178 96056.888 96415.174 96727.105 96698.188
94250.267 94996.496 95068.108 95531.566 95161.795 96105.441 97060.155 97283.790 97353.311 96325.789 96515.480 97097.630 95998.697 96405.713 94406.457 93996.029 94300.116 94366.199 95744.076 95294.980 95692.346 96096.696 95934.445 95294.637 96079.321 96539.732 95181.432 94635.455 96345.621 95463.562 94116.007 96018.705 94825.169 94340.124 94359.623 95530.192 94596.026 94108.766 93963.371 93125.667 94514.826 91667.505 94472.374 94301.929 92501.909 94262.954 93976.252 94110.916 94518.459 95326.070 95962.256 94971.875 95407.608 96519.637 97076.048 96715.537 95197.989 96063.790 96613.213 96604.545
95932.721 96647.311 95807.536 95877.463 96499.430 96827.791 96818.529 96629.972 96491.463 96220.344 95687.071 94083.428 92932.224 93412.508 94477.822 95062.633 94270.317 94291.844 93295.619 94340.464 95828.085 95821.197 95461.387 95013.597 95219.003 95902.848 95198.446 94611.819 96102.909 94692.519 94212.554 96038.485 94747.108 95352.710 94460.913 94760.759 93792.093 92980.386 93361.917 92373.688 92274.555 91521.089 92900.874 93320.336 93806.761 95626.311 94085.803 93234.973 93433.876 92863.936 94266.919 92630.275 94742.558 95713.448 96596.456 97194.216 94969.140 93944.503 95711.154 96535.228
94431.299 95213.292 95156.201 95978.579 96635.867 97031.737 96855.697 96399.137 96855.697 96110.965 96146.531 94232.825 93894.807 93227.114 92540.962 94076.755 92277.895 94560.700 93558.787 95675.490 95396.169 93792.093 94790.343 94244.264 94781.239 95704.273 94784.653 95312.696 95915.486 94824.486 94510.739 95197.418 94974.839 94120.872 94292.977 95004.476 93545.277 92708.593 92322.440 91523.301 92762.140 93876.740 94960.023 93364.165 95165.334 95796.058 96388.640 95599.954 95805.241 96140.890 96365.571 96209.977 96309.073 96956.375 97092.060 97131.519 96780.330 96506.358 96315.990 96395.561
94375.724 95148.211 94124.266 94837.008 97078.021 96753.830 96613.791 96445.176 96765.286 95697.392 95290.865 95433.922 94266.919 93350.677 92352.517 92766.501 93440.624 92955.743 93801.232 95279.552 93813.644 94211.535 94570.922 94589.097 95571.311 95028.420 95004.476 94884.946 95677.898 94576.715 94575.465 95048.947 92918.788 92256.742 92588.959 94636.818 94043.960 92876.248 92360.316 94662.960 92678.310 93322.583 95597.662 96046.536 95640.066 95773.105 96305.615 96930.879 97072.336 97076.977 97074.656 97076.977 97117.591 97089.740 96916.974 96784.497 96629.972 96786.117 96531.763 96274.495
96418.635 96384.026 96315.990 96987.673 94858.640 96071.728 96414.020 96452.101 96549.088 96198.460 95145.928 94285.046 93862.064 94143.503 92399.320 92920.019 93547.529 92005.550 94392.734 95413.328 94422.224 93460.985 92410.467 94238.601 94759.622 93564.417 94780.101 94073.362 95217.975 93318.088 93095.946 94264.653 93472.123 91114.824 92085.440 92843.794 91286.866 92737.543 94332.643 93816.916 94315.642 95257.842 95895.956 96544.468 95597.662 95910.890 96978.399 97021.299 96907.705 96853.265 96820.844 96835.895 96857.897 96788.432 96721.321 96600.270 96612.635 96326.365 96390.947 96454.409
94851.809 93731.185 94049.614 96439.406 94202.364 94575.465 95453.376 96044.351 96066.091 95279.552 94536.852 93245.078 94492.576 93959.077 93608.339 93150.684 93251.816 93108.170 93639.884 95010.177 93788.708 93770.659 93293.372 94028.019 95022.718 93741.334 92936.704 92226.690 93708.522 92532.034 91187.578 93987.327 94557.293 93330.448 93012.879 91280.244 93047.623 94105.033 95319.554 95406.464 95751.304 95546.111 95792.615 96745.615 96958.693 96965.648 96784.960 96760.657 96833.580 96765.286 96745.615 96595.301 96653.092 96612.635 96591.834 96512.709 96571.037 96233.016 96374.798 96604.545
