Source/meteoio/tests/2D_interpolations/2009-01-19T12.00.00_TA_ref.asc
ncols               386
nrows               229
xllcorner    479500.000
yllcorner     73500.000
cellsize       1000.000
NODATA_value -999
[rows 87 to 115 of 229, columns 132 to 197 of 386]
288.640 288.608 288.098 288.155 288.168 287.171 286.682 286.626 286.749 285.633 285.715 285.817 286.387 286.395 286.428 286.396 286.209 285.980 286.237 285.771 285.508 285.524 285.303 285.243 286.291 285.132 285.734 286.590 286.091 285.479 285.994 285.430 285.794 286.958 287.064 287.252 286.912 287.284 287.160 287.132 286.976 286.295 285.773 284.984 285.246 286.079 287.338 287.664 287.745 287.897 288.204 288.312 288.635 288.924 288.930 288.746 288.460 288.883 286.491 285.480 287.304 287.302 286.778 287.540 288.574 287.239
288.535 287.669 288.499 288.401 287.015 286.532 286.244 286.374 285.493 284.829 285.672 286.017 285.783 285.416 285.670 285.782 285.607 285.824 285.718 285.598 285.519 284.616 285.445 285.432 285.868 285.350 285.584 286.674 285.852 286.010 285.638 285.266 285.521 285.766 286.616 287.068 286.833 287.083 286.330 287.105 286.487 286.797 286.147 285.655 285.474 286.087 287.331 287.661 287.765 287.950 288.054 288.399 288.720 288.924 288.612 288.999 288.428 287.683 287.490 286.882 287.404 286.855 287.532 288.643 288.107 286.245
288.516 288.453 287.978 287.742 286.579 287.361 287.017 285.723 285.350 285.607 285.264 285.835 286.062 285.373 285.391 284.827 284.958 285.719 285.813 285.272 285.060 284.225 284.913 284.426 285.066 284.802 284.845 286.399 285.333 285.452 285.663 284.889 283.850 284.443 285.437 286.963 287.216 286.716 287.270 286.547 285.759 285.884 286.131 286.358 286.459 286.651 287.004 287.587 287.827 287.762 288.241 288.824 288.849 288.255 288.754 288.201 286.646 286.756 287.581 287.049 286.697 287.995 288.549 288.646 287.557 284.349
288.303 288.341 288.321 287.056 287.709 287.244 286.041 285.530 286.085 285.971 284.990 285.692 285.916 285.832 285.406 284.257 284.593 284.037 284.858 284.556 284.575 284.008 285.031 284.416 285.413 284.212 285.234 286.128 284.919 284.670 285.055 284.605 284.227 285.658 286.321 285.649 287.735 286.916 287.581 286.426 286.598 285.560 285.219 285.880 286.286 286.576 286.924 287.617 288.030 288.154 288.739 288.664 287.960 288.756 288.487 288.765 288.635 288.674 287.453 287.045 287.812 288.699 288.673 288.648 286.174 281.980
288.007 287.840 288.270 287.412 287.763 286.639 285.502 285.737 286.134 285.707 285.644 285.535 285.870 284.680 285.416 285.475 284.558 284.827 285.177 283.693 282.811 282.551 283.064 283.263 284.916 285.369 284.082 285.778 284.436 284.411 283.773 284.473 283.706 284.562 285.099 285.342 287.408 286.170 286.455 287.337 287.459 286.010 284.603 285.508 286.778 287.960 288.510 288.598 288.645 288.676 288.035 287.298 287.297 288.071 288.829 288.857 288.832 288.504 287.812 288.226 288.728 288.702 288.675 287.778 284.414 280.064
287.330 287.497 288.244 288.221 286.883 285.825 285.679 286.307 286.548 285.846 285.196 286.418 285.568 286.402 285.849 285.353 284.981 284.327 283.756 283.052 283.835 281.996 283.015 283.365 284.472 285.083 284.454 284.365 284.379 282.608 282.342 284.556 284.621 284.971 285.253 285.112 287.555 285.494 284.503 284.849 286.239 288.183 288.263 288.361 288.414 288.468 288.029 288.054 288.182 287.430 286.492 287.248 288.203 288.610 288.512 288.458 288.839 288.813 287.896 288.759 288.732 288.705 287.945 288.049 287.232 283.637
286.683 288.011 287.527 288.190 287.666 285.985 286.778 287.286 286.782 286.069 285.864 286.589 286.387 286.225 285.456 283.635 285.563 283.197 283.339 282.235 283.826 284.226 282.198 283.082 283.364 284.557 283.397 285.038 283.523 284.755 284.550 284.824 284.643 284.975 285.223 286.523 286.618 285.849 284.103 283.735 285.642 286.972 287.686 287.763 287.370 286.531 285.245 283.389 285.199 287.241 287.567 287.631 288.124 288.606 288.678 287.308 288.062 288.819 288.792 288.764 288.736 288.532 288.680 288.652 288.624 287.473
287.247 287.079 286.882 288.142 288.058 287.066 287.349 286.540 285.694 285.751 287.102 286.864 286.203 285.351 285.139 285.415 283.904 284.952 283.446 282.358 281.336 281.596 282.962 281.095 283.798 283.867 282.651 283.394 282.554 283.308 284.284 283.839 284.725 284.497 287.070 286.059 286.710 285.246 283.651 283.873 285.824 287.573 286.495 285.991 284.447 283.610 284.424 282.998 283.686 285.785 284.351 284.853 286.330 288.533 288.807 288.111 288.224 288.825 288.797 288.769 288.740 288.711 288.683 288.654 288.625 288.597
286.592 286.311 285.742 287.187 287.837 288.034 287.681 286.822 286.523 287.095 287.281 285.993 286.018 286.475 285.062 284.477 282.822 283.237 283.786 283.507 282.578 282.260 283.036 281.433 282.558 281.621 282.824 281.653 282.723 282.283 282.734 283.333 284.901 285.882 285.252 285.177 286.538 284.581 283.746 284.633 286.004 285.655 284.322 283.848 285.413 284.624 282.990 282.142 282.982 283.970 282.678 282.325 284.711 286.952 288.881 288.370 288.010 288.832 288.803 288.774 288.744 288.714 288.685 288.656 288.626 288.597
286.603 285.517 285.474 287.315 287.480 287.740 287.893 287.894 287.523 287.606 286.821 287.077 286.506 286.176 284.943 284.139 283.620 282.477 281.657 282.048 283.715 281.178 279.837 280.386 281.726 280.863 279.349 280.542 279.869 283.203 283.924 283.580 284.038 285.298 284.212 286.359 286.206 284.570 284.088 283.863 283.894 284.923 286.109 286.091 284.917 284.569 283.404 282.830 281.856 282.801 280.450 281.174 282.522 285.648 288.009 288.900 288.869 288.840 288.809 287.947 287.449 283.473 287.097 287.775 288.401 287.612
285.959 285.646 285.928 285.581 287.078 287.062 286.786 286.556 287.622 287.726 287.652 286.172 285.456 284.461 283.709 283.668 283.131 282.523 281.954 283.317 282.722 281.328 281.055 281.036 281.950 281.254 281.789 281.371 283.683 282.028 283.335 282.534 283.841 284.941 284.469 286.263 285.475 283.701 283.672 282.265 283.711 284.690 284.420 283.077 282.493 281.697 279.544 279.267 282.615 279.946 278.870 281.073 283.190 285.521 288.323 288.910 288.879 288.847 286.976 284.852 285.049 283.561 285.990 287.164 288.628 288.598
285.175 285.680 285.095 285.907 287.475 287.092 286.239 287.088 287.091 287.336 287.417 287.407 286.662 284.866 285.636 284.541 283.933 282.731 283.658 282.580 281.742 280.793 282.537 281.984 282.829 281.535 283.141 281.543 283.834 284.500 284.867 284.020 285.451 285.167 285.127 286.289 285.388 283.148 282.999 282.212 281.919 284.893 283.238 280.241 280.530 277.324 277.941 280.091 281.319 279.048 274.528 279.017 283.179 285.893 288.195 288.920 288.888 288.856 284.695 284.856 283.682 287.529 288.668 288.661 288.629 288.597
284.050 284.775 285.754 286.575 285.601 286.451 285.225 286.812 285.940 285.996 286.112 287.405 286.956 286.780 285.218 284.279 283.687 284.089 283.462 283.118 280.811 283.055 283.817 283.226 284.102 282.760 282.901 281.784 281.745 283.461 283.932 285.658 283.844 285.041 286.645 285.332 285.044 283.882 282.899 281.986 280.359 282.774 282.173 279.481 279.563 277.524 278.896 280.482 275.182 273.396 273.340 276.771 281.127 285.146 284.350 285.757 288.898 288.802 283.284 287.560 288.612 288.628 288.639 288.530 288.517 288.597
284.774 284.534 286.278 285.640 285.564 285.662 285.070 286.320 285.873 285.586 285.682 287.473 286.999 285.301 284.874 285.796 283.480 285.053 283.473 283.372 282.972 282.648 284.162 283.863 284.416 282.915 282.396 282.572 283.484 283.686 283.219 283.467 285.024 286.578 285.419 284.314 284.961 285.159 284.805 282.518 282.032 279.529 280.194 276.972 274.441 276.128 275.257 275.498 274.595 276.028 274.663 278.597 284.531 288.804 288.977 288.943 288.868 288.819 288.704 288.660 288.565 287.874 287.465 286.865 284.870 285.925
284.560 285.321 286.881 284.492 284.792 284.481 286.116 285.453 286.037 284.286 285.633 287.120 287.378 285.181 285.459 284.301 285.649 283.771 284.476 284.049 283.601 283.281 284.703 285.061 284.465 283.149 283.101 282.995 282.928 282.536 283.932 285.389 286.490 285.961 283.804 283.002 281.640 282.263 282.883 282.333 283.191 281.372 275.981 276.245 277.820 279.266 279.462 280.661 278.113 278.921 278.554 284.171 289.032 289.026 288.990 285.917 288.115 288.092 288.112 288.586 288.508 286.864 284.940 283.209 278.224 284.141
284.720 285.163 286.633 284.176 284.578 284.611 285.238 285.167 284.928 284.297 284.851 286.910 287.308 285.573 286.347 285.689 285.509 284.831 285.543 283.582 284.601 284.349 284.663 283.282 282.239 281.662 282.212 283.126 283.710 284.250 284.953 286.002 286.371 284.663 282.441 282.049 280.829 282.889 281.649 280.726 282.191 282.258 277.689 276.145 277.246 278.662 279.018 280.839 283.892 283.837 286.109 288.023 288.959 289.003 285.308 287.814 287.418 285.539 285.931 286.331 288.412 287.287 283.358 276.706 278.344 280.827
285.845 286.813 285.610 283.805 284.864 284.313 283.244 283.555 284.501 284.380 285.411 286.094 287.115 287.198 287.077 286.655 285.763 286.263 285.017 283.309 285.563 284.488 285.259 282.738 282.996 282.277 282.727 284.037 284.265 285.148 285.744 286.327 286.018 282.573 280.416 278.654 281.898 281.579 280.789 277.268 276.002 282.298 279.665 277.381 275.943 276.662 277.677 279.739 283.200 286.499 287.665 288.663 288.944 286.695 287.705 287.967 284.138 279.399 279.685 278.898 285.857 288.180 282.398 278.554 276.915 277.928
286.767 286.797 285.553 285.636 285.364 285.198 284.802 282.737 283.651 284.279 286.372 286.994 286.633 285.388 285.726 286.048 286.781 286.321 285.228 283.703 285.384 284.141 283.600 283.331 281.314 281.704 283.938 284.328 285.303 285.964 285.866 284.476 285.792 281.132 278.935 280.454 281.037 281.221 279.129 279.083 281.384 280.273 276.807 277.058 278.858 279.351 280.784 282.674 284.058 285.678 287.830 288.417 288.884 287.261 287.423 286.443 278.239 274.829 279.155 281.269 286.461 287.964 285.931 282.111 276.156 274.775
286.510 285.471 286.325 285.879 285.070 284.194 284.326 283.765 283.714 285.103 286.808 287.056 285.701 285.208 284.810 284.382 285.926 286.689 286.581 286.420 284.347 285.843 283.009 283.684 283.016 282.567 284.703 285.423 285.459 283.907 283.042 283.963 285.629 281.824 279.639 279.911 279.131 276.129 279.771 278.945 280.297 275.101 277.938 280.088 279.330 279.525 279.166 277.555 280.890 285.783 287.816 288.709 287.834 287.352 286.725 285.110 281.450 278.337 281.255 283.222 285.944 288.033 282.520 280.985 280.371 277.216
287.145 286.537 286.257 285.796 284.007 284.870 284.911 284.788 284.657 286.686 286.210 286.417 286.953 285.502 284.859 282.939 284.165 285.288 285.736 284.515 286.386 286.180 282.968 282.117 282.848 284.078 285.166 284.870 284.341 282.340 280.171 280.568 285.035 280.443 280.741 277.496 274.423 278.012 275.118 278.103 278.832 277.190 279.090 277.125 276.072 276.962 277.239 279.768 284.026 286.409 288.834 288.198 287.446 287.627 285.756 282.949 280.396 278.597 280.368 279.506 282.066 287.903 281.586 276.519 276.326 274.991
286.358 286.175 285.958 286.253 285.914 286.366 286.146 285.288 285.487 286.711 285.132 284.773 285.507 286.761 285.224 283.832 283.181 283.921 285.351 284.268 283.195 284.189 286.086 285.437 284.263 285.039 285.053 284.104 282.091 276.782 279.197 282.840 285.035 282.637 279.545 274.858 276.099 274.792 275.797 277.956 276.730 278.681 277.998 276.362 278.533 279.467 279.597 282.319 284.728 287.454 288.877 288.166 287.705 286.855 285.172 280.189 277.722 278.652 277.160 278.011 284.125 287.827 280.362 275.410 273.734 271.717
286.222 284.927 284.786 286.697 286.927 287.078 286.984 286.477 286.598 286.169 286.013 284.618 283.841 286.201 286.708 285.965 283.798 283.442 284.249 282.309 282.067 284.156 285.613 284.510 285.836 284.332 284.202 282.603 278.895 276.673 280.739 283.211 284.791 282.375 276.240 277.287 272.608 274.370 274.204 277.744 278.043 277.338 275.821 278.916 280.457 281.814 283.065 284.140 286.109 288.699 288.833 287.838 286.910 285.716 283.506 279.468 274.545 276.476 278.305 281.791 287.763 284.516 284.696 281.531 278.227 273.244
286.082 284.899 285.946 287.263 286.584 285.993 285.373 284.843 285.650 285.193 285.161 284.488 283.379 284.033 286.018 285.336 282.786 282.232 282.523 281.490 281.853 282.237 283.431 284.611 285.820 284.064 283.145 280.473 276.684 277.691 278.687 281.471 284.470 281.747 277.422 278.565 274.535 275.851 275.222 277.693 279.932 280.106 278.844 280.523 281.922 283.198 284.839 285.570 288.005 288.961 288.454 287.556 286.078 284.906 282.421 277.667 273.374 275.813 277.833 283.846 286.836 282.563 281.602 283.269 280.149 276.783
286.850 287.215 287.289 287.092 285.278 285.244 284.632 285.655 284.661 283.589 283.621 283.795 282.913 283.667 285.331 286.523 285.807 283.960 283.557 282.695 281.561 283.500 283.287 285.104 285.653 284.343 280.408 277.881 278.808 279.610 281.453 283.329 284.751 281.209 277.847 279.875 278.596 277.401 275.794 277.093 276.449 278.473 282.119 283.009 284.213 285.642 285.662 288.121 289.037 288.991 287.461 286.786 285.368 283.239 278.347 274.188 272.010 275.449 279.513 286.183 286.004 283.322 279.349 280.317 275.555 271.866
287.490 286.809 287.327 286.534 285.327 284.245 283.188 283.980 282.820 282.800 282.538 284.808 284.131 284.129 284.741 286.388 286.171 285.311 282.749 282.696 280.540 282.602 284.333 284.655 285.497 285.010 281.632 281.331 281.657 279.904 280.109 280.807 284.254 283.352 283.031 280.537 277.990 276.867 275.975 277.404 277.398 279.517 282.707 284.367 287.021 287.738 289.040 289.119 289.071 288.766 287.100 285.595 284.456 279.367 276.039 276.667 272.912 275.081 282.745 287.296 284.429 278.762 273.405 273.296 274.756 273.751
286.912 285.590 287.539 285.775 283.959 283.704 282.563 281.761 282.663 283.394 283.935 284.335 285.778 285.962 286.121 285.265 285.523 284.063 282.815 282.932 282.591 281.725 283.136 284.777 284.140 280.506 281.004 280.523 280.765 280.249 277.499 278.166 284.243 282.720 279.259 279.898 276.264 277.718 278.838 277.765 279.772 281.643 283.596 286.759 288.497 288.962 289.204 289.157 288.570 287.414 285.593 280.732 282.942 284.563 282.259 278.577 271.747 278.353 283.194 287.092 279.989 275.411 268.054 266.561 266.775 267.960
287.275 285.643 287.334 284.916 283.225 283.044 284.147 284.564 284.239 284.562 284.215 285.432 284.282 283.776 284.339 284.258 285.576 285.221 283.761 281.728 282.251 281.778 282.440 285.082 284.218 278.403 278.903 280.478 278.677 276.085 275.951 279.893 284.098 281.310 276.225 278.872 277.501 276.749 279.701 279.911 282.107 284.080 286.514 288.448 289.093 289.221 289.245 288.458 286.063 284.627 280.549 278.927 277.235 281.708 283.387 278.740 275.075 279.145 281.871 286.709 281.646 275.287 271.708 270.648 270.815 271.200
287.274 285.767 287.877 286.914 286.653 285.626 284.512 283.983 284.125 282.664 284.206 285.255 284.129 282.052 283.164 283.448 285.450 283.549 284.342 283.425 281.073 280.684 284.422 283.139 280.377 280.647 279.434 278.574 276.731 274.452 278.750 280.987 283.116 279.092 275.138 277.306 275.904 277.738 279.754 282.324 283.577 283.465 287.115 288.579 289.058 289.212 288.477 285.141 282.345 280.937 277.488 273.139 278.990 284.847 282.185 277.561 273.253 275.178 273.616 285.807 282.008 277.966 274.525 274.147 278.882 272.510
287.789 287.706 287.767 286.717 284.944 283.969 282.837 282.570 283.544 283.180 283.702 285.199 283.095 282.397 282.418 282.956 284.272 285.632 283.611 282.443 282.709 283.977 283.369 280.186 279.641 280.649 279.177 277.252 273.107 276.716 279.589 280.942 282.966 279.797 276.254 274.517 277.154 279.350 281.020 280.186 280.829 283.829 287.416 288.930 289.140 288.907 284.489 281.445 276.329 276.573 273.447 275.518 279.980 283.538 279.251 274.050 270.270 270.173 274.398 283.793 281.220 279.104 277.204 278.219 279.817 273.438
