Source/meteoio/tests/2D_interpolations/2009-01-19T12.00.00_PSUM_ref.asc
ncols               386
nrows               229
xllcorner    479500.000
yllcorner     73500.000
cellsize       1000.000
NODATA_value -999
[rows 132 to 164 of 229, columns 146 to 218 of 386]
0.383 0.383 0.383 0.384 0.389 0.388 0.390 0.392 0.392 0.433 0.513 0.705 0.876 1.291 1.334 1.327 1.559 1.660 1.521 1.525 1.386 1.618 1.741 1.663 1.460 1.448 1.336 1.073 0.967 0.940 1.285 0.996 0.892 0.576 0.936 1.064 0.551 0.886 1.025 1.252 1.579 1.712 1.795 1.802 1.654 1.736 1.864 1.957 2.166 2.167 1.988 1.934 1.897 1.873 1.785 1.671 1.695 1.589 1.604 1.471 1.309 1.090 0.892 1.026 1.362 1.750 1.558 1.728 1.692 1.743 1.673 1.584 1.467
0.383 0.383 0.383 0.383 0.383 0.494 0.398 0.397 0.398 0.593 0.644 0.945 1.296 1.354 1.524 1.593 1.530 1.622 1.702 1.671 1.579 1.561 1.487 1.489 1.398 1.263 1.143 1.123 1.226 1.247 1.296 1.225 0.795 0.736 1.226 1.258 0.814 0.609 0.694 1.034 1.231 1.594 1.624 1.764 1.880 1.933 2.012 2.092 1.863 1.955 1.908 1.815 1.811 1.742 1.703 1.660 1.489 1.184 1.291 1.074 0.899 0.792 0.768 1.045 1.490 1.611 1.686 1.713 1.720 1.647 1.621 1.393 1.315
0.383 0.383 0.418 0.383 0.489 0.744 0.448 0.404 0.706 0.973 1.063 1.345 1.317 1.321 1.439 1.492 1.580 1.677 1.453 1.599 1.427 1.487 1.359 1.265 1.277 1.263 1.116 1.302 1.259 1.779 1.565 1.430 0.942 0.832 1.290 1.436 1.205 1.039 0.707 0.724 0.928 1.394 1.845 1.932 1.997 1.989 2.149 2.167 2.258 2.202 1.888 1.769 1.753 1.620 1.641 1.506 1.382 1.289 0.932 0.982 1.085 1.087 0.990 1.249 1.413 1.556 1.685 1.727 1.623 1.545 1.350 1.363 1.035
0.414 0.521 0.562 0.605 1.065 0.716 0.590 0.411 0.622 1.114 1.383 1.190 1.079 1.171 1.251 1.261 1.312 1.364 1.365 1.302 1.409 1.186 1.137 1.142 1.241 1.353 1.726 1.878 1.854 1.951 1.662 1.573 1.216 0.930 1.276 1.275 1.521 1.191 0.936 0.790 0.801 1.169 1.574 1.893 2.047 1.991 2.284 2.187 2.184 1.852 2.057 1.780 1.582 1.229 1.535 1.485 1.075 1.095 1.422 1.436 1.339 1.245 0.953 1.239 1.405 1.572 1.661 1.648 1.577 1.612 1.445 1.110 1.421
0.658 0.670 0.832 1.186 0.929 0.719 0.965 0.528 0.461 0.706 0.952 0.811 0.806 0.850 0.856 0.810 1.136 1.098 1.018 1.056 1.162 1.014 1.001 0.994 1.131 1.605 1.851 2.116 2.204 2.032 2.034 1.766 1.306 1.027 1.144 1.699 1.544 1.684 1.419 1.313 0.808 1.268 1.512 1.973 2.064 2.075 2.335 2.286 2.395 2.114 2.118 1.865 1.695 1.607 1.579 1.627 1.597 1.602 1.535 1.482 1.450 1.279 0.981 1.101 1.321 1.403 1.596 1.571 1.704 1.670 1.478 1.504 1.603
0.865 0.814 1.158 1.083 0.783 1.015 1.242 1.075 0.733 0.445 0.491 0.466 0.503 0.513 0.583 0.617 0.618 0.715 0.800 0.956 0.908 0.860 0.864 0.905 1.439 1.680 1.876 2.146 2.261 2.163 1.951 1.801 1.721 1.514 1.383 1.275 1.784 1.384 1.689 1.354 0.860 1.236 1.558 1.864 1.994 1.985 2.020 2.276 2.308 2.127 2.278 2.072 1.953 1.666 1.802 1.691 1.563 1.697 1.573 1.576 1.357 1.004 0.986 1.082 1.047 1.141 1.540 1.718 1.813 1.811 1.506 1.589 1.715
1.077 1.163 1.275 0.999 0.844 1.244 1.263 1.309 1.145 0.780 0.558 0.876 1.061 1.016 0.908 1.014 1.024 0.763 0.639 0.693 0.756 0.712 0.754 0.992 1.282 1.874 2.136 2.298 2.200 2.280 2.178 1.896 1.774 1.687 1.686 1.737 1.875 1.829 1.783 1.265 1.000 1.098 1.265 1.703 1.868 2.037 2.136 2.149 2.337 2.219 1.985 2.024 1.764 1.680 1.826 1.715 1.711 1.690 1.499 1.364 1.060 1.024 1.305 1.397 1.445 1.456 1.138 1.620 1.512 1.735 1.809 1.620 1.781
0.988 1.364 1.172 1.105 1.035 1.302 1.423 1.308 1.029 0.743 0.738 1.095 1.101 1.403 1.265 1.178 1.002 0.816 0.724 0.681 0.664 0.807 1.363 1.427 1.760 1.982 2.053 2.277 2.156 2.308 2.152 2.011 1.822 1.717 1.736 1.813 1.592 1.767 1.695 1.228 1.169 1.110 1.268 1.730 1.904 1.951 2.108 2.055 2.269 1.860 2.288 2.080 1.937 1.950 1.824 1.661 1.531 1.386 1.063 1.028 1.164 1.129 1.473 1.645 1.698 1.660 1.589 1.643 1.746 1.743 1.833 1.558 1.845
1.256 1.084 1.280 1.181 1.113 1.390 1.459 1.298 0.928 0.803 0.662 0.892 1.163 1.407 1.378 1.200 1.066 0.937 0.905 0.930 1.018 0.843 1.376 1.339 1.803 1.920 2.237 2.257 2.240 1.990 2.136 2.024 1.931 1.860 1.839 1.874 1.908 1.935 1.757 1.571 1.310 0.969 1.372 1.421 1.913 1.741 2.072 2.043 2.088 2.025 1.983 1.921 1.842 1.619 1.561 1.465 1.100 1.046 1.160 1.293 1.341 1.464 1.559 1.901 1.687 1.734 1.567 1.644 1.669 1.624 1.942 1.586 1.937
1.331 1.166 1.266 1.429 1.636 1.524 1.294 1.203 1.271 0.869 0.536 0.864 1.014 1.292 1.489 1.258 1.153 1.111 1.173 1.260 1.167 1.132 1.200 1.582 2.018 1.976 2.386 2.292 2.386 2.247 1.769 2.116 2.059 1.895 2.059 1.891 2.014 1.828 1.720 1.547 1.423 1.287 1.108 1.597 1.863 1.764 2.010 1.939 1.884 2.054 1.946 1.692 1.692 1.520 1.458 1.115 1.155 1.400 1.515 1.412 1.518 1.560 1.641 1.779 1.852 1.951 1.669 1.652 1.703 1.810 1.945 1.657 2.035
1.322 1.373 1.548 1.570 1.750 1.488 1.258 1.314 1.266 1.027 0.548 0.905 1.100 1.302 1.539 1.262 1.285 1.371 1.808 1.757 1.541 1.179 1.125 1.254 1.916 2.116 1.696 2.190 2.295 2.203 2.102 1.747 1.964 1.890 1.965 1.967 1.965 1.928 1.940 1.841 1.699 1.533 1.212 1.587 1.778 1.759 1.928 1.941 1.788 1.894 1.788 1.706 1.648 1.575 1.417 1.120 1.440 1.607 1.590 1.507 1.610 1.454 1.878 1.994 1.869 1.941 1.799 1.743 1.730 1.784 1.906 1.691 2.106
1.300 1.369 1.628 1.561 1.706 1.756 1.673 1.524 1.245 1.092 0.575 1.007 1.220 1.375 1.390 1.569 1.760 1.964 1.267 1.945 1.747 1.659 1.332 1.653 1.865 2.252 2.325 2.115 2.138 2.194 2.066 2.025 1.913 1.957 1.855 1.853 1.799 1.595 1.736 1.712 1.553 1.388 1.263 1.293 1.554 1.664 1.675 1.634 1.732 1.749 1.839 1.707 1.637 1.518 1.399 1.195 1.527 1.638 1.757 1.604 1.650 1.595 1.660 1.836 1.732 1.755 1.818 1.799 1.544 1.819 1.813 1.856 1.893
1.057 1.189 1.330 1.715 1.771 1.821 1.591 1.534 1.358 1.207 0.562 1.104 1.190 1.236 1.357 1.751 1.959 1.984 2.534 2.486 2.175 1.936 1.899 1.734 1.987 2.131 2.036 2.471 2.106 2.065 2.018 1.950 1.911 1.917 1.795 1.832 1.790 1.795 1.655 1.590 1.687 1.653 1.558 1.582 1.413 1.641 1.226 1.699 1.858 1.748 1.868 1.645 1.657 1.584 1.588 1.591 1.676 1.678 1.710 1.615 1.655 1.660 1.728 1.907 1.923 1.823 1.740 1.505 1.663 1.776 1.638 1.857 1.845
1.145 1.138 1.653 1.631 1.822 1.679 1.598 1.612 1.255 1.158 0.579 1.125 1.035 1.145 1.710 1.907 2.252 2.152 2.384 2.115 2.220 2.285 2.487 2.042 2.294 2.338 2.209 2.297 2.349 1.721 1.873 1.975 1.737 1.908 1.830 1.802 1.775 1.702 1.309 1.309 1.700 1.590 1.548 1.562 1.521 1.472 1.442 1.593 1.803 1.883 1.824 1.837 1.851 1.796 1.650 1.723 1.668 1.738 1.840 1.588 1.646 1.626 1.657 1.771 1.682 1.649 1.623 1.581 1.575 1.540 1.678 1.484 1.696
1.276 1.358 1.708 1.737 1.787 1.546 1.685 1.360 1.271 0.965 0.776 0.967 1.647 1.754 2.036 2.259 2.374 2.367 2.437 2.594 2.394 2.077 2.032 2.117 2.240 2.385 2.403 1.972 2.286 2.123 2.133 2.201 1.866 2.056 1.783 1.712 1.516 1.560 1.692 1.642 1.796 1.571 1.672 1.488 1.363 1.214 1.557 1.715 1.688 1.942 1.902 1.992 1.854 1.781 1.645 1.758 1.843 1.777 1.815 1.660 1.636 1.566 1.533 1.549 1.517 1.480 1.365 1.120 1.404 1.438 1.533 1.547 1.604
1.169 1.570 1.690 1.696 1.797 1.595 1.398 1.232 1.017 0.887 0.765 1.387 1.846 1.799 2.295 2.200 2.407 2.511 2.458 2.506 2.583 2.615 2.452 2.753 2.470 2.321 2.215 2.582 2.385 2.218 2.124 1.816 1.862 1.987 1.886 1.944 2.008 1.941 1.919 1.664 1.746 1.699 1.607 1.404 1.149 1.015 1.337 1.644 1.859 1.881 1.805 1.895 1.921 1.906 1.976 1.888 1.853 1.588 1.773 1.576 1.510 1.467 1.377 1.284 1.299 1.139 0.946 1.316 1.355 1.464 1.430 1.461 1.519
1.102 1.514 1.759 1.783 1.631 1.327 1.090 0.946 1.098 1.162 0.729 1.377 1.819 2.206 1.651 2.468 2.530 2.470 2.268 2.187 2.460 2.545 2.487 2.336 2.678 2.647 2.306 1.925 2.284 2.068 2.325 2.119 2.314 2.216 2.110 2.004 1.908 1.784 1.750 1.760 1.771 1.588 1.383 1.097 0.940 1.084 1.141 1.548 1.495 1.782 2.003 1.872 1.931 1.920 1.837 1.800 1.759 1.661 1.655 1.518 1.327 1.209 1.020 0.891 0.838 0.842 1.025 1.139 1.155 1.164 1.230 1.255 1.362
1.345 1.161 1.741 1.594 1.729 1.078 1.375 1.327 1.357 1.134 0.904 1.206 1.857 2.223 2.621 2.210 2.568 2.452 2.396 2.325 2.206 2.423 2.439 2.313 2.228 2.478 2.341 2.396 2.335 2.304 2.232 2.218 2.190 1.974 1.821 1.714 1.781 1.779 1.826 1.707 1.502 1.349 1.092 0.932 1.049 1.220 1.249 1.244 1.560 1.751 1.465 1.900 2.068 2.001 1.757 1.834 1.547 1.490 1.340 1.147 0.986 0.869 0.860 0.853 0.895 0.803 0.750 0.904 0.960 0.854 0.959 0.995 1.097
1.677 1.365 1.684 1.581 1.862 1.865 1.577 1.334 1.263 0.968 1.185 1.585 1.951 2.345 2.725 2.235 2.284 2.266 2.288 2.205 2.255 2.323 2.145 2.453 2.490 2.438 2.308 2.359 2.124 2.170 2.309 2.240 2.144 2.188 2.004 1.972 1.673 1.809 1.493 1.474 1.223 1.064 0.933 1.037 1.355 1.413 1.547 1.584 1.480 1.707 1.641 1.946 1.863 1.746 1.798 1.588 1.375 1.129 0.955 0.929 1.078 1.151 1.209 1.232 1.172 1.097 0.969 0.973 0.802 0.689 0.680 0.672 0.803
1.645 1.947 1.992 1.997 1.777 1.589 1.556 1.273 1.249 1.196 1.637 1.949 2.240 2.026 2.175 2.180 2.582 2.072 2.077 2.113 2.128 2.032 2.454 2.602 2.235 2.356 2.311 2.216 2.183 2.243 2.328 1.920 2.204 1.933 1.766 1.771 1.645 1.392 1.232 1.163 0.975 0.925 1.069 1.241 1.423 1.615 1.675 1.731 1.684 1.690 1.868 1.855 1.772 1.751 1.542 1.385 0.997 0.995 1.178 1.183 1.354 1.482 1.491 1.511 1.404 1.416 1.295 1.123 1.142 1.061 0.965 0.856 0.696
2.027 2.038 1.941 1.925 2.068 2.095 1.920 1.731 1.568 1.673 1.890 2.228 2.091 2.542 2.507 2.466 2.424 2.255 2.206 2.076 2.056 2.120 2.165 1.904 2.121 2.532 2.277 1.969 2.139 2.083 1.874 2.329 2.044 2.120 1.761 1.592 1.251 1.307 1.115 0.930 0.926 1.073 1.086 1.191 1.550 1.533 1.773 1.674 1.877 1.790 1.711 1.637 1.675 1.619 1.401 1.026 1.153 1.381 1.417 1.575 1.481 1.563 1.447 1.495 1.355 1.442 1.387 1.455 1.410 1.390 1.369 1.275 1.141
2.007 1.866 2.056 2.023 2.070 2.086 1.757 2.025 1.976 2.098 2.189 1.977 2.342 2.506 2.544 2.369 2.235 2.199 2.234 2.196 2.095 2.010 2.147 2.268 2.441 2.176 2.249 2.084 2.030 2.082 1.763 2.192 1.710 1.888 1.698 1.466 1.324 1.055 0.961 0.941 1.159 1.372 1.455 1.485 1.564 1.682 1.640 1.826 1.815 1.755 1.761 1.741 1.587 1.424 1.076 1.346 1.479 1.516 1.486 1.721 1.569 1.699 1.639 1.577 1.496 1.467 1.349 1.492 1.546 1.570 1.679 1.370 1.356
2.143 2.196 2.128 2.122 2.105 2.042 2.087 2.071 1.836 1.809 2.022 2.388 2.497 2.159 2.308 2.364 2.428 2.457 2.352 1.916 2.231 2.057 1.973 2.143 2.174 2.052 2.119 1.938 1.993 1.974 1.913 2.046 1.847 1.563 1.288 1.291 1.083 0.911 0.993 1.147 1.412 1.634 1.656 1.654 1.505 1.608 1.701 1.780 1.864 1.785 1.681 1.568 1.514 1.211 1.475 1.488 1.679 1.754 1.785 1.841 1.744 1.714 1.649 1.554 1.445 1.123 1.091 1.393 1.530 1.553 1.591 1.640 1.617
2.026 2.042 2.065 2.146 2.159 2.137 2.075 2.095 2.019 2.279 2.142 2.145 2.200 2.310 2.428 2.374 2.465 1.901 2.420 2.163 2.118 2.085 1.928 1.974 2.109 2.000 2.161 1.707 1.881 1.747 1.851 1.756 1.716 1.456 1.281 0.985 0.918 0.944 1.188 1.394 1.597 1.625 1.738 1.752 1.759 1.709 1.733 1.711 1.703 1.745 1.632 1.535 1.527 1.563 1.615 1.672 1.677 1.775 1.787 1.710 1.720 1.628 1.578 1.514 1.550 1.404 1.110 1.070 1.382 1.583 1.614 1.658 1.703
1.939 2.047 2.051 2.056 2.112 2.070 2.105 2.087 1.760 2.099 1.733 1.987 2.164 2.358 2.077 2.345 2.299 2.276 2.513 2.400 1.801 2.052 2.009 1.879 1.938 1.816 1.815 1.317 1.741 1.601 1.887 1.677 1.456 1.142 1.027 0.907 0.952 1.038 1.406 1.419 1.774 1.753 1.864 1.977 1.696 1.678 1.738 1.795 1.837 1.757 -999.000 -999.000 1.659 1.769 1.753 1.806 1.795 1.845 1.684 1.883 1.839 1.666 1.626 1.616 1.531 1.628 1.392 1.162 1.062 1.349 1.608 1.641 1.564
1.868 1.961 2.054 2.052 2.170 1.772 1.916 1.895 1.602 1.779 1.755 1.990 2.188 1.929 2.285 2.474 2.299 2.120 2.363 2.308 2.222 1.617 1.936 1.843 1.888 1.803 1.645 1.283 1.521 1.577 1.667 1.584 1.267 1.025 0.878 0.967 1.162 1.151 1.450 1.595 1.820 1.916 1.866 1.826 1.887 1.835 -999.000 -999.000 -999.000 -999.000 -999.000 -999.000 -999.000 1.829 1.796 1.799 1.636 1.732 1.784 1.772 1.665 1.604 1.515 1.534 1.497 1.523 1.420 1.239 0.907 1.128 1.426 1.711 1.791
1.728 1.978 2.057 1.844 1.782 1.797 1.652 1.540 1.623 1.668 1.793 1.942 2.040 2.018 2.041 2.280 2.301 2.324 2.260 2.217 2.192 2.015 1.816 1.797 1.804 1.810 1.581 1.186 1.141 1.465 1.412 1.292 1.003 0.866 0.992 1.109 1.350 1.450 1.230 1.609 1.749 2.015 2.023 2.102 -999.000 -999.000 -999.000 -999.000 -999.000 -999.000 -999.000 -999.000 -999.000 1.838 1.826 1.668 1.581 1.587 1.685 1.711 1.738 1.570 1.260 1.069 1.461 1.550 1.522 1.166 0.892 1.231 1.488 1.717 1.570
1.959 1.931 1.858 1.748 1.546 1.526 1.333 1.257 1.299 1.740 1.898 1.830 2.086 2.175 2.018 2.179 2.227 2.218 2.117 2.104 1.683 1.817 1.749 1.764 1.746 1.797 1.517 1.167 0.894 1.167 1.313 1.070 0.845 0.980 1.267 1.456 1.652 1.532 1.672 1.698 1.900 1.952 2.084 2.090 -999.000 -999.000 -999.000 -999.000 -999.000 -999.000 -999.000 -999.000 -999.000 1.883 1.890 1.697 1.498 1.112 1.523 1.586 1.708 1.580 1.184 0.857 1.289 1.382 1.415 1.127 0.802 1.169 1.538 1.714 1.778
1.812 1.690 1.511 1.341 1.259 1.120 1.216 1.626 1.754 2.094 1.976 2.250 2.226 2.163 1.868 2.016 1.966 1.766 2.167 2.152 1.823 1.830 1.667 1.778 1.702 1.689 1.482 1.167 0.792 0.971 1.088 0.819 1.068 1.280 1.490 1.673 1.831 1.719 1.808 1.903 1.851 -999.000 -999.000 -999.000 -999.000 -999.000 -999.000 -999.000 -999.000 -999.000 -999.000 -999.000 -999.000 1.883 1.820 1.746 1.347 0.957 1.312 1.443 1.592 1.526 1.254 0.877 1.048 1.126 1.125 0.991 1.002 1.333 1.477 1.560 1.707
1.634 1.483 1.247 1.062 1.122 1.541 1.697 1.968 2.162 1.590 2.127 2.408 2.004 2.267 2.049 2.006 2.065 1.928 1.991 1.855 1.723 1.620 1.654 1.664 1.735 1.621 1.430 1.055 0.743 0.966 0.795 0.999 1.320 1.559 1.645 1.700 1.866 1.880 1.849 2.043 1.936 -999.000 -999.000 -999.000 -999.000 -999.000 -999.000 -999.000 -999.000 -999.000 -999.000 -999.000 -999.000 -999.000 1.829 1.583 1.402 0.810 0.914 1.142 1.503 1.495 1.354 0.959 0.710 0.802 0.784 0.800 1.003 1.290 1.436 1.445 1.120
1.318 1.133 0.988 1.185 1.548 1.705 1.954 1.969 1.896 2.427 2.309 2.076 1.863 2.173 1.944 1.906 1.896 1.848 1.670 1.568 1.315 1.536 1.660 1.503 1.640 1.470 1.197 0.901 0.732 0.818 1.038 1.254 1.405 1.527 1.605 1.878 1.911 1.887 1.919 1.857 -999.000 -999.000 -999.000 -999.000 -999.000 -999.000 -999.000 -999.000 -999.000 -999.000 -999.000 -999.000 -999.000 -999.000 1.839 1.718 1.415 0.839 0.603 1.139 1.287 1.511 1.390 1.146 0.876 0.920 0.820 0.550 0.933 1.131 1.245 1.167 1.072
0.969 0.992 1.236 1.596 1.859 2.152 2.120 2.336 2.045 2.262 2.103 2.295 2.238 2.010 2.046 1.914 1.520 1.658 1.303 1.228 1.265 1.476 1.535 1.558 1.481 1.274 0.927 0.777 0.767 0.934 1.200 1.290 1.479 1.710 1.793 1.775 1.737 1.939 1.981 2.000 1.998 2.000 -999.000 -999.000 -999.000 -999.000 -999.000 -999.000 -999.000 -999.000 -999.000 -999.000 -999.000 -999.000 1.730 1.677 1.472 1.122 0.782 0.825 1.154 1.495 1.490 1.179 1.265 1.173 0.939 0.728 0.588 0.925 0.862 0.873 1.237
1.148 1.417 1.635 1.871 1.931 1.986 1.822 2.257 2.160 2.141 1.761 2.202 1.850 1.992 1.995 1.870 1.627 1.292 1.109 1.310 1.412 1.422 1.438 1.282 1.160 0.983 0.767 0.679 0.837 1.194 1.175 1.457 1.612 1.606 1.415 1.737 1.738 1.694 1.795 1.752 1.960 1.995 -999.000 -999.000 -999.000 -999.000 -999.000 -999.000 -999.000 -999.000 -999.000 -999.000 -999.000 1.754 1.734 1.653 1.439 1.294 0.979 0.525 1.052 1.280 1.353 1.525 1.372 1.429 1.161 0.884 0.543 0.865 0.977 0.933 1.396
