Source/meteoio/tests/2D_interpolations/2009-01-19T12.00.00_RSWR_ref.asc
ncols               386
nrows               229
xllcorner    479500.000
yllcorner     73500.000
cellsize       1000.000
NODATA_value -999
[rows 116 to 144 of 229, columns 66 to 131 of 386]
141.052 141.129 141.209 141.293 141.380 141.470 141.563 141.660 141.759 141.861 141.965 142.072 142.182 142.294 142.408 142.525 142.645 142.766 142.890 143.015 143.142 143.271 143.401 143.532 143.665 143.801 143.939 144.079 144.219 144.361 144.510 144.659 144.807 144.955 145.102 145.248 145.394 145.540 145.685 145.830 145.975 146.121 146.267 146.414 146.561 146.707 146.855 147.003 147.152 147.302 147.453 147.606 147.762 147.920 148.080 148.241 148.404 148.570 148.739 148.911 149.084 149.260 149.439 149.622 149.807 149.995
140.826 140.903 140.984 141.068 141.156 141.247 141.341 141.438 141.539 141.641 141.747 141.855 141.966 142.079 142.196 142.314 142.435 142.558 142.683 142.810 142.939 143.070 143.201 143.334 143.469 143.607 143.747 143.889 144.031 144.176 144.327 144.477 144.626 144.775 144.924 145.071 145.218 145.365 145.511 145.656 145.803 145.949 146.097 146.244 146.391 146.538 146.686 146.834 146.984 147.134 147.286 147.440 147.595 147.752 147.911 148.071 148.232 148.397 148.565 148.736 148.910 149.087 149.267 149.451 149.637 149.826
140.597 140.675 140.756 140.841 140.929 141.021 141.116 141.214 141.315 141.419 141.526 141.635 141.748 141.863 141.980 142.100 142.223 142.348 142.474 142.603 142.734 142.866 142.999 143.134 143.270 143.411 143.553 143.696 143.840 143.988 144.141 144.293 144.444 144.594 144.743 144.892 145.040 145.188 145.335 145.481 145.628 145.776 145.924 146.072 146.220 146.367 146.516 146.664 146.814 146.965 147.116 147.269 147.423 147.577 147.733 147.893 148.056 148.221 148.390 148.561 148.735 148.913 149.094 149.279 149.465 149.656
140.365 140.443 140.525 140.610 140.699 140.792 140.888 140.987 141.089 141.194 141.302 141.413 141.527 141.643 141.762 141.884 142.008 142.135 142.263 142.394 142.526 142.660 142.795 142.932 143.070 143.213 143.357 143.502 143.648 143.799 143.953 144.106 144.259 144.410 144.561 144.711 144.860 145.009 145.156 145.304 145.452 145.601 145.750 145.898 146.046 146.195 146.344 146.493 146.642 146.791 146.941 147.090 147.242 147.397 147.555 147.715 147.878 148.043 148.212 148.383 148.557 148.736 148.917 149.102 149.290 149.481
140.130 140.208 140.291 140.377 140.467 140.560 140.657 140.757 140.860 140.966 141.076 141.188 141.303 141.421 141.542 141.665 141.791 141.919 142.049 142.182 142.316 142.451 142.589 142.727 142.868 143.012 143.158 143.306 143.455 143.608 143.764 143.918 144.072 144.225 144.377 144.528 144.678 144.828 144.977 145.126 145.275 145.424 145.574 145.723 145.872 146.021 146.170 146.318 146.465 146.611 146.759 146.910 147.063 147.218 147.375 147.535 147.697 147.862 148.030 148.200 148.374 148.552 148.734 148.920 149.108 149.301
139.888 139.965 140.047 140.133 140.223 140.317 140.414 140.515 140.619 140.727 140.839 140.953 141.071 141.191 141.315 141.441 141.570 141.701 141.834 141.968 142.104 142.241 142.380 142.521 142.664 142.810 142.959 143.108 143.259 143.415 143.572 143.728 143.884 144.038 144.191 144.344 144.495 144.646 144.796 144.946 145.096 145.247 145.397 145.547 145.697 145.845 145.992 146.137 146.282 146.430 146.579 146.729 146.881 147.036 147.192 147.351 147.512 147.676 147.842 148.011 148.185 148.362 148.544 148.729 148.918 149.113
139.633 139.711 139.793 139.880 139.970 140.065 140.163 140.265 140.371 140.480 140.593 140.709 140.829 140.951 141.076 141.205 141.336 141.469 141.605 141.744 141.884 142.026 142.169 142.313 142.458 142.607 142.758 142.909 143.062 143.220 143.379 143.537 143.694 143.849 144.004 144.158 144.310 144.462 144.613 144.765 144.916 145.068 145.219 145.370 145.518 145.665 145.809 145.954 146.100 146.248 146.397 146.546 146.697 146.850 147.005 147.162 147.321 147.483 147.647 147.815 147.987 148.164 148.346 148.531 148.720 148.916
139.372 139.448 139.529 139.614 139.704 139.798 139.897 140.000 140.107 140.219 140.334 140.453 140.575 140.701 140.831 140.964 141.098 141.234 141.372 141.513 141.655 141.800 141.946 142.094 142.244 142.399 142.555 142.709 142.863 143.024 143.185 143.344 143.502 143.660 143.816 143.971 144.125 144.278 144.430 144.583 144.735 144.889 145.041 145.190 145.336 145.481 145.626 145.772 145.918 146.065 146.212 146.361 146.510 146.660 146.813 146.967 147.124 147.283 147.446 147.612 147.782 147.958 148.139 148.324 148.514 148.711
139.088 139.165 139.247 139.334 139.425 139.521 139.621 139.725 139.834 139.947 140.064 140.184 140.308 140.435 140.566 140.701 140.839 140.979 141.123 141.269 141.419 141.570 141.719 141.870 142.024 142.181 142.340 142.499 142.659 142.826 142.989 143.150 143.310 143.469 143.626 143.783 143.938 144.093 144.247 144.401 144.555 144.709 144.859 145.007 145.152 145.298 145.444 145.589 145.734 145.880 146.025 146.171 146.318 146.465 146.615 146.767 146.921 147.077 147.237 147.401 147.570 147.745 147.925 148.109 148.300 148.497
138.806 138.884 138.967 139.055 139.147 139.244 139.345 139.451 139.561 139.676 139.794 139.916 140.042 140.171 140.304 140.440 140.579 140.722 140.867 141.016 141.166 141.320 141.475 141.633 141.795 141.960 142.122 142.284 142.448 142.617 142.785 142.952 143.117 143.277 143.436 143.594 143.751 143.907 144.063 144.218 144.373 144.526 144.675 144.822 144.969 145.115 145.261 145.405 145.549 145.692 145.835 145.978 146.122 146.266 146.413 146.561 146.712 146.866 147.024 147.187 147.355 147.528 147.708 147.891 148.082 148.280
138.524 138.602 138.686 138.774 138.868 138.966 139.068 139.175 139.287 139.403 139.523 139.647 139.774 139.906 140.040 140.179 140.320 140.465 140.613 140.763 140.916 141.071 141.229 141.388 141.552 141.720 141.889 142.060 142.232 142.405 142.576 142.745 142.913 143.080 143.245 143.406 143.564 143.721 143.879 144.035 144.190 144.342 144.491 144.639 144.786 144.932 145.076 145.219 145.361 145.502 145.642 145.782 145.922 146.063 146.206 146.352 146.501 146.653 146.808 146.968 147.133 147.305 147.482 147.665 147.856 148.054
138.239 138.318 138.402 138.491 138.585 138.684 138.788 138.897 139.010 139.127 139.249 139.375 139.504 139.638 139.775 139.916 140.060 140.207 140.357 140.510 140.665 140.823 140.983 141.145 141.312 141.481 141.652 141.825 141.999 142.180 142.359 142.537 142.708 142.877 143.045 143.211 143.375 143.535 143.694 143.851 144.005 144.157 144.307 144.456 144.603 144.748 144.891 145.032 145.171 145.309 145.446 145.583 145.720 145.858 145.999 146.142 146.287 146.434 146.585 146.741 146.903 147.071 147.246 147.427 147.617 147.817
137.949 138.028 138.113 138.203 138.298 138.398 138.503 138.613 138.727 138.847 138.970 139.098 139.230 139.366 139.505 139.648 139.795 139.945 140.098 140.254 140.413 140.574 140.737 140.902 141.071 141.244 141.417 141.592 141.769 141.951 142.132 142.312 142.492 142.671 142.842 143.011 143.178 143.344 143.508 143.666 143.820 143.973 144.124 144.274 144.420 144.564 144.705 144.843 144.980 145.115 145.249 145.382 145.517 145.653 145.789 145.927 146.067 146.208 146.354 146.505 146.662 146.827 146.998 147.178 147.367 147.567
137.653 137.733 137.817 137.908 138.003 138.104 138.211 138.322 138.438 138.559 138.685 138.815 138.949 139.087 139.230 139.376 139.526 139.679 139.836 139.995 140.157 140.321 140.488 140.656 140.829 141.005 141.181 141.359 141.539 141.723 141.906 142.088 142.270 142.450 142.629 142.808 142.981 143.149 143.314 143.475 143.635 143.790 143.942 144.091 144.236 144.379 144.518 144.654 144.788 144.920 145.051 145.183 145.314 145.444 145.574 145.706 145.839 145.975 146.115 146.260 146.412 146.572 146.741 146.918 147.106 147.305
137.350 137.429 137.514 137.605 137.701 137.803 137.911 138.023 138.141 138.264 138.392 138.524 138.661 138.802 138.948 139.097 139.250 139.407 139.567 139.730 139.896 140.064 140.235 140.407 140.584 140.763 140.943 141.124 141.308 141.495 141.681 141.866 142.050 142.232 142.413 142.593 142.773 142.950 143.118 143.281 143.444 143.605 143.760 143.909 144.053 144.194 144.331 144.465 144.596 144.726 144.855 144.982 145.107 145.232 145.355 145.480 145.606 145.735 145.868 146.008 146.155 146.311 146.475 146.650 146.836 147.035
137.038 137.117 137.202 137.293 137.390 137.493 137.601 137.716 137.835 137.960 138.090 138.225 138.364 138.509 138.657 138.810 138.967 139.128 139.292 139.459 139.629 139.801 139.976 140.153 140.335 140.518 140.702 140.887 141.075 141.266 141.456 141.644 141.830 142.015 142.199 142.381 142.561 142.738 142.913 143.087 143.253 143.415 143.573 143.725 143.870 144.009 144.144 144.275 144.405 144.533 144.657 144.779 144.898 145.016 145.132 145.249 145.369 145.491 145.618 145.751 145.893 146.044 146.205 146.375 146.559 146.758
136.717 136.795 136.880 136.971 137.069 137.173 137.282 137.398 137.519 137.646 137.779 137.916 138.058 138.206 138.358 138.514 138.675 138.840 139.009 139.180 139.355 139.532 139.712 139.894 140.080 140.268 140.457 140.647 140.839 141.035 141.228 141.420 141.611 141.799 141.986 142.171 142.352 142.529 142.706 142.881 143.056 143.225 143.384 143.536 143.684 143.825 143.958 144.088 144.216 144.340 144.459 144.575 144.687 144.798 144.907 145.017 145.129 145.244 145.365 145.489 145.621 145.760 145.912 146.077 146.258 146.456
136.384 136.462 136.547 136.639 136.737 136.841 136.952 137.069 137.192 137.321 137.456 137.596 137.742 137.893 138.048 138.209 138.374 138.544 138.717 138.893 139.073 139.255 139.440 139.627 139.819 140.012 140.207 140.402 140.599 140.800 140.998 141.195 141.389 141.582 141.772 141.960 142.143 142.323 142.502 142.678 142.854 143.025 143.192 143.347 143.495 143.636 143.774 143.904 144.028 144.147 144.261 144.370 144.476 144.579 144.682 144.784 144.890 144.993 145.096 145.209 145.331 145.466 145.612 145.773 145.951 146.147
136.041 136.118 136.203 136.294 136.393 136.498 136.610 136.729 136.854 136.985 137.123 137.266 137.414 137.569 137.729 137.894 138.063 138.237 138.415 138.597 138.782 138.970 139.161 139.353 139.551 139.750 139.950 140.151 140.354 140.560 140.764 140.966 141.165 141.363 141.558 141.749 141.935 142.118 142.300 142.478 142.655 142.826 142.992 143.153 143.307 143.448 143.586 143.718 143.841 143.955 144.063 144.166 144.266 144.362 144.458 144.551 144.638 144.728 144.825 144.928 145.041 145.165 145.302 145.456 145.629 145.823
135.686 135.763 135.847 135.939 136.037 136.143 136.257 136.377 136.504 136.637 136.778 136.924 137.076 137.234 137.398 137.567 137.742 137.921 138.104 138.291 138.482 138.676 138.872 139.071 139.275 139.481 139.687 139.894 140.104 140.316 140.526 140.733 140.938 141.141 141.341 141.536 141.726 141.913 142.099 142.279 142.458 142.630 142.796 142.956 143.111 143.262 143.400 143.530 143.652 143.765 143.868 143.965 144.058 144.148 144.232 144.307 144.386 144.467 144.551 144.639 144.737 144.847 144.973 145.117 145.285 145.477
135.319 135.395 135.479 135.570 135.670 135.777 135.891 136.012 136.141 136.278 136.421 136.570 136.726 136.888 137.056 137.230 137.409 137.594 137.782 137.976 138.172 138.372 138.575 138.780 138.991 139.203 139.416 139.630 139.847 140.065 140.282 140.496 140.707 140.916 141.121 141.320 141.516 141.708 141.897 142.082 142.262 142.436 142.603 142.763 142.918 143.069 143.212 143.344 143.462 143.573 143.675 143.767 143.854 143.932 144.000 144.070 144.137 144.201 144.267 144.337 144.417 144.512 144.625 144.761 144.922 145.111
134.940 135.015 135.098 135.190 135.290 135.398 135.513 135.636 135.767 135.906 136.052 136.204 136.364 136.530 136.703 136.882 137.066 137.256 137.450 137.649 137.852 138.059 138.269 138.481 138.698 138.918 139.138 139.359 139.582 139.808 140.032 140.253 140.471 140.687 140.898 141.103 141.305 141.502 141.696 141.884 142.067 142.244 142.412 142.574 142.730 142.879 143.021 143.154 143.276 143.383 143.482 143.574 143.651 143.715 143.777 143.833 143.883 143.929 143.974 144.027 144.091 144.170 144.268 144.391 144.544 144.730
134.549 134.623 134.706 134.798 134.898 135.006 135.123 135.248 135.381 135.522 135.671 135.827 135.990 136.161 136.338 136.522 136.712 136.907 137.108 137.313 137.522 137.736 137.952 138.172 138.396 138.623 138.851 139.080 139.311 139.545 139.776 140.005 140.230 140.453 140.670 140.882 141.091 141.294 141.492 141.685 141.873 142.052 142.224 142.388 142.546 142.695 142.834 142.964 143.086 143.197 143.293 143.379 143.447 143.507 143.557 143.597 143.628 143.653 143.682 143.714 143.754 143.809 143.886 143.993 144.136 144.319
134.147 134.219 134.302 134.394 134.494 134.604 134.721 134.848 134.983 135.127 135.279 135.438 135.606 135.780 135.962 136.151 136.346 136.548 136.754 136.966 137.182 137.403 137.626 137.853 138.086 138.320 138.557 138.793 139.032 139.274 139.513 139.750 139.984 140.214 140.438 140.658 140.873 141.083 141.288 141.486 141.678 141.862 142.037 142.205 142.364 142.513 142.652 142.781 142.899 143.009 143.110 143.184 143.249 143.303 143.340 143.362 143.375 143.384 143.387 143.390 143.401 143.431 143.487 143.577 143.710 143.888
133.733 133.806 133.890 133.983 134.084 134.195 134.314 134.443 134.580 134.726 134.881 135.043 135.213 135.391 135.576 135.770 135.970 136.178 136.391 136.609 136.832 137.060 137.291 137.526 137.766 138.009 138.253 138.498 138.746 138.996 139.244 139.489 139.731 139.969 140.202 140.430 140.652 140.869 141.080 141.285 141.482 141.671 141.851 142.023 142.185 142.336 142.475 142.603 142.720 142.828 142.922 142.999 143.058 143.102 143.127 143.134 143.131 143.115 143.089 143.062 143.046 143.046 143.067 143.133 143.251 143.426
133.319 133.391 133.475 133.567 133.669 133.780 133.901 134.031 134.170 134.319 134.477 134.643 134.817 134.999 135.189 135.387 135.592 135.803 136.020 136.242 136.472 136.707 136.946 137.189 137.437 137.688 137.941 138.195 138.451 138.710 138.967 139.221 139.472 139.719 139.960 140.197 140.428 140.652 140.870 141.082 141.285 141.480 141.666 141.842 142.008 142.161 142.302 142.431 142.548 142.654 142.740 142.814 142.875 142.908 142.920 142.918 142.894 142.850 142.796 142.741 142.679 142.641 142.632 142.668 142.768 142.942
132.893 132.964 133.046 133.138 133.239 133.351 133.473 133.604 133.746 133.897 134.059 134.228 134.407 134.594 134.790 134.994 135.204 135.422 135.646 135.876 136.110 136.350 136.594 136.843 137.099 137.359 137.621 137.884 138.149 138.417 138.684 138.947 139.207 139.463 139.713 139.959 140.198 140.431 140.658 140.876 141.086 141.288 141.481 141.663 141.833 141.990 142.133 142.264 142.382 142.487 142.569 142.641 142.693 142.723 142.726 142.709 142.666 142.598 142.517 142.416 142.319 142.227 142.168 142.168 142.247 142.418
132.452 132.521 132.601 132.692 132.794 132.905 133.028 133.161 133.305 133.459 133.624 133.798 133.981 134.174 134.376 134.586 134.803 135.029 135.260 135.497 135.740 135.988 136.240 136.496 136.757 137.022 137.293 137.565 137.839 138.117 138.393 138.666 138.935 139.201 139.461 139.716 139.965 140.207 140.441 140.668 140.886 141.095 141.295 141.483 141.659 141.820 141.968 142.102 142.223 142.325 142.409 142.478 142.523 142.545 142.547 142.515 142.452 142.368 142.247 142.112 141.957 141.811 141.691 141.635 141.685 141.860
131.994 132.061 132.139 132.229 132.330 132.441 132.565 132.700 132.846 133.003 133.171 133.350 133.539 133.737 133.945 134.162 134.387 134.620 134.860 135.105 135.357 135.614 135.875 136.141 136.411 136.685 136.962 137.239 137.521 137.809 138.095 138.378 138.657 138.933 139.203 139.468 139.727 139.978 140.222 140.457 140.683 140.901 141.109 141.304 141.486 141.654 141.806 141.945 142.070 142.171 142.258 142.325 142.367 142.384 142.378 142.339 142.262 142.153 142.010 141.827 141.622 141.400 141.205 141.079 141.091 141.275
