Source/meteoio/tests/2D_interpolations/2009-01-19T12.00.00_P_ref.asc
ncols               386
nrows               229
xllcorner    479500.000
yllcorner     73500.000
cellsize       1000.000
NODATA_value -999
[rows 108 to 134 of 229, columns 60 to 119 of 386]
87584.420 86536.990 87549.635 88309.751 88408.314 90665.125 92193.197 93524.339 94461.593 95513.130 96276.800 96276.800 96276.800 96276.800 96276.800 96276.800 96276.800 96276.800 96276.800 96270.462 96251.449 96027.789 95631.469 95333.273 95306.409 95506.031 96208.250 96205.946 96207.674 96219.192 96217.464 96177.156 96101.759 95998.812 95611.069 94946.120 94422.224 94652.616 95097.313 95118.081 95129.835 94704.344 95007.098 95580.476 95395.711 95435.868 95481.418 94915.358 94710.712 95099.481 94650.457 94499.841 93656.222 94083.993 93403.962 93630.757 93926.316 93821.995 93452.210 91626.649
86651.820 88149.684 88802.918 89337.245 90189.796 91449.334 93364.277 94050.631 94899.638 96276.915 96276.800 96276.800 96276.800 96276.800 96276.800 96276.800 96276.800 96276.800 96276.800 96099.457 95823.608 95627.458 95740.978 95585.059 95559.856 95910.890 96201.915 96205.370 96189.247 96212.281 96182.338 95575.893 95695.098 95932.721 94876.860 94816.519 94481.226 94742.558 94485.766 94791.481 94651.593 94533.446 95002.196 94889.387 94709.575 94701.046 94553.886 94998.776 94789.091 94438.106 94890.526 94777.826 94877.999 94331.510 94222.746 93565.543 93539.648 93112.656 92490.642 92392.633
87738.523 88186.164 88182.838 87046.205 88031.637 90864.951 93120.507 94584.553 95892.625 96276.915 96276.800 96276.800 96276.800 96276.800 96276.800 96276.800 96276.800 96276.800 96018.935 95610.267 95613.705 95574.748 95534.658 95847.719 96140.890 96169.672 96201.915 96195.005 96181.186 96127.078 95908.593 95446.510 95750.157 95091.152 95225.856 95143.645 94693.656 94357.583 94356.449 93831.587 94548.208 94968.000 94897.360 94888.249 94491.441 94100.621 94039.438 94441.396 94295.244 94383.548 94738.008 93806.648 93426.003 93478.874 93912.876 93627.490 93206.907 93031.931 93179.970 92437.223
86567.219 88184.018 87916.073 88624.776 89566.311 92773.210 93923.041 94839.399 96276.915 96276.915 96276.800 96276.800 96276.800 96276.800 96276.800 96276.800 96276.800 95906.295 95704.273 95572.457 95530.078 95735.242 96002.837 96136.286 96158.158 96170.823 96161.612 96167.369 96106.362 95810.980 95300.123 94769.861 94884.832 94415.418 94376.858 94590.233 94582.281 93965.970 93949.022 94341.711 95087.730 94766.448 94775.550 94483.496 94323.575 94162.969 93930.947 93979.529 94281.647 93866.579 94010.045 93673.691 93328.089 93026.327 93902.598 92885.202 92025.434 92083.217 91307.948 91577.508
90241.174 90848.459 91690.541 93278.770 94507.447 95111.690 95920.082 96272.190 96276.915 96276.915 96276.800 96276.800 96276.800 96276.800 96276.800 96276.800 95908.593 95676.751 95520.917 95475.122 95562.147 95982.142 96109.814 96129.380 96148.948 96153.553 96151.251 96032.735 95543.820 95151.635 94159.347 95415.616 94818.795 94492.576 94598.185 94657.277 94669.781 93759.379 93734.568 94535.717 95018.158 94656.140 94393.868 93975.009 93692.852 93876.176 94204.628 94324.709 93400.139 93449.623 93900.453 93201.295 92354.746 92289.029 93833.845 94069.969 93294.495 92264.535 91565.226 90696.849
92547.658 93079.014 94070.082 95320.697 95850.130 96130.531 96276.915 96276.915 96276.915 96276.915 96276.800 96276.800 96276.800 96276.800 96276.800 95918.933 95659.553 95628.604 95479.701 95507.176 95797.206 96102.909 96104.060 96114.417 96123.625 96105.211 95935.019 95288.694 94756.209 94620.909 94774.412 94736.870 94332.643 94209.157 94414.284 93894.807 93820.302 94556.157 94648.184 95095.716 94497.117 94384.796 93977.269 93529.517 93647.771 93275.849 93746.973 93765.019 93300.112 93045.381 93661.294 93065.560 92859.460 93701.871 93085.741 92204.434 92611.290 92094.332 91974.343 92207.772
94415.305 95096.743 95758.188 95723.771 96068.392 96276.915 96276.915 96276.915 96276.915 96276.915 96276.800 96276.800 96276.800 96273.343 95832.792 95690.511 95679.044 95577.039 95476.267 95983.292 96092.553 96092.553 96096.005 96152.402 96100.608 95979.843 95509.466 94664.097 94100.508 93908.358 95232.709 94188.778 94480.091 94128.792 93815.788 93361.917 93704.125 94870.027 94655.003 94598.185 94523.227 94331.510 94038.307 93468.748 93502.504 93235.759 93761.635 93611.719 93092.469 93200.285 92152.150 93156.294 93270.795 92767.731 92748.723 92240.046 92315.757 92407.123 92480.715 92266.761
95762.778 96031.699 96021.119 96246.840 96276.915 96276.915 96276.915 96276.915 96276.915 96276.915 96276.800 96276.800 96207.674 95001.056 95374.437 95577.039 95648.090 95689.364 95969.498 96053.438 96076.445 96071.843 96066.091 96063.790 95858.054 95506.031 95214.434 94965.721 94913.307 95061.493 94338.311 94200.099 94042.830 93741.334 93604.960 94319.042 94928.118 94493.711 94460.799 94595.913 94282.780 93644.391 93858.677 93591.444 93657.913 92856.662 93382.151 93365.289 93298.989 93015.120 92321.326 92482.946 93609.466 92092.109 91941.035 93610.592 92841.556 91810.008 92214.449 91494.549
95989.155 96033.885 96267.581 96276.915 96276.915 96276.915 96276.915 96276.915 96276.915 96276.915 96276.800 96223.800 94317.908 94566.379 95019.298 95179.034 95785.729 95854.609 95963.751 96039.635 96048.837 96055.738 96043.086 95836.237 95723.771 95564.438 94870.027 94465.338 94574.329 93898.194 93790.965 93580.182 93606.087 93650.025 94477.822 94537.988 94071.100 93986.310 94687.971 94303.176 93877.869 93491.251 93731.185 93599.328 93714.272 92908.151 93880.128 93098.076 92633.626 93046.502 92474.023 93654.532 92566.520 92072.102 92284.576 92577.795 92167.722 93012.879 91506.712 89877.560
95958.119 96276.915 96276.915 96276.915 96276.915 96276.915 96276.915 96276.915 96276.915 96276.915 96112.116 94002.133 94114.084 94667.507 94085.803 95346.992 95653.821 95759.335 95762.778 95294.408 95930.423 96035.035 95667.579 95722.624 95254.414 95264.697 94889.387 94517.550 93919.652 93898.194 93602.707 93290.002 93067.802 94150.293 94011.175 93959.190 94148.030 94103.902 93716.527 95094.575 93677.072 93294.495 93670.309 93758.251 93532.894 93743.815 93647.771 92176.621 91212.943 92509.607 92975.905 93646.644 92127.685 92045.432 91695.969 92080.994 92082.105 92765.494 91274.726 92117.678
96276.915 96276.915 96276.915 96276.915 96276.915 96256.058 96241.080 96273.343 96276.915 96037.450 94991.936 93927.559 94039.438 94442.644 94962.302 94775.550 94513.009 95229.282 95288.694 95551.838 95838.533 96010.885 95578.185 95313.839 93767.275 94440.375 94809.690 94414.284 93878.999 93604.960 93483.374 93421.505 93736.823 94088.065 93890.290 93616.225 93430.502 93476.623 93813.531 94909.890 93574.552 93529.517 94015.697 93652.278 92600.124 92249.061 92923.266 92159.936 91672.710 92173.283 91832.298 91973.232 91596.321 91972.122 91281.347 91878.887 92369.231 92655.965 92574.446 92250.175
96276.915 96276.915 96276.915 96271.153 95671.133 95828.200 96163.915 96175.429 95793.648 93859.806 93523.889 94029.262 93860.935 94202.364 94337.177 94243.131 93819.173 94662.960 95007.896 95674.458 95854.609 95805.241 95360.714 94205.760 93848.518 93888.031 94220.481 94219.348 94236.336 94159.347 94111.821 93701.871 94054.137 93639.884 93539.648 93194.560 93144.064 93625.237 94008.914 94692.519 93635.377 93327.077 93313.594 93405.761 93234.973 92909.607 92497.447 91948.806 92017.547 92158.823 93132.846 90998.074 91759.125 91750.259 90828.673 91620.671 91915.506 91846.716 92186.633 91083.972
96276.800 96276.800 95513.817 94913.877 95369.405 95532.597 96132.372 95964.555 94349.420 93675.832 93627.152 93581.872 93364.277 94789.091 93804.278 93370.797 93916.941 94783.174 95482.219 95784.811 95956.855 95633.761 95418.934 94649.548 94100.169 94011.062 94395.002 93804.730 94101.639 94114.423 94072.796 93618.140 93463.797 93712.130 94064.993 94261.934 93587.052 93855.855 94831.886 94727.771 92844.913 92815.152 93433.314 92966.832 93030.362 93129.481 92631.615 92577.348 92234.481 91611.705 92081.772 90869.349 90943.705 90243.689 90557.177 90662.052 91653.442 91751.811 92347.058 91277.595
96211.129 95525.497 94572.058 94670.917 95082.025 95699.685 94907.612 94833.593 94929.257 93589.192 93414.757 93249.570 93796.606 94322.442 93423.754 93234.973 93875.611 95080.885 95582.767 95720.330 95929.274 95432.778 94305.442 93836.102 93545.277 93910.617 93705.253 93484.499 93202.530 92876.248 93242.833 93446.249 93438.375 94002.246 94492.576 94082.410 94390.466 93997.499 93996.481 93522.763 92945.551 92631.504 93311.347 93138.343 92522.996 92068.324 92292.370 92516.413 91559.915 91174.237 90394.355 90253.093 89819.924 89464.313 88596.981 89919.090 91210.848 91680.352 92068.657 91070.643
96068.392 95128.808 94095.983 94837.008 94732.321 94651.593 94739.145 94042.830 93859.806 93563.291 93001.674 93565.543 93982.920 93540.774 93122.751 93947.892 94701.615 95003.336 95749.009 95871.835 95705.420 94467.608 93570.047 92907.591 93525.014 93567.795 93564.417 92881.844 92496.443 92847.039 93035.293 93100.319 93410.259 93953.541 93785.211 93831.587 94637.955 94207.006 93822.559 94142.371 93192.428 92950.255 92662.557 92524.223 91808.012 91053.570 91146.676 91386.351 91957.688 92085.440 90041.262 89881.919 87832.610 87710.740 89618.596 90754.063 90467.519 91128.159 91129.261 91105.016
95562.147 94897.360 94906.473 93753.740 93777.427 95812.128 94235.203 94180.853 92937.824 93388.896 93003.915 93795.478 93668.055 93411.384 93392.269 94676.602 94898.499 94749.383 95767.368 95832.792 94379.126 93990.830 93245.078 93117.142 93257.431 93352.925 93321.459 92863.936 92916.660 92937.712 92699.541 93589.079 93900.340 93615.211 93534.132 94553.886 93548.654 93502.617 93122.639 92991.590 92997.304 93630.757 92905.352 92038.766 91556.375 91658.867 91080.777 91109.424 91250.340 92027.656 91490.236 89364.469 89886.170 89664.271 88658.290 88811.336 89210.325 88692.893 89868.951 89253.771
95191.594 94822.210 94595.913 94560.700 95319.554 95007.896 94136.713 93813.531 93128.359 93390.020 93396.766 93419.256 93741.334 93962.580 94781.239 94204.628 94376.858 95776.548 95819.016 94818.795 94541.394 93583.561 92968.064 93255.185 93256.308 93057.712 92895.277 92888.560 93056.591 92963.695 93463.235 93920.895 93109.179 93363.041 94489.058 93857.548 93306.965 92735.196 92712.952 92730.836 92225.466 93018.370 92952.383 92665.014 91450.329 91092.345 90482.968 89805.655 90918.731 91549.848 91761.231 91149.983 90955.259 89732.600 87956.758 87127.892 86999.387 86655.100 88496.849 87347.022
94834.732 94447.183 94213.687 94685.697 95583.913 94656.140 93567.795 93093.591 92724.129 92955.743 93276.523 93157.528 93309.100 94188.778 93360.793 93706.380 94187.646 95763.925 94953.185 94291.844 93562.278 93174.359 92701.776 92767.619 92822.536 92819.180 93141.821 92943.535 92846.032 92940.175 93268.549 93210.387 92986.996 93195.570 93370.909 94356.449 92538.618 92132.244 92492.985 92547.658 92609.057 92780.032 92173.395 91867.792 92516.413 90958.120 90124.133 90082.635 91357.634 91573.082 91538.897 90513.544 89277.614 87711.809 86091.639 84232.615 83663.482 86059.862 85242.427 84488.401
94452.856 93689.471 93903.841 94662.960 95481.990 94434.703 93770.659 92603.474 92371.459 92749.841 92320.212 93402.388 93417.006 93418.131 93659.040 93809.017 95699.685 95562.147 94512.896 93446.249 92960.223 92299.052 92407.123 92083.217 92852.746 93494.627 93521.637 93492.376 93575.790 93844.003 94104.920 93281.128 93101.553 93248.447 93223.858 93522.763 92807.881 92380.485 91741.283 92325.893 91863.355 91749.040 91459.061 91445.797 91443.587 91987.002 91012.386 91211.841 91119.232 91857.808 90597.097 88660.338 86696.157 84514.315 84150.144 85187.217 85373.104 84427.166 82804.528 83532.161
93805.632 93429.377 93750.356 94786.929 95350.423 94240.866 93061.075 92418.270 92131.021 91959.908 92406.008 93252.939 92472.907 93485.625 93898.194 94396.136 95646.943 95093.434 93715.399 92874.009 92514.181 92151.038 91964.349 92738.661 93410.259 93195.683 93744.717 93455.248 93514.884 93512.633 93636.391 93461.997 93431.627 93296.855 93197.815 94192.174 92535.493 92413.923 91967.569 91511.136 91186.476 90253.093 90951.958 90187.501 89961.508 91245.154 90499.515 89523.936 90213.624 91239.417 90161.166 87604.058 86704.730 87422.651 86114.794 86618.923 87100.266 85066.254 85366.938 85206.000
93607.213 93360.793 93833.845 94908.751 94707.301 94253.325 92856.103 92764.376 92220.013 92109.896 93100.319 92204.434 93162.016 94286.179 94186.514 95636.627 94593.641 93947.892 93336.067 92253.403 92416.041 92566.632 92631.392 93250.693 93402.388 93532.894 93184.459 92714.070 92834.842 92573.330 92707.364 92652.503 92670.377 92709.487 92974.785 93453.110 91391.874 90286.997 90229.147 91039.914 90116.487 89407.868 88427.994 87092.830 87958.900 90798.120 88309.644 87408.906 87067.444 89007.946 91310.156 90987.066 89743.703 89526.109 88083.193 88142.068 88691.815 88114.181 86088.271 85418.164
93484.499 93359.669 94014.566 94883.693 94367.787 93991.961 93176.604 92955.743 92377.031 92246.724 92151.038 92755.431 93932.077 94095.983 95470.544 95479.701 93895.936 93027.448 92980.386 92275.668 92964.704 93008.509 93301.348 93246.201 93118.264 93191.193 92447.258 92419.385 92305.622 92365.888 91752.476 92248.839 92372.685 92815.712 93453.110 92135.358 91147.888 91187.468 92162.160 90463.136 88489.208 87113.015 86121.004 88082.014 89928.793 89233.508 86821.330 84120.190 84954.696 87062.983 90867.040 87639.180 87425.741 88915.214 87952.582 86848.883 85622.165 86550.201 83556.810 83353.433
93278.770 93381.026 94334.910 94208.025 94059.791 94177.457 92653.731 92302.392 91907.737 92161.048 92236.707 92981.507 93625.237 93996.481 95549.547 95064.915 93412.508 92719.658 92267.875 92820.298 93149.674 93202.417 92863.936 92443.801 92890.799 92296.824 91607.388 91427.120 91493.443 90324.194 90317.738 90750.548 91270.312 92499.566 93453.110 92581.144 91978.785 92753.307 91456.961 89656.548 87457.821 84202.740 86549.250 88915.106 87812.289 88772.272 85894.817 83264.287 85146.428 88807.127 89851.407 86361.390 85599.013 88812.415 85511.271 85358.367 85626.251 85079.907 79612.301 79951.723
93205.785 93741.334 94667.507 94166.138 93822.559 93446.249 92663.786 91640.598 91817.881 92451.718 92985.988 93468.748 93713.145 95282.980 94928.118 93853.033 93314.718 92123.238 92641.444 92987.108 92981.507 92522.103 91978.785 92070.991 92339.148 91974.343 90983.764 89946.240 90307.891 89825.261 88223.623 89933.046 90817.681 91838.841 92965.936 93342.810 92929.873 92197.758 90572.858 88422.509 85346.977 84294.666 87134.268 88664.757 85585.501 86172.492 86704.730 84973.437 86869.023 89654.373 87315.188 85050.518 85097.420 88560.148 85993.813 84135.579 85905.427 82034.582 79554.940 82428.983
93518.486 94212.781 93986.875 93804.391 93957.947 92978.146 92460.416 91714.026 91571.975 92404.671 92398.763 94003.602 94803.771 95432.092 93533.344 93074.529 92991.926 92193.197 92328.566 93012.095 93256.869 92338.703 91701.729 92821.305 91800.695 90904.651 90145.215 89361.107 88909.489 88660.661 89224.949 91163.983 92446.254 93253.613 93452.998 93367.537 91213.385 90353.413 89444.880 87258.252 84158.202 85097.003 84628.517 87065.532 86221.476 85782.587 84342.367 85292.652 86268.796 89515.680 87177.210 85201.825 85902.065 85801.476 86293.572 82023.654 84611.083 83274.735 80828.167 80334.990
93823.687 93753.740 93589.192 93743.590 93473.248 92840.437 92623.574 92289.029 92065.434 91975.453 93664.674 95157.343 95404.061 93482.362 92632.509 92231.253 92411.582 91846.716 92185.520 93007.276 93174.359 92168.834 92371.459 92458.409 91610.819 91147.888 90477.489 89913.639 89607.724 90404.209 91085.184 91955.578 92951.151 93447.486 93452.998 92966.832 90845.051 89526.000 87793.040 85496.619 84172.770 83227.525 83715.110 85394.116 85704.967 84417.430 85174.697 86215.787 89053.475 88769.251 85958.071 82744.490 85203.912 85795.074 85496.514 80046.805 80724.741 80962.732 80712.557 83612.085
94002.133 93837.231 93470.998 93600.455 93020.724 92487.407 92484.061 92800.163 92849.389 94453.991 94503.814 94963.441 93294.383 92998.200 91993.222 92641.556 91758.017 92299.052 92974.785 93138.343 92758.785 92427.189 92588.847 91561.022 90481.872 90422.717 90106.767 89738.151 90149.257 90915.541 91847.825 92410.467 93093.479 93090.227 93452.998 92376.028 90382.093 88140.030 85326.079 86229.379 85908.684 85665.130 86337.126 86032.617 85777.445 84386.259 86003.171 88920.400 89369.676 86605.387 84720.716 83552.701 84761.443 84464.462 83647.032 81732.574 82631.238 81780.911 86189.450 87266.232
