Source/meteoio/tests/2D_interpolations/2009-01-19T12.00.00_RH_ref.asc
ncols               386
nrows               229
xllcorner    479500.000
yllcorner     73500.000
cellsize       1000.000
NODATA_value -999
[rows 66 to 98 of 229, columns 73 to 145 of 386]
-999.000 -999.000 -999.000 -999.000 -999.000 -999.000 -999.000 -999.000 -999.000 -999.000 0.630 0.646 0.646 0.647 0.647 0.649 0.650 0.648 0.648 0.646 0.646 0.646 0.648 0.648 0.647 0.648 0.648 0.651 0.643 0.639 0.639 0.637 0.639 0.639 0.644 0.642 0.638 0.636 0.631 0.627 0.625 0.624 0.623 0.625 0.624 0.627 0.628 0.632 0.629 0.638 0.648 0.631 0.630 0.626 0.627 0.629 0.633 0.646 0.639 0.641 0.641 0.638 0.632 0.631 0.622 0.620 0.614 0.613 0.612 0.612 0.612 0.613 0.612
-999.000 -999.000 -999.000 -999.000 -999.000 -999.000 -999.000 -999.000 -999.000 -999.000 0.629 0.643 0.646 0.652 0.654 0.650 0.648 0.649 0.649 0.652 0.649 0.650 0.649 0.651 0.652 0.651 0.652 0.643 0.646 0.649 0.646 0.649 0.653 0.653 0.660 0.654 0.653 0.648 0.639 0.633 0.631 0.624 0.628 0.631 0.632 0.632 0.637 0.646 0.636 0.628 0.631 0.629 0.634 0.639 0.637 0.644 0.640 0.631 0.626 0.630 0.629 0.628 0.624 0.621 0.618 0.615 0.613 0.612 0.612 0.612 0.612 0.612 0.610
-999.000 -999.000 -999.000 -999.000 -999.000 -999.000 -999.000 -999.000 -999.000 -999.000 -999.000 0.639 0.646 0.649 0.650 0.649 0.649 0.651 0.650 0.651 0.651 0.651 0.650 0.651 0.650 0.649 0.645 0.645 0.645 0.649 0.650 0.652 0.658 0.658 0.656 0.644 0.639 0.640 0.643 0.645 0.628 0.642 0.652 0.654 0.650 0.650 0.652 0.646 0.635 0.632 0.644 0.641 0.647 0.652 0.652 0.646 0.625 0.622 0.621 0.624 0.620 0.619 0.617 0.615 0.614 0.613 0.613 0.612 0.612 0.612 0.612 0.611 0.610
-999.000 -999.000 -999.000 -999.000 -999.000 -999.000 -999.000 -999.000 -999.000 -999.000 -999.000 0.641 0.651 0.652 0.650 0.650 0.650 0.652 0.651 0.652 0.651 0.652 0.651 0.651 0.652 0.653 0.654 0.649 0.645 0.641 0.637 0.639 0.641 0.639 0.639 0.638 0.635 0.636 0.637 0.641 0.630 0.640 0.642 0.640 0.638 0.636 0.644 0.650 0.654 0.643 0.649 0.647 0.649 0.640 0.639 0.625 0.621 0.618 0.616 0.615 0.614 0.614 0.614 0.613 0.613 0.612 0.614 0.613 0.613 0.612 0.611 0.610 0.609
-999.000 -999.000 -999.000 -999.000 -999.000 -999.000 -999.000 -999.000 -999.000 -999.000 0.638 0.649 0.656 0.652 0.652 0.651 0.653 0.651 0.651 0.651 0.651 0.651 0.653 0.656 0.657 0.655 0.650 0.640 0.638 0.638 0.637 0.636 0.635 0.633 0.632 0.633 0.631 0.630 0.630 0.629 0.631 0.632 0.634 0.637 0.647 0.648 0.654 0.656 0.654 0.643 0.637 0.627 0.628 0.623 0.623 0.619 0.621 0.619 0.616 0.614 0.614 0.615 0.613 0.612 0.611 0.611 0.613 0.613 0.612 0.612 0.609 0.610 0.610
-999.000 -999.000 -999.000 -999.000 -999.000 -999.000 -999.000 -999.000 -999.000 0.639 0.643 0.654 0.651 0.651 0.652 0.653 0.652 0.652 0.650 0.651 0.653 0.654 0.651 0.645 0.643 0.645 0.642 0.641 0.638 0.638 0.635 0.637 0.638 0.637 0.637 0.635 0.636 0.637 0.637 0.638 0.646 0.651 0.654 0.662 0.660 0.652 0.644 0.634 0.630 0.626 0.623 0.622 0.621 0.620 0.618 0.619 0.616 0.616 0.615 0.613 0.613 0.612 0.612 0.612 0.612 0.613 0.612 0.611 0.611 0.610 0.611 0.611 0.611
-999.000 -999.000 -999.000 -999.000 -999.000 -999.000 -999.000 -999.000 0.637 0.652 0.653 0.652 0.651 0.653 0.655 0.653 0.652 0.650 0.652 0.651 0.649 0.645 0.645 0.647 0.649 0.649 0.648 0.647 0.639 0.636 0.639 0.642 0.644 0.646 0.652 0.652 0.655 0.657 0.654 0.652 0.655 0.654 0.654 0.656 0.646 0.640 0.631 0.627 0.624 0.622 0.621 0.620 0.619 0.617 0.618 0.615 0.615 0.614 0.613 0.613 0.612 0.612 0.612 0.612 0.613 0.613 0.612 0.611 0.611 0.611 0.613 0.611 0.611
-999.000 -999.000 -999.000 -999.000 -999.000 -999.000 -999.000 0.643 0.653 0.653 0.652 0.654 0.658 0.658 0.654 0.652 0.651 0.655 0.654 0.652 0.651 0.652 0.653 0.654 0.654 0.653 0.650 0.647 0.644 0.644 0.653 0.654 0.658 0.660 0.654 0.656 0.651 0.652 0.649 0.642 0.643 0.648 0.648 0.644 0.631 0.627 0.623 0.621 0.621 0.618 0.617 0.616 0.616 0.615 0.615 0.615 0.614 0.614 0.613 0.613 0.613 0.613 0.613 0.613 0.613 0.613 0.612 0.611 0.611 0.611 0.611 0.611 0.611
-999.000 -999.000 -999.000 -999.000 -999.000 0.635 0.646 0.654 0.655 0.655 0.656 0.660 0.659 0.654 0.654 0.653 0.655 0.656 0.658 0.660 0.660 0.658 0.654 0.648 0.639 0.639 0.641 0.642 0.638 0.652 0.653 0.653 0.642 0.643 0.637 0.634 0.640 0.647 0.650 0.651 0.649 0.638 0.628 0.624 0.622 0.622 0.619 0.618 0.617 0.616 0.616 0.615 0.615 0.615 0.614 0.614 0.614 0.614 0.613 0.613 0.613 0.613 0.613 0.613 0.613 0.612 0.612 0.612 0.612 0.612 0.612 0.612 0.612
-999.000 -999.000 -999.000 -999.000 -999.000 0.646 0.652 0.655 0.656 0.659 0.660 0.659 0.655 0.654 0.655 0.657 0.661 0.663 0.664 0.653 0.647 0.641 0.636 0.635 0.635 0.634 0.633 0.633 0.644 0.642 0.633 0.635 0.631 0.630 0.635 0.645 0.642 0.640 0.637 0.631 0.631 0.629 0.624 0.620 0.619 0.618 0.618 0.617 0.617 0.616 0.616 0.615 0.615 0.615 0.616 0.616 0.615 0.616 0.613 0.613 0.613 0.613 0.613 0.613 0.613 0.614 0.611 0.611 0.612 0.613 0.614 0.612 0.611
-999.000 -999.000 -999.000 -999.000 0.640 0.651 0.655 0.657 0.658 0.656 0.656 0.655 0.656 0.656 0.662 0.664 0.663 0.658 0.649 0.639 0.637 0.636 0.638 0.638 0.635 0.639 0.641 0.640 0.641 0.633 0.638 0.636 0.642 0.638 0.643 0.641 0.633 0.638 0.640 0.637 0.630 0.625 0.620 0.620 0.618 0.618 0.617 0.617 0.616 0.616 0.617 0.617 0.618 0.618 0.619 0.617 0.615 0.614 0.614 0.613 0.613 0.613 0.613 0.614 0.614 0.613 0.612 0.612 0.613 0.613 0.611 0.611 0.612
-999.000 -999.000 -999.000 0.647 0.652 0.652 0.657 0.656 0.655 0.655 0.654 0.656 0.657 0.662 0.663 0.664 0.655 0.646 0.638 0.638 0.639 0.642 0.651 0.656 0.652 0.655 0.657 0.658 0.646 0.642 0.646 0.654 0.632 0.642 0.638 0.635 0.645 0.633 0.623 0.621 0.620 0.619 0.619 0.618 0.618 0.618 0.617 0.617 0.617 0.618 0.619 0.619 0.620 0.620 0.618 0.616 0.615 0.614 0.614 0.613 0.614 0.614 0.614 0.614 0.613 0.612 0.612 0.612 0.612 0.611 0.611 0.612 0.613
-999.000 -999.000 -999.000 0.638 0.642 0.655 0.656 0.656 0.656 0.656 0.657 0.659 0.663 0.668 0.661 0.649 0.644 0.639 0.641 0.644 0.653 0.661 0.659 0.657 0.659 0.661 0.663 0.663 0.663 0.654 0.648 0.638 0.631 0.626 0.633 0.633 0.623 0.621 0.620 0.623 0.621 0.620 0.619 0.618 0.618 0.618 0.618 0.619 0.620 0.620 0.621 0.621 0.619 0.618 0.616 0.615 0.616 0.614 0.614 0.614 0.614 0.614 0.614 0.614 0.612 0.613 0.614 0.611 0.611 0.613 0.614 0.615 0.615
-999.000 -999.000 -999.000 0.652 0.656 0.652 0.657 0.657 0.657 0.660 0.662 0.665 0.664 0.663 0.646 0.641 0.643 0.649 0.655 0.662 0.662 0.663 0.667 0.661 0.662 0.664 0.661 0.655 0.648 0.636 0.633 0.632 0.636 0.631 0.626 0.622 0.621 0.625 0.625 0.622 0.620 0.619 0.619 0.618 0.618 0.618 0.621 0.622 0.622 0.621 0.621 0.618 0.618 0.619 0.616 0.615 0.615 0.614 0.614 0.614 0.613 0.613 0.613 0.612 0.613 0.613 0.615 0.612 0.615 0.613 0.615 0.618 0.618
-999.000 -999.000 0.649 0.656 0.655 0.652 0.656 0.658 0.661 0.664 0.664 0.662 0.653 0.644 0.643 0.644 0.653 0.662 0.669 0.671 0.675 0.670 0.665 0.662 0.660 0.658 0.654 0.652 0.641 0.637 0.641 0.638 0.631 0.624 0.622 0.622 0.625 0.624 0.620 0.620 0.619 0.619 0.619 0.618 0.618 0.620 0.621 0.622 0.622 0.619 0.621 0.620 0.618 0.617 0.616 0.615 0.615 0.615 0.614 0.614 0.613 0.613 0.613 0.612 0.614 0.614 0.614 0.616 0.616 0.614 0.616 0.617 0.614
0.641 0.655 0.658 0.656 0.656 0.655 0.658 0.660 0.662 0.662 0.650 0.645 0.645 0.652 0.656 0.661 0.656 0.675 0.678 0.681 0.677 0.665 0.656 0.654 0.659 0.665 0.664 0.652 0.642 0.647 0.643 0.632 0.623 0.622 0.623 0.622 0.621 0.621 0.620 0.620 0.620 0.619 0.619 0.620 0.621 0.620 0.622 0.622 0.622 0.623 0.621 0.621 0.620 0.616 0.616 0.615 0.615 0.615 0.614 0.614 0.613 0.614 0.615 0.615 0.615 0.616 0.613 0.612 0.617 0.618 0.617 0.617 0.615
0.658 0.660 0.658 0.657 0.658 0.660 0.659 0.659 0.659 0.648 0.649 0.655 0.659 0.659 0.659 0.662 0.674 0.675 0.680 0.671 0.662 0.654 0.651 0.665 0.665 0.659 0.646 0.652 0.652 0.645 0.628 0.623 0.623 0.622 0.622 0.623 0.622 0.621 0.620 0.620 0.620 0.622 0.623 0.620 0.621 0.621 0.623 0.623 0.623 0.625 0.624 0.622 0.617 0.616 0.616 0.616 0.615 0.615 0.615 0.614 0.614 0.614 0.616 0.617 0.616 0.613 0.617 0.616 0.617 0.621 0.616 0.616 0.616
0.662 0.661 0.659 0.659 0.659 0.659 0.660 0.654 0.649 0.655 0.660 0.661 0.661 0.661 0.659 0.668 0.675 0.675 0.665 0.657 0.653 0.650 0.653 0.656 0.645 0.643 0.647 0.648 0.641 0.630 0.623 0.623 0.623 0.622 0.622 0.622 0.621 0.621 0.621 0.620 0.623 0.622 0.620 0.620 0.621 0.622 0.623 0.624 0.624 0.624 0.619 0.618 0.616 0.616 0.616 0.616 0.615 0.615 0.615 0.614 0.614 0.614 0.615 0.613 0.616 0.615 0.616 0.617 0.617 0.621 0.621 0.615 0.615
0.665 0.658 0.657 0.661 0.660 0.660 0.653 0.651 0.660 0.665 0.666 0.665 0.664 0.660 0.656 0.670 0.671 0.660 0.654 0.649 0.646 0.647 0.646 0.643 0.641 0.643 0.644 0.636 0.628 0.624 0.623 0.623 0.625 0.625 0.623 0.624 0.624 0.621 0.621 0.620 0.620 0.620 0.620 0.621 0.623 0.625 0.625 0.624 0.623 0.618 0.617 0.617 0.618 0.617 0.616 0.616 0.615 0.615 0.615 0.614 0.614 0.615 0.615 0.614 0.615 0.615 0.620 0.621 0.620 0.621 0.620 0.618 0.616
0.660 0.658 0.659 0.664 0.661 0.654 0.659 0.664 0.663 0.663 0.663 0.665 0.657 0.652 0.664 0.669 0.657 0.652 0.647 0.645 0.644 0.643 0.643 0.643 0.643 0.641 0.634 0.626 0.624 0.624 0.624 0.624 0.625 0.627 0.624 0.622 0.622 0.621 0.621 0.621 0.621 0.622 0.622 0.623 0.623 0.625 0.623 0.619 0.618 0.618 0.617 0.618 0.619 0.617 0.616 0.616 0.616 0.615 0.615 0.615 0.614 0.617 0.615 0.614 0.614 0.614 0.614 0.617 0.619 0.622 0.619 0.621 0.619
0.659 0.661 0.661 0.664 0.657 0.665 0.668 0.671 0.667 0.661 0.653 0.650 0.649 0.653 0.666 0.659 0.652 0.649 0.646 0.644 0.643 0.644 0.644 0.645 0.642 0.630 0.625 0.625 0.624 0.624 0.625 0.626 0.627 0.625 0.623 0.622 0.622 0.621 0.621 0.623 0.623 0.624 0.624 0.622 0.621 0.620 0.619 0.619 0.619 0.618 0.619 0.620 0.619 0.617 0.616 0.616 0.616 0.615 0.615 0.615 0.617 0.615 0.617 0.614 0.618 0.619 0.618 0.618 0.617 0.620 0.622 0.621 0.621
0.661 0.660 0.665 0.666 0.666 0.675 0.676 0.676 0.663 0.658 0.658 0.655 0.651 0.655 0.669 0.658 0.651 0.654 0.647 0.643 0.643 0.647 0.645 0.643 0.628 0.626 0.625 0.625 0.625 0.624 0.626 0.628 0.627 0.624 0.623 0.622 0.622 0.622 0.624 0.623 0.624 0.623 0.622 0.621 0.620 0.620 0.620 0.622 0.621 0.621 0.620 0.621 0.619 0.617 0.617 0.616 0.616 0.616 0.615 0.615 0.614 0.616 0.615 0.615 0.618 0.619 0.619 0.618 0.622 0.621 0.620 0.617 0.617
0.664 0.666 0.665 0.669 0.675 0.673 0.668 0.666 0.661 0.655 0.651 0.649 0.647 0.662 0.666 0.656 0.653 0.649 0.643 0.643 0.643 0.643 0.635 0.626 0.626 0.626 0.625 0.625 0.625 0.627 0.628 0.627 0.624 0.623 0.623 0.623 0.622 0.622 0.624 0.624 0.625 0.625 0.622 0.622 0.622 0.622 0.622 0.622 0.621 0.620 0.620 0.621 0.619 0.618 0.617 0.616 0.616 0.616 0.615 0.615 0.618 0.614 0.614 0.619 0.620 0.621 0.620 0.623 0.625 0.621 0.619 0.619 0.620
0.669 0.664 0.665 0.674 0.670 0.667 0.664 0.653 0.647 0.644 0.644 0.645 0.648 0.667 0.658 0.651 0.648 0.642 0.638 0.635 0.634 0.629 0.627 0.627 0.626 0.626 0.626 0.625 0.625 0.627 0.625 0.624 0.625 0.624 0.623 0.623 0.622 0.622 0.622 0.623 0.624 0.623 0.623 0.623 0.622 0.622 0.622 0.623 0.622 0.622 0.622 0.621 0.619 0.619 0.617 0.617 0.616 0.616 0.615 0.615 0.615 0.616 0.616 0.620 0.617 0.618 0.622 0.623 0.621 0.622 0.620 0.618 0.620
0.666 0.664 0.675 0.675 0.668 0.656 0.650 0.647 0.645 0.644 0.645 0.647 0.656 0.661 0.653 0.648 0.640 0.634 0.630 0.629 0.628 0.628 0.627 0.627 0.627 0.626 0.626 0.626 0.626 0.625 0.625 0.625 0.624 0.624 0.623 0.623 0.623 0.623 0.624 0.623 0.623 0.623 0.623 0.623 0.623 0.623 0.623 0.623 0.623 0.623 0.622 0.620 0.619 0.618 0.617 0.617 0.617 0.616 0.617 0.616 0.615 0.615 0.619 0.616 0.617 0.621 0.623 0.620 0.620 0.623 0.620 0.618 0.618
0.662 0.670 0.679 0.668 0.659 0.651 0.648 0.646 0.646 0.645 0.645 0.649 0.663 0.655 0.643 0.638 0.630 0.629 0.629 0.629 0.628 0.628 0.627 0.627 0.627 0.626 0.626 0.627 0.626 0.626 0.625 0.625 0.624 0.624 0.624 0.624 0.624 0.626 0.624 0.624 0.624 0.623 0.623 0.623 0.623 0.624 0.624 0.625 0.622 0.622 0.621 0.620 0.619 0.618 0.617 0.617 0.617 0.616 0.617 0.617 0.617 0.615 0.617 0.616 0.619 0.623 0.622 0.620 0.621 0.620 0.620 0.618 0.622
0.669 0.677 0.674 0.665 0.654 0.649 0.647 0.645 0.645 0.647 0.650 0.659 0.663 0.641 0.640 0.631 0.630 0.629 0.629 0.629 0.634 0.628 0.628 0.627 0.628 0.628 0.632 0.626 0.628 0.626 0.625 0.625 0.625 0.624 0.624 0.624 0.626 0.626 0.626 0.625 0.626 0.625 0.623 0.623 0.623 0.622 0.622 0.624 0.622 0.622 0.621 0.620 0.619 0.618 0.617 0.617 0.617 0.617 0.620 0.619 0.618 0.615 0.614 0.619 0.622 0.622 0.619 0.618 0.620 0.622 0.617 0.619 0.616
0.677 0.678 0.671 0.655 0.650 0.648 0.647 0.645 0.646 0.653 0.665 0.664 0.646 0.637 0.637 0.631 0.630 0.630 0.630 0.635 0.630 0.629 0.629 0.630 0.631 0.632 0.627 0.627 0.627 0.626 0.625 0.625 0.625 0.625 0.624 0.627 0.627 0.627 0.628 0.629 0.632 0.629 0.627 0.624 0.627 0.625 0.622 0.621 0.621 0.622 0.622 0.620 0.619 0.618 0.618 0.618 0.617 0.619 0.620 0.622 0.616 0.617 0.614 0.616 0.622 0.618 0.615 0.617 0.619 0.619 0.616 0.616 0.616
0.680 0.671 0.659 0.652 0.650 0.648 0.646 0.645 0.654 0.666 0.659 0.646 0.639 0.634 0.631 0.632 0.630 0.630 0.635 0.631 0.630 0.629 0.632 0.634 0.632 0.628 0.627 0.628 0.626 0.626 0.626 0.625 0.627 0.627 0.625 0.627 0.627 0.631 0.630 0.635 0.633 0.631 0.629 0.627 0.629 0.628 0.626 0.623 0.622 0.621 0.620 0.619 0.619 0.618 0.619 0.621 0.619 0.621 0.621 0.620 0.620 0.620 0.615 0.614 0.617 0.616 0.618 0.621 0.620 0.614 0.614 0.616 0.619
0.676 0.664 0.654 0.651 0.650 0.648 0.647 0.648 0.656 0.651 0.644 0.637 0.633 0.632 0.632 0.632 0.631 0.630 0.630 0.630 0.630 0.631 0.632 0.633 0.631 0.628 0.628 0.628 0.627 0.626 0.626 0.628 0.627 0.625 0.629 0.630 0.631 0.631 0.634 0.637 0.633 0.633 0.630 0.630 0.629 0.628 0.626 0.624 0.623 0.622 0.620 0.620 0.620 0.620 0.619 0.622 0.620 0.619 0.623 0.622 0.623 0.624 0.618 0.615 0.614 0.614 0.617 0.617 0.615 0.613 0.618 0.617 0.615
0.669 0.661 0.652 0.651 0.650 0.650 0.649 0.645 0.644 0.641 0.636 0.632 0.632 0.632 0.631 0.631 0.631 0.631 0.630 0.630 0.630 0.630 0.631 0.630 0.629 0.628 0.627 0.627 0.627 0.626 0.626 0.629 0.626 0.626 0.631 0.635 0.638 0.638 0.637 0.636 0.634 0.630 0.628 0.629 0.630 0.627 0.625 0.625 0.623 0.622 0.622 0.622 0.623 0.623 0.624 0.625 0.619 0.620 0.621 0.622 0.626 0.625 0.617 0.616 0.615 0.613 0.613 0.614 0.613 0.615 0.613 0.615 0.615
0.666 0.656 0.651 0.651 0.649 0.646 0.644 0.641 0.637 0.634 0.633 0.633 0.632 0.632 0.632 0.631 0.631 0.631 0.630 0.630 0.630 0.629 0.629 0.629 0.629 0.628 0.628 0.627 0.627 0.627 0.629 0.628 0.626 0.629 0.630 0.634 0.635 0.635 0.634 0.632 0.630 0.629 0.629 0.627 0.627 0.625 0.624 0.623 0.623 0.622 0.624 0.624 0.630 0.626 0.624 0.624 0.621 0.625 0.626 0.625 0.625 0.623 0.624 0.618 0.617 0.617 0.618 0.613 0.612 0.612 0.616 0.618 0.622
0.653 0.651 0.646 0.643 0.642 0.639 0.638 0.635 0.634 0.633 0.633 0.633 0.633 0.632 0.632 0.632 0.631 0.631 0.631 0.630 0.630 0.630 0.629 0.629 0.629 0.628 0.628 0.628 0.627 0.627 0.629 0.630 0.631 0.626 0.631 0.631 0.628 0.630 0.632 0.631 0.631 0.630 0.629 0.628 0.626 0.625 0.625 0.624 0.621 0.621 0.623 0.626 0.626 0.627 0.627 0.629 0.624 0.630 0.626 0.628 0.625 0.627 0.623 0.616 0.617 0.619 0.616 0.615 0.613 0.612 0.612 0.614 0.620
