Source/meteoio/tests/2D_interpolations/2009-01-19T12.00.00_PSUM_ref.asc
ncols               386
nrows               229
xllcorner    479500.000
yllcorner     73500.000
cellsize       1000.000
NODATA_value -999
[rows 165 to 197 of 229, columns 219 to 291 of 386]
1.371 1.510 1.447 1.402 1.258 1.025 0.870 1.408 1.380 1.590 1.017 1.079 1.040 0.639 0.283 0.218 0.529 0.771 0.573 0.277 0.486 0.991 1.067 0.974 0.946 0.902 1.165 1.106 1.461 1.391 1.072 0.767 1.248 1.459 1.462 1.644 1.360 1.001 0.491 0.577 0.927 1.401 1.405 -999.000 -999.000 -999.000 -999.000 -999.000 -999.000 -999.000 -999.000 -999.000 -999.000 -999.000 -999.000 -999.000 -999.000 -999.000 -999.000 -999.000 1.871 1.749 1.767 1.672 1.674 1.585 1.590 1.445 1.374 1.223 0.928 0.855 0.984
1.516 1.504 1.337 1.194 1.177 1.067 0.792 1.428 1.416 1.638 1.389 1.289 0.986 0.936 0.530 0.323 0.209 0.217 0.213 0.219 0.735 0.864 1.117 1.323 1.203 1.061 1.305 1.463 1.513 1.401 1.119 0.705 1.036 1.552 1.571 1.499 1.159 0.844 0.462 0.559 1.106 1.324 1.428 1.746 -999.000 -999.000 -999.000 -999.000 -999.000 -999.000 -999.000 -999.000 -999.000 -999.000 -999.000 -999.000 -999.000 -999.000 -999.000 -999.000 -999.000 1.544 1.487 1.329 1.193 1.117 1.065 1.028 0.865 0.767 0.765 0.925 1.235
1.504 1.349 0.976 1.117 1.048 0.757 1.014 1.207 1.504 1.426 1.551 1.471 1.348 1.030 0.940 0.526 0.642 0.296 0.201 0.203 0.779 0.970 1.431 1.472 1.558 1.527 1.640 1.664 1.545 1.383 1.008 0.749 1.150 1.498 1.463 1.462 1.014 0.762 0.348 0.752 0.868 0.978 1.444 1.633 1.767 -999.000 -999.000 -999.000 -999.000 -999.000 -999.000 -999.000 -999.000 -999.000 -999.000 -999.000 -999.000 -999.000 -999.000 -999.000 -999.000 1.149 0.904 1.001 0.780 0.727 0.719 0.699 0.753 0.803 1.065 1.174 1.608
1.520 1.117 0.907 0.750 0.644 0.623 0.998 1.114 1.306 1.460 1.395 1.440 1.235 1.082 0.678 0.855 0.975 0.581 0.201 0.196 0.628 1.060 1.363 1.379 1.557 1.314 1.633 1.368 1.621 1.310 0.944 0.928 1.224 1.394 1.511 1.367 1.118 0.745 0.338 0.757 1.184 1.192 1.049 1.526 1.690 -999.000 -999.000 -999.000 -999.000 -999.000 -999.000 -999.000 -999.000 -999.000 -999.000 -999.000 -999.000 -999.000 -999.000 -999.000 -999.000 0.646 0.591 0.604 0.556 0.727 0.818 0.868 0.994 1.218 1.406 1.552 1.593
1.385 1.479 1.188 1.058 0.985 0.791 0.614 0.757 0.795 1.386 1.368 1.397 1.221 0.712 0.667 1.095 0.994 0.701 0.354 0.192 0.445 1.027 1.212 1.432 1.437 1.653 1.717 1.697 1.556 1.136 0.799 0.768 1.075 1.441 1.430 1.202 0.950 0.326 0.356 0.768 1.099 1.068 1.395 1.512 -999.000 -999.000 -999.000 -999.000 -999.000 -999.000 -999.000 -999.000 -999.000 -999.000 -999.000 -999.000 -999.000 -999.000 -999.000 -999.000 -999.000 -999.000 0.708 0.733 0.861 0.888 1.199 1.107 1.289 1.516 1.455 1.801 1.835
1.338 1.408 1.421 1.378 1.174 0.879 0.596 1.017 1.138 1.342 1.492 1.016 1.231 0.998 0.982 0.954 1.032 0.727 0.398 0.190 0.312 0.805 1.101 0.850 1.142 1.489 1.485 1.610 1.507 1.034 0.813 0.839 1.205 1.495 1.475 1.049 0.728 0.302 0.638 0.936 0.885 1.054 1.412 1.532 1.596 -999.000 -999.000 -999.000 -999.000 -999.000 -999.000 -999.000 -999.000 -999.000 -999.000 -999.000 -999.000 -999.000 -999.000 -999.000 -999.000 -999.000 -999.000 1.097 1.194 1.089 0.948 0.987 1.548 1.764 1.632 1.909 1.825
1.231 1.115 1.302 1.321 1.227 0.866 0.555 0.991 1.326 1.446 1.433 1.274 1.343 1.344 1.298 1.223 0.765 0.899 0.552 0.207 0.186 0.650 0.715 1.065 1.174 1.415 1.629 1.573 1.359 1.149 0.805 0.801 1.359 1.276 1.278 1.021 0.428 0.342 0.706 0.853 1.196 0.977 1.382 1.523 -999.000 -999.000 -999.000 -999.000 -999.000 -999.000 -999.000 -999.000 -999.000 -999.000 -999.000 -999.000 -999.000 -999.000 -999.000 -999.000 -999.000 -999.000 -999.000 1.406 1.410 1.382 1.384 1.454 1.603 1.827 1.712 1.955 1.884
0.992 0.774 0.951 1.116 1.055 0.902 0.536 0.793 1.336 1.404 1.498 1.533 1.394 1.507 1.443 1.373 1.073 1.090 0.661 0.302 0.184 0.385 0.932 1.075 0.944 1.476 1.628 1.477 1.435 1.069 0.626 0.993 1.263 1.310 1.139 0.670 0.289 0.425 0.879 1.030 1.207 1.279 1.129 1.536 -999.000 -999.000 -999.000 -999.000 -999.000 -999.000 -999.000 -999.000 -999.000 -999.000 -999.000 -999.000 -999.000 -999.000 -999.000 -999.000 -999.000 -999.000 -999.000 -999.000 -999.000 -999.000 1.584 1.577 1.647 1.805 1.814 1.999 1.949
1.088 1.103 0.772 0.616 0.869 0.805 0.578 1.082 1.192 1.340 1.304 1.384 1.325 1.421 1.433 1.394 1.202 1.028 0.922 0.444 0.183 0.271 0.620 0.813 1.229 1.406 1.505 1.568 1.150 0.927 0.573 0.934 1.242 1.235 0.655 0.319 0.280 0.729 1.048 1.211 1.318 1.308 1.409 -999.000 -999.000 -999.000 -999.000 -999.000 -999.000 -999.000 -999.000 -999.000 -999.000 -999.000 -999.000 -999.000 -999.000 -999.000 -999.000 -999.000 -999.000 -999.000 -999.000 -999.000 -999.000 -999.000 -999.000 -999.000 -999.000 -999.000 1.953 1.937 -999.000
1.300 1.136 1.069 1.024 0.697 0.514 0.768 1.105 1.142 1.241 0.823 1.171 1.292 1.084 1.370 1.389 1.238 1.011 0.506 0.545 0.178 0.178 0.537 0.922 1.196 1.351 1.557 1.485 1.225 1.105 0.702 0.905 1.102 1.161 0.730 0.274 0.393 0.974 1.286 1.339 1.114 1.387 1.467 -999.000 -999.000 -999.000 -999.000 -999.000 -999.000 -999.000 -999.000 -999.000 -999.000 -999.000 -999.000 -999.000 -999.000 -999.000 -999.000 -999.000 -999.000 -999.000 -999.000 -999.000 -999.000 -999.000 -999.000 -999.000 -999.000 -999.000 -999.000 -999.000 -999.000
1.142 1.282 1.257 1.213 1.011 0.748 0.525 0.854 1.110 1.001 0.899 0.997 0.910 1.082 1.264 1.079 0.831 0.797 0.995 0.670 0.188 0.176 0.314 0.661 0.893 1.317 1.419 1.413 1.079 1.021 0.597 0.964 1.083 0.892 0.533 0.249 0.626 1.151 1.266 1.289 1.136 1.423 -999.000 -999.000 -999.000 -999.000 -999.000 -999.000 -999.000 -999.000 -999.000 -999.000 -999.000 -999.000 -999.000 -999.000 -999.000 -999.000 -999.000 -999.000 -999.000 -999.000 -999.000 -999.000 -999.000 -999.000 -999.000 -999.000 -999.000 -999.000 -999.000 -999.000 -999.000
1.019 0.854 1.143 1.208 1.223 0.857 0.558 0.600 1.002 0.857 0.638 0.621 1.053 1.310 1.347 1.259 1.133 0.793 1.126 0.854 0.280 0.174 0.174 0.493 0.654 1.057 1.256 1.340 1.020 0.689 0.546 1.048 0.945 0.647 0.353 0.316 0.857 1.169 1.149 1.322 1.456 1.577 -999.000 -999.000 -999.000 -999.000 -999.000 -999.000 -999.000 -999.000 -999.000 -999.000 -999.000 -999.000 -999.000 -999.000 -999.000 -999.000 -999.000 -999.000 -999.000 -999.000 -999.000 -999.000 -999.000 -999.000 -999.000 -999.000 -999.000 -999.000 -999.000 -999.000 -999.000
0.774 0.719 0.900 1.068 1.190 1.130 0.950 0.452 0.602 0.717 0.512 1.069 1.004 1.168 1.400 1.345 0.988 1.132 1.022 0.786 0.541 0.184 0.171 0.201 0.591 0.889 1.176 1.191 1.093 0.789 0.435 0.809 0.728 0.499 0.239 0.510 0.750 0.867 0.811 1.043 1.379 -999.000 -999.000 -999.000 -999.000 -999.000 -999.000 -999.000 -999.000 -999.000 -999.000 -999.000 -999.000 -999.000 -999.000 -999.000 -999.000 -999.000 -999.000 -999.000 -999.000 -999.000 -999.000 -999.000 -999.000 -999.000 -999.000 -999.000 -999.000 -999.000 -999.000 -999.000 -999.000
0.480 0.777 0.956 1.150 1.237 1.084 1.038 0.908 0.585 0.374 0.750 0.633 0.672 0.796 1.125 1.254 1.274 1.099 0.758 0.874 0.889 0.449 0.172 0.192 0.364 0.593 1.106 1.042 1.097 0.947 0.719 0.401 0.419 0.386 0.225 0.697 1.072 1.077 1.127 0.868 1.239 -999.000 -999.000 -999.000 -999.000 -999.000 -999.000 -999.000 -999.000 -999.000 -999.000 -999.000 -999.000 -999.000 -999.000 -999.000 -999.000 -999.000 -999.000 -999.000 -999.000 -999.000 -999.000 -999.000 -999.000 -999.000 -999.000 -999.000 -999.000 -999.000 -999.000 -999.000 -999.000
0.592 0.890 1.125 1.083 1.226 1.327 1.236 1.095 0.837 0.503 0.543 1.102 1.090 1.201 1.088 1.427 1.353 0.908 0.905 1.086 1.089 0.542 0.214 0.170 0.230 0.658 0.804 0.654 0.638 0.543 0.429 0.512 0.321 0.220 0.282 0.701 1.066 1.169 1.319 1.157 1.173 -999.000 -999.000 -999.000 -999.000 -999.000 -999.000 -999.000 -999.000 -999.000 -999.000 -999.000 -999.000 -999.000 -999.000 -999.000 -999.000 -999.000 -999.000 -999.000 -999.000 -999.000 -999.000 -999.000 -999.000 -999.000 -999.000 -999.000 -999.000 -999.000 -999.000 -999.000 -999.000
0.393 0.599 0.676 0.858 1.156 1.244 1.208 1.133 0.976 0.500 0.621 1.022 1.196 1.175 1.318 1.361 1.421 1.261 1.105 1.117 0.920 0.738 0.436 0.169 0.165 0.489 0.521 0.317 0.226 0.186 0.192 0.199 0.206 0.409 0.662 0.781 0.967 1.266 1.316 1.470 1.411 -999.000 -999.000 -999.000 -999.000 -999.000 -999.000 -999.000 -999.000 -999.000 -999.000 -999.000 -999.000 -999.000 -999.000 -999.000 -999.000 -999.000 -999.000 -999.000 -999.000 -999.000 -999.000 -999.000 -999.000 -999.000 -999.000 -999.000 -999.000 -999.000 -999.000 -999.000 -999.000
0.211 0.272 0.426 0.798 0.957 1.120 1.132 0.740 0.577 0.550 0.421 0.838 0.926 1.221 1.363 1.386 1.402 1.344 1.353 1.155 1.050 0.894 0.621 0.268 0.164 0.194 0.174 0.177 0.198 0.193 0.226 0.275 0.366 0.728 0.936 0.992 0.976 1.070 1.455 -999.000 -999.000 -999.000 -999.000 -999.000 -999.000 -999.000 -999.000 -999.000 -999.000 -999.000 -999.000 -999.000 -999.000 -999.000 -999.000 -999.000 -999.000 -999.000 -999.000 -999.000 -999.000 -999.000 -999.000 -999.000 -999.000 -999.000 -999.000 -999.000 -999.000 -999.000 -999.000 -999.000 -999.000
0.303 0.205 0.220 0.459 0.659 0.931 1.003 0.957 0.924 0.793 0.369 0.469 0.564 1.045 0.995 1.045 1.313 1.273 1.264 1.051 0.855 0.704 0.554 0.435 0.173 0.164 0.291 0.519 0.566 0.644 0.603 0.685 0.483 0.401 0.731 1.117 1.151 1.404 1.492 -999.000 -999.000 -999.000 -999.000 -999.000 -999.000 -999.000 -999.000 -999.000 -999.000 -999.000 -999.000 -999.000 -999.000 -999.000 -999.000 -999.000 -999.000 -999.000 -999.000 -999.000 -999.000 -999.000 -999.000 -999.000 -999.000 -999.000 -999.000 -999.000 -999.000 -999.000 -999.000 -999.000 -999.000
0.654 0.490 0.298 0.696 0.841 0.984 1.025 0.882 0.767 0.720 0.503 0.483 0.784 0.741 0.963 1.102 1.064 1.147 0.852 1.053 1.071 0.884 0.603 0.313 0.172 0.189 0.286 0.521 0.842 1.015 0.963 0.961 0.730 0.795 0.593 0.893 1.187 1.437 -999.000 -999.000 -999.000 -999.000 -999.000 -999.000 -999.000 -999.000 -999.000 -999.000 -999.000 -999.000 -999.000 -999.000 -999.000 -999.000 -999.000 -999.000 -999.000 -999.000 -999.000 -999.000 -999.000 -999.000 -999.000 -999.000 -999.000 -999.000 -999.000 -999.000 -999.000 -999.000 -999.000 -999.000 -999.000
0.583 0.357 0.234 0.548 0.783 1.031 0.985 0.946 0.816 0.537 0.322 0.521 0.892 1.036 1.038 0.895 0.976 1.002 0.899 0.718 0.747 0.695 0.386 0.157 0.157 0.453 0.813 0.724 0.589 0.733 1.022 1.143 1.020 0.918 0.973 0.898 1.158 -999.000 -999.000 -999.000 -999.000 -999.000 -999.000 -999.000 -999.000 -999.000 -999.000 -999.000 -999.000 -999.000 -999.000 -999.000 -999.000 -999.000 -999.000 -999.000 -999.000 -999.000 -999.000 -999.000 -999.000 -999.000 -999.000 -999.000 -999.000 -999.000 -999.000 -999.000 -999.000 -999.000 -999.000 -999.000 -999.000
0.678 0.478 0.179 0.360 0.684 1.009 0.949 0.646 0.635 0.619 0.332 0.704 0.791 0.694 0.698 0.656 0.811 0.747 0.913 0.646 0.326 0.392 0.208 0.156 0.207 0.533 0.923 1.049 0.835 0.842 0.950 1.216 1.183 1.018 1.046 0.851 1.186 -999.000 -999.000 -999.000 -999.000 -999.000 -999.000 -999.000 -999.000 -999.000 -999.000 -999.000 -999.000 -999.000 -999.000 -999.000 -999.000 -999.000 -999.000 -999.000 -999.000 -999.000 -999.000 -999.000 -999.000 -999.000 -999.000 -999.000 -999.000 -999.000 -999.000 -999.000 -999.000 -999.000 -999.000 -999.000 -999.000
0.320 0.276 0.215 0.281 0.718 0.756 0.537 0.445 0.372 0.313 0.275 0.290 0.395 0.563 0.508 0.339 0.616 0.446 0.519 0.437 0.282 0.167 0.152 0.157 0.291 0.510 0.759 1.036 1.137 0.993 1.104 1.251 1.242 1.120 1.245 1.101 1.295 -999.000 -999.000 -999.000 -999.000 -999.000 -999.000 -999.000 -999.000 -999.000 -999.000 -999.000 -999.000 -999.000 -999.000 -999.000 -999.000 -999.000 -999.000 -999.000 -999.000 -999.000 -999.000 -999.000 -999.000 -999.000 -999.000 -999.000 -999.000 -999.000 -999.000 -999.000 -999.000 -999.000 -999.000 -999.000 -999.000
0.170 0.164 0.155 0.151 0.474 0.385 0.285 0.186 0.154 0.132 0.139 0.140 0.137 0.137 0.187 0.162 0.194 0.200 0.177 0.148 0.147 0.150 0.156 0.170 0.392 0.642 0.813 0.727 0.741 0.851 1.044 1.120 1.247 1.286 1.361 1.421 -999.000 -999.000 -999.000 -999.000 -999.000 -999.000 -999.000 -999.000 -999.000 -999.000 -999.000 -999.000 -999.000 -999.000 -999.000 -999.000 -999.000 -999.000 -999.000 -999.000 -999.000 -999.000 -999.000 -999.000 -999.000 -999.000 -999.000 -999.000 -999.000 -999.000 -999.000 -999.000 -999.000 -999.000 -999.000 -999.000 -999.000
0.456 0.333 0.217 0.158 0.147 0.149 0.136 0.132 0.132 0.132 0.132 0.134 0.135 0.136 0.137 0.141 0.142 0.142 0.142 0.144 0.146 0.151 0.166 0.268 0.242 0.408 0.428 0.486 0.511 0.608 0.719 0.975 0.962 1.173 -999.000 -999.000 -999.000 -999.000 -999.000 -999.000 -999.000 -999.000 -999.000 -999.000 -999.000 -999.000 -999.000 -999.000 -999.000 -999.000 -999.000 -999.000 -999.000 -999.000 -999.000 -999.000 -999.000 -999.000 -999.000 -999.000 -999.000 -999.000 -999.000 -999.000 -999.000 -999.000 -999.000 -999.000 -999.000 -999.000 -999.000 -999.000 -999.000
0.698 0.371 0.244 0.197 0.165 0.140 0.132 0.132 0.132 0.132 0.132 0.132 0.134 0.136 0.138 0.138 0.140 0.141 0.142 0.144 0.148 0.161 0.282 0.450 0.678 0.663 0.781 0.699 0.969 0.995 0.984 0.970 1.177 -999.000 -999.000 -999.000 -999.000 -999.000 -999.000 -999.000 -999.000 -999.000 -999.000 -999.000 -999.000 -999.000 -999.000 -999.000 -999.000 -999.000 -999.000 -999.000 -999.000 -999.000 -999.000 -999.000 -999.000 -999.000 -999.000 -999.000 -999.000 -999.000 -999.000 -999.000 -999.000 -999.000 -999.000 -999.000 -999.000 -999.000 -999.000 -999.000 -999.000
0.674 0.401 0.200 0.132 0.132 0.132 0.132 0.132 0.132 0.132 0.132 0.132 0.136 0.137 0.164 0.142 0.142 0.142 0.165 0.284 0.273 0.391 0.567 0.757 1.021 0.974 1.057 0.807 0.838 1.123 1.164 1.066 -999.000 -999.000 -999.000 -999.000 -999.000 -999.000 -999.000 -999.000 -999.000 -999.000 -999.000 -999.000 -999.000 -999.000 -999.000 -999.000 -999.000 -999.000 -999.000 -999.000 -999.000 -999.000 -999.000 -999.000 -999.000 -999.000 -999.000 -999.000 -999.000 -999.000 -999.000 -999.000 -999.000 -999.000 -999.000 -999.000 -999.000 -999.000 -999.000 -999.000 -999.000
0.400 0.132 0.132 0.132 0.132 0.132 0.132 0.132 0.132 0.133 0.249 0.348 0.576 0.522 0.389 0.421 0.441 0.433 0.406 0.426 0.617 0.698 0.621 0.787 0.845 1.058 1.121 1.100 0.867 1.184 1.247 -999.000 -999.000 -999.000 -999.000 -999.000 -999.000 -999.000 -999.000 -999.000 -999.000 -999.000 -999.000 -999.000 -999.000 -999.000 -999.000 -999.000 -999.000 -999.000 -999.000 -999.000 -999.000 -999.000 -999.000 -999.000 -999.000 -999.000 -999.000 -999.000 -999.000 -999.000 -999.000 -999.000 -999.000 -999.000 -999.000 -999.000 -999.000 -999.000 -999.000 -999.000 -999.000
0.140 0.132 0.132 0.132 0.132 0.132 0.132 0.232 0.299 0.397 0.509 0.777 0.953 0.552 0.640 0.410 0.433 0.785 0.790 0.665 0.693 0.504 0.631 0.718 0.884 1.125 1.174 1.238 1.148 -999.000 -999.000 -999.000 -999.000 -999.000 -999.000 -999.000 -999.000 -999.000 -999.000 -999.000 -999.000 -999.000 -999.000 -999.000 -999.000 -999.000 -999.000 -999.000 -999.000 -999.000 -999.000 -999.000 -999.000 -999.000 -999.000 -999.000 -999.000 -999.000 -999.000 -999.000 -999.000 -999.000 -999.000 -999.000 -999.000 -999.000 -999.000 -999.000 -999.000 -999.000 -999.000 -999.000 -999.000
0.132 0.132 0.132 0.132 0.132 0.132 0.296 0.353 0.616 0.740 0.522 0.915 0.894 0.783 0.813 0.467 0.323 0.670 0.648 0.578 0.493 0.652 0.800 0.765 0.808 0.895 0.997 1.285 -999.000 -999.000 -999.000 -999.000 -999.000 -999.000 -999.000 -999.000 -999.000 -999.000 -999.000 -999.000 -999.000 -999.000 -999.000 -999.000 -999.000 -999.000 -999.000 -999.000 -999.000 -999.000 -999.000 -999.000 -999.000 -999.000 -999.000 -999.000 -999.000 -999.000 -999.000 -999.000 -999.000 -999.000 -999.000 -999.000 -999.000 -999.000 -999.000 -999.000 -999.000 -999.000 -999.000 -999.000 -999.000
0.132 0.132 -999.000 0.132 0.132 0.326 0.499 0.724 1.040 1.136 0.820 0.943 0.819 1.021 0.815 0.534 0.324 0.351 0.415 0.465 0.534 0.738 1.065 1.018 1.146 1.099 1.119 1.192 -999.000 -999.000 -999.000 -999.000 -999.000 -999.000 -999.000 -999.000 -999.000 -999.000 -999.000 -999.000 -999.000 -999.000 -999.000 -999.000 -999.000 -999.000 -999.000 -999.000 -999.000 -999.000 -999.000 -999.000 -999.000 -999.000 -999.000 -999.000 -999.000 -999.000 -999.000 -999.000 -999.000 -999.000 -999.000 -999.000 -999.000 -999.000 -999.000 -999.000 -999.000 -999.000 -999.000 -999.000 -999.000
0.132 -999.000 -999.000 -999.000 0.272 0.458 0.811 0.922 1.101 0.883 0.932 1.150 1.033 1.104 0.944 0.715 0.412 0.346 0.608 0.665 0.762 1.015 1.057 1.116 0.879 0.950 0.890 0.928 1.197 -999.000 -999.000 -999.000 -999.000 -999.000 -999.000 -999.000 -999.000 -999.000 -999.000 -999.000 -999.000 -999.000 -999.000 -999.000 -999.000 -999.000 -999.000 -999.000 -999.000 -999.000 -999.000 -999.000 -999.000 -999.000 -999.000 -999.000 -999.000 -999.000 -999.000 -999.000 -999.000 -999.000 -999.000 -999.000 -999.000 -999.000 -999.000 -999.000 -999.000 -999.000 -999.000 -999.000 -999.000
-999.000 -999.000 -999.000 -999.000 -999.000 -999.000 -999.000 -999.000 0.780 0.602 0.787 1.039 0.980 0.913 0.818 0.452 0.286 0.489 0.752 0.559 0.646 1.010 0.793 0.968 0.804 0.753 0.726 0.839 1.016 -999.000 -999.000 -999.000 -999.000 -999.000 -999.000 -999.000 -999.000 -999.000 -999.000 -999.000 -999.000 -999.000 -999.000 -999.000 -999.000 -999.000 -999.000 -999.000 -999.000 -999.000 -999.000 -999.000 -999.000 -999.000 -999.000 -999.000 -999.000 -999.000 -999.000 -999.000 -999.000 -999.000 -999.000 -999.000 -999.000 -999.000 -999.000 -999.000 -999.000 -999.000 -999.000 -999.000 -999.000
-999.000 -999.000 -999.000 -999.000 -999.000 -999.000 -999.000 -999.000 -999.000 0.582 0.753 1.154 1.079 0.871 0.540 0.348 0.406 0.644 0.795 0.545 0.547 0.811 0.657 0.652 0.582 0.593 0.604 0.764 0.868 -999.000 -999.000 -999.000 -999.000 -999.000 -999.000 -999.000 -999.000 -999.000 -999.000 -999.000 -999.000 -999.000 -999.000 -999.000 -999.000 -999.000 -999.000 -999.000 -999.000 -999.000 -999.000 -999.000 -999.000 -999.000 -999.000 -999.000 -999.000 -999.000 -999.000 -999.000 -999.000 -999.000 -999.000 -999.000 -999.000 -999.000 -999.000 -999.000 -999.000 -999.000 -999.000 -999.000 -999.000
