Source/meteoio/tests/2D_interpolations/2009-01-19T12.00.00_TA_ref.asc
ncols               386
nrows               229
xllcorner    479500.000
yllcorner     73500.000
cellsize       1000.000
NODATA_value -999
[rows 116 to 144 of 229, columns 0 to 65 of 386]
-999.000 -999.000 -999.000 -999.000 -999.000 -999.000 -999.000 -999.000 -999.000 -999.000 -999.000 -999.000 -999.000 -999.000 -999.000 -999.000 -999.000 -999.000 -999.000 -999.000 -999.000 -999.000 -999.000 -999.000 -999.000 -999.000 -999.000 -999.000 -999.000 -999.000 -999.000 -999.000 -999.000 -999.000 -999.000 -999.000 -999.000 -999.000 -999.000 -999.000 -999.000 -999.000 -999.000 -999.000 282.056 281.833 282.105 281.956 281.927 282.387 282.450 282.628 282.385 284.510 288.409 287.730 287.797 288.859 289.008 289.108 289.202 289.249 289.478 289.491 289.495 289.499
-999.000 -999.000 -999.000 -999.000 -999.000 -999.000 -999.000 -999.000 -999.000 -999.000 -999.000 -999.000 -999.000 -999.000 -999.000 -999.000 -999.000 -999.000 -999.000 -999.000 -999.000 -999.000 -999.000 -999.000 -999.000 -999.000 -999.000 -999.000 -999.000 -999.000 -999.000 -999.000 -999.000 -999.000 -999.000 -999.000 -999.000 -999.000 -999.000 -999.000 -999.000 -999.000 -999.000 -999.000 281.967 282.002 281.999 280.232 282.472 282.662 282.515 285.196 285.511 287.783 287.887 287.690 287.851 288.075 288.532 288.701 289.176 289.486 289.490 289.494 289.498 289.502
-999.000 -999.000 -999.000 -999.000 -999.000 -999.000 -999.000 -999.000 -999.000 -999.000 -999.000 -999.000 -999.000 -999.000 -999.000 -999.000 -999.000 -999.000 -999.000 -999.000 -999.000 -999.000 -999.000 -999.000 -999.000 -999.000 -999.000 -999.000 -999.000 -999.000 -999.000 -999.000 -999.000 -999.000 -999.000 -999.000 -999.000 -999.000 -999.000 -999.000 -999.000 -999.000 -999.000 -999.000 281.627 280.937 280.170 280.658 280.198 280.039 280.753 284.101 287.558 287.922 288.176 288.409 288.558 288.709 288.750 289.478 289.485 289.489 289.493 289.497 289.501 289.485
-999.000 -999.000 -999.000 -999.000 -999.000 -999.000 -999.000 -999.000 -999.000 -999.000 -999.000 -999.000 -999.000 -999.000 -999.000 -999.000 -999.000 -999.000 -999.000 -999.000 -999.000 -999.000 -999.000 -999.000 -999.000 -999.000 -999.000 -999.000 -999.000 -999.000 -999.000 -999.000 -999.000 -999.000 -999.000 -999.000 -999.000 -999.000 -999.000 -999.000 -999.000 -999.000 -999.000 -999.000 -999.000 280.161 279.536 278.036 281.277 284.551 285.443 287.318 287.773 288.326 288.790 288.788 288.856 289.255 289.414 289.485 289.489 289.493 289.497 289.495 288.921 289.077
-999.000 -999.000 -999.000 -999.000 -999.000 -999.000 -999.000 -999.000 -999.000 -999.000 -999.000 -999.000 -999.000 -999.000 -999.000 -999.000 -999.000 -999.000 -999.000 -999.000 -999.000 -999.000 -999.000 -999.000 -999.000 -999.000 -999.000 -999.000 -999.000 -999.000 -999.000 -999.000 -999.000 -999.000 -999.000 -999.000 -999.000 -999.000 -999.000 -999.000 -999.000 -999.000 -999.000 -999.000 -999.000 281.525 280.452 280.901 281.669 286.010 287.334 286.948 287.892 288.290 288.334 289.364 289.413 289.415 289.421 289.456 289.492 289.495 288.764 288.187 288.633 288.795
-999.000 -999.000 -999.000 -999.000 -999.000 -999.000 -999.000 -999.000 -999.000 -999.000 -999.000 -999.000 -999.000 -999.000 -999.000 -999.000 -999.000 -999.000 -999.000 -999.000 -999.000 -999.000 -999.000 -999.000 -999.000 -999.000 -999.000 -999.000 -999.000 -999.000 -999.000 -999.000 -999.000 -999.000 -999.000 -999.000 -999.000 -999.000 -999.000 -999.000 -999.000 -999.000 -999.000 -999.000 -999.000 279.923 278.214 280.125 285.189 287.293 287.395 287.735 288.037 288.676 289.324 288.343 288.371 289.201 289.432 289.433 289.431 288.775 287.853 287.954 288.357 288.959
-999.000 -999.000 -999.000 -999.000 -999.000 -999.000 -999.000 -999.000 -999.000 -999.000 -999.000 -999.000 -999.000 -999.000 -999.000 -999.000 -999.000 -999.000 -999.000 -999.000 -999.000 -999.000 -999.000 -999.000 -999.000 -999.000 -999.000 -999.000 -999.000 -999.000 -999.000 -999.000 -999.000 -999.000 -999.000 -999.000 -999.000 -999.000 -999.000 -999.000 -999.000 -999.000 -999.000 -999.000 279.541 278.721 279.101 282.933 286.518 287.434 287.448 288.213 289.034 289.290 289.355 289.042 289.226 289.441 289.436 289.430 289.297 288.393 287.391 288.118 288.021 287.946
-999.000 -999.000 -999.000 -999.000 -999.000 -999.000 -999.000 -999.000 -999.000 -999.000 -999.000 -999.000 -999.000 -999.000 -999.000 -999.000 -999.000 -999.000 -999.000 -999.000 -999.000 -999.000 -999.000 -999.000 -999.000 -999.000 -999.000 -999.000 -999.000 -999.000 -999.000 -999.000 -999.000 -999.000 -999.000 -999.000 -999.000 -999.000 -999.000 -999.000 -999.000 -999.000 -999.000 279.418 279.097 280.321 282.116 285.782 287.223 287.510 287.555 288.649 288.810 289.344 289.386 289.416 289.424 289.429 289.407 289.381 288.812 288.172 288.185 287.063 287.091 289.074
-999.000 -999.000 -999.000 -999.000 -999.000 -999.000 -999.000 -999.000 -999.000 -999.000 -999.000 -999.000 -999.000 -999.000 -999.000 -999.000 -999.000 -999.000 -999.000 -999.000 -999.000 -999.000 -999.000 -999.000 -999.000 -999.000 -999.000 -999.000 -999.000 -999.000 -999.000 -999.000 -999.000 -999.000 -999.000 -999.000 -999.000 -999.000 -999.000 -999.000 -999.000 280.758 281.087 281.310 281.295 283.607 285.370 286.602 287.286 287.808 288.460 288.799 289.206 289.414 289.418 289.413 289.423 289.427 288.816 289.270 288.456 288.102 287.886 287.856 288.597 288.299
-999.000 -999.000 -999.000 -999.000 -999.000 -999.000 -999.000 -999.000 -999.000 -999.000 -999.000 -999.000 -999.000 -999.000 -999.000 -999.000 -999.000 -999.000 -999.000 -999.000 -999.000 -999.000 -999.000 -999.000 -999.000 -999.000 -999.000 -999.000 -999.000 -999.000 -999.000 -999.000 -999.000 -999.000 -999.000 -999.000 -999.000 -999.000 -999.000 -999.000 283.287 282.761 282.395 282.875 284.539 285.816 285.689 286.736 287.289 287.910 288.644 288.949 289.380 289.389 289.414 289.424 289.041 288.694 288.239 288.932 288.113 287.739 287.516 287.980 288.856 287.960
-999.000 -999.000 -999.000 -999.000 -999.000 -999.000 -999.000 -999.000 -999.000 -999.000 -999.000 -999.000 -999.000 -999.000 -999.000 -999.000 -999.000 -999.000 -999.000 -999.000 -999.000 -999.000 -999.000 -999.000 -999.000 -999.000 -999.000 -999.000 -999.000 -999.000 -999.000 -999.000 -999.000 -999.000 -999.000 -999.000 -999.000 -999.000 -999.000 284.558 284.928 284.171 284.385 285.544 287.654 287.898 287.358 286.854 287.457 288.054 288.661 289.260 289.371 289.370 289.406 289.008 288.065 288.046 287.876 288.207 287.744 287.001 287.215 287.961 288.760 287.747
-999.000 -999.000 -999.000 -999.000 -999.000 -999.000 -999.000 -999.000 -999.000 -999.000 -999.000 -999.000 -999.000 -999.000 -999.000 -999.000 -999.000 -999.000 -999.000 -999.000 -999.000 -999.000 -999.000 -999.000 -999.000 -999.000 -999.000 -999.000 -999.000 -999.000 -999.000 -999.000 -999.000 -999.000 -999.000 -999.000 -999.000 -999.000 279.329 283.660 285.614 286.370 287.334 286.143 284.030 285.682 286.406 287.227 287.597 288.401 288.465 289.309 289.361 289.380 289.366 288.176 287.697 287.645 287.825 287.669 287.113 286.748 287.067 288.085 288.636 287.561
-999.000 -999.000 -999.000 -999.000 -999.000 -999.000 -999.000 -999.000 -999.000 -999.000 -999.000 -999.000 -999.000 -999.000 -999.000 -999.000 -999.000 -999.000 -999.000 -999.000 -999.000 -999.000 -999.000 -999.000 -999.000 -999.000 -999.000 -999.000 -999.000 -999.000 -999.000 -999.000 -999.000 -999.000 -999.000 -999.000 280.396 280.725 284.880 285.849 285.497 285.044 284.521 282.165 283.752 285.418 286.480 287.172 287.741 288.439 288.240 289.138 289.361 289.366 289.290 288.591 287.959 287.596 287.918 287.503 286.921 286.683 287.152 288.206 288.014 287.576
-999.000 -999.000 -999.000 -999.000 -999.000 -999.000 -999.000 -999.000 -999.000 -999.000 -999.000 -999.000 -999.000 -999.000 -999.000 -999.000 -999.000 -999.000 -999.000 -999.000 -999.000 -999.000 -999.000 -999.000 -999.000 -999.000 -999.000 -999.000 -999.000 -999.000 -999.000 -999.000 -999.000 -999.000 281.582 282.042 282.731 285.827 285.146 284.063 283.659 281.786 281.894 283.133 284.677 285.451 286.417 287.056 287.751 287.844 287.980 289.237 289.363 289.305 288.976 288.681 287.991 287.617 287.931 287.361 286.803 286.685 287.332 288.184 287.686 287.323
-999.000 -999.000 -999.000 -999.000 -999.000 -999.000 -999.000 -999.000 -999.000 -999.000 -999.000 -999.000 -999.000 -999.000 -999.000 -999.000 -999.000 -999.000 -999.000 -999.000 -999.000 -999.000 -999.000 -999.000 -999.000 -999.000 -999.000 -999.000 -999.000 -999.000 -999.000 -999.000 281.283 281.636 281.310 281.614 282.532 284.189 280.182 281.402 282.196 283.937 284.108 284.088 285.538 286.730 286.352 286.988 287.643 287.987 288.255 289.347 289.374 289.336 289.055 288.336 287.621 287.563 287.689 287.119 286.603 286.708 287.648 287.528 287.388 287.507
-999.000 -999.000 -999.000 -999.000 -999.000 -999.000 -999.000 -999.000 -999.000 -999.000 -999.000 -999.000 -999.000 -999.000 -999.000 -999.000 -999.000 -999.000 -999.000 -999.000 -999.000 -999.000 -999.000 -999.000 -999.000 -999.000 -999.000 -999.000 -999.000 -999.000 -999.000 281.084 280.909 281.021 281.114 281.576 283.012 278.523 281.329 283.236 282.900 281.501 281.303 282.588 284.799 285.798 286.256 287.132 287.712 288.169 288.878 289.334 289.374 289.331 288.510 287.877 287.499 287.444 287.550 287.007 286.534 287.065 287.975 287.490 287.158 286.792
-999.000 -999.000 -999.000 -999.000 -999.000 -999.000 -999.000 -999.000 -999.000 -999.000 -999.000 -999.000 -999.000 -999.000 -999.000 -999.000 -999.000 -999.000 -999.000 -999.000 -999.000 -999.000 -999.000 -999.000 -999.000 -999.000 -999.000 -999.000 -999.000 -999.000 280.539 281.273 281.275 281.352 282.118 283.088 281.978 279.780 281.912 282.444 281.634 280.134 280.769 283.981 285.337 286.048 286.683 287.528 287.837 288.457 288.846 289.285 289.374 289.128 288.005 288.330 287.399 287.355 287.288 286.832 286.845 287.530 287.313 287.138 287.293 286.334
-999.000 -999.000 -999.000 -999.000 -999.000 -999.000 -999.000 -999.000 -999.000 -999.000 -999.000 -999.000 -999.000 -999.000 -999.000 -999.000 -999.000 -999.000 -999.000 -999.000 -999.000 -999.000 -999.000 -999.000 -999.000 -999.000 -999.000 -999.000 -999.000 279.407 280.410 281.224 281.941 282.390 282.995 283.066 282.030 282.016 282.282 282.114 280.306 280.868 283.501 285.014 285.827 286.296 287.167 287.415 288.342 288.601 288.816 289.289 289.328 288.750 287.726 287.866 287.449 287.444 287.143 286.941 287.147 287.082 286.925 287.081 286.820 286.200
-999.000 -999.000 -999.000 -999.000 -999.000 -999.000 -999.000 -999.000 -999.000 -999.000 -999.000 -999.000 -999.000 -999.000 -999.000 -999.000 -999.000 -999.000 -999.000 -999.000 -999.000 -999.000 -999.000 -999.000 -999.000 -999.000 -999.000 -999.000 278.674 279.957 281.495 281.931 282.253 282.578 283.066 282.748 281.986 282.002 281.979 280.953 280.963 283.390 284.679 285.676 286.287 286.812 287.500 287.904 288.301 288.714 288.426 288.357 288.653 288.517 287.650 287.725 287.456 287.490 287.209 287.049 287.324 287.167 286.811 286.943 286.376 285.853
-999.000 -999.000 -999.000 -999.000 -999.000 -999.000 -999.000 -999.000 -999.000 -999.000 -999.000 -999.000 -999.000 -999.000 -999.000 -999.000 -999.000 -999.000 -999.000 -999.000 -999.000 -999.000 -999.000 -999.000 -999.000 -999.000 -999.000 279.181 279.823 281.601 281.858 282.437 282.325 283.064 283.068 281.272 280.241 280.821 281.200 281.468 283.197 284.360 285.485 286.207 286.925 287.374 287.827 287.880 288.153 289.092 289.177 289.216 289.275 288.014 287.573 287.769 287.618 287.550 287.352 287.223 287.212 286.988 286.736 286.843 286.803 285.778
-999.000 -999.000 -999.000 -999.000 -999.000 -999.000 -999.000 -999.000 -999.000 -999.000 -999.000 -999.000 -999.000 -999.000 -999.000 -999.000 -999.000 -999.000 -999.000 -999.000 -999.000 -999.000 -999.000 -999.000 -999.000 -999.000 279.268 279.986 281.132 281.824 282.331 283.059 283.063 282.993 280.571 280.045 279.516 280.431 282.467 282.800 284.067 285.227 286.118 286.776 287.300 287.393 287.627 288.365 287.924 288.399 288.612 289.009 289.127 287.743 287.756 287.747 287.702 287.634 287.522 287.401 287.169 286.708 286.619 286.340 286.345 285.071
-999.000 -999.000 -999.000 -999.000 -999.000 -999.000 -999.000 -999.000 -999.000 -999.000 -999.000 -999.000 -999.000 -999.000 -999.000 -999.000 -999.000 -999.000 -999.000 -999.000 -999.000 -999.000 -999.000 -999.000 -999.000 279.037 280.006 280.774 281.604 282.405 283.058 283.061 282.720 279.914 279.202 278.739 279.855 279.048 282.119 283.016 284.757 285.882 286.683 287.135 287.409 287.580 288.159 288.027 287.858 288.069 288.681 289.366 288.343 287.957 287.839 287.841 287.739 287.653 287.361 287.199 286.922 286.561 286.440 285.789 285.566 284.796
-999.000 -999.000 -999.000 -999.000 -999.000 -999.000 -999.000 -999.000 -999.000 -999.000 -999.000 -999.000 -999.000 -999.000 -999.000 -999.000 -999.000 -999.000 -999.000 -999.000 -999.000 -999.000 -999.000 -999.000 279.156 279.771 280.709 281.548 282.452 283.056 283.060 282.473 280.270 279.284 278.365 278.893 279.631 278.837 282.249 284.567 285.731 286.434 287.026 287.119 287.327 287.721 288.106 287.686 287.869 287.993 289.378 288.824 288.500 288.102 287.684 287.707 287.711 287.556 287.379 286.931 286.350 286.147 285.966 285.544 285.001 284.803
-999.000 -999.000 -999.000 -999.000 -999.000 -999.000 -999.000 -999.000 -999.000 -999.000 -999.000 -999.000 -999.000 -999.000 -999.000 -999.000 -999.000 -999.000 -999.000 -999.000 -999.000 -999.000 -999.000 279.233 279.884 280.879 281.303 282.160 282.990 283.041 281.996 280.118 279.376 278.759 278.590 278.321 278.336 281.017 283.364 285.617 286.455 286.852 287.000 287.232 287.355 287.582 288.048 287.553 287.782 288.838 288.834 288.699 288.706 288.155 287.565 287.744 287.691 287.562 287.098 287.098 286.262 286.019 285.295 285.251 284.872 284.468
-999.000 -999.000 -999.000 -999.000 -999.000 -999.000 -999.000 -999.000 -999.000 -999.000 -999.000 -999.000 -999.000 -999.000 -999.000 -999.000 -999.000 -999.000 -999.000 -999.000 -999.000 -999.000 279.501 279.979 280.538 281.430 282.151 282.972 283.001 281.940 280.219 279.480 279.187 278.449 277.262 277.239 279.355 282.596 284.894 286.164 286.821 286.909 287.069 287.188 287.696 287.867 287.963 287.580 287.935 288.161 289.496 288.797 288.556 287.975 287.546 287.749 287.578 287.406 286.665 286.366 286.295 285.721 285.052 285.188 284.864 284.455
-999.000 -999.000 -999.000 -999.000 -999.000 -999.000 -999.000 -999.000 -999.000 -999.000 -999.000 -999.000 -999.000 -999.000 -999.000 -999.000 -999.000 -999.000 -999.000 -999.000 279.252 279.532 280.130 280.972 281.720 282.353 282.734 282.922 281.373 279.827 279.727 279.565 278.430 276.802 276.653 278.034 280.146 281.905 285.792 286.480 286.790 286.914 286.867 287.224 287.452 287.700 287.945 288.050 288.271 288.310 289.167 289.055 288.688 287.789 287.595 287.737 287.543 287.112 286.684 286.311 286.074 285.680 285.527 285.076 284.505 284.637
-999.000 -999.000 -999.000 -999.000 -999.000 -999.000 -999.000 -999.000 -999.000 -999.000 -999.000 -999.000 -999.000 -999.000 -999.000 -999.000 -999.000 -999.000 -999.000 279.380 279.936 280.470 280.564 281.610 281.990 282.643 282.856 281.131 279.266 278.843 279.537 278.397 277.317 276.816 277.882 278.960 279.941 283.173 286.250 286.506 286.810 286.695 286.751 287.298 287.513 287.624 288.098 288.171 288.287 288.698 289.632 289.283 288.661 287.862 287.741 287.842 287.572 287.024 286.705 286.549 286.002 285.858 285.784 284.699 284.411 284.193
-999.000 -999.000 -999.000 -999.000 -999.000 -999.000 -999.000 -999.000 -999.000 -999.000 -999.000 -999.000 -999.000 -999.000 -999.000 -999.000 -999.000 -999.000 -999.000 279.934 280.257 280.825 280.670 281.323 282.630 282.514 281.598 279.442 278.780 279.389 278.837 277.298 277.274 277.909 277.802 279.576 281.967 285.382 286.409 286.633 286.859 286.795 286.734 287.364 287.596 287.812 288.039 288.385 288.834 289.191 289.562 289.053 288.948 288.271 287.868 287.894 287.597 287.068 286.930 286.359 285.458 285.001 285.475 284.794 284.612 284.367
-999.000 -999.000 -999.000 -999.000 -999.000 -999.000 -999.000 -999.000 -999.000 -999.000 -999.000 -999.000 -999.000 -999.000 -999.000 -999.000 -999.000 -999.000 -999.000 -999.000 280.475 280.640 281.182 282.676 282.336 280.471 280.005 279.431 279.269 279.137 278.848 277.561 277.689 278.364 279.112 281.821 285.258 286.280 286.616 286.649 286.688 286.926 286.730 287.362 287.790 288.051 288.111 288.736 288.715 289.256 289.779 289.055 289.001 288.664 288.279 288.261 287.712 287.212 286.550 286.206 285.322 285.172 284.862 284.722 284.912 284.578
