Source/meteoio/tests/2D_interpolations/2009-01-19T12.00.00_RSWR_ref.asc
ncols               386
nrows               229
xllcorner    479500.000
yllcorner     73500.000
cellsize       1000.000
NODATA_value -999
[rows 145 to 173 of 229, columns 132 to 197 of 386]
165.102 165.606 166.170 166.769 167.387 168.006 168.636 169.271 169.922 170.562 171.205 171.847 172.483 173.123 173.774 174.415 175.062 175.709 176.348 176.984 177.618 178.250 178.886 179.515 180.133 180.738 181.330 181.928 182.499 183.042 183.556 184.032 184.471 184.871 185.226 185.532 185.788 185.990 186.143 186.250 186.315 186.351 186.364 186.362 186.346 186.325 186.297 186.276 186.276 186.285 186.305 186.340 186.393 186.465 186.558 186.670 186.799 186.940 187.116 187.338 187.579 187.835 188.105 188.401 188.724 189.075
164.727 165.299 165.907 166.538 167.172 167.805 168.444 169.075 169.722 170.365 171.004 171.642 172.273 172.902 173.544 174.173 174.808 175.444 176.073 176.693 177.308 177.919 178.533 179.140 179.737 180.322 180.889 181.442 181.985 182.514 183.006 183.457 183.870 184.248 184.587 184.885 185.140 185.348 185.515 185.641 185.733 185.798 185.843 185.870 185.879 185.872 185.876 185.890 185.905 185.927 185.959 186.006 186.068 186.148 186.246 186.361 186.487 186.627 186.795 187.002 187.238 187.484 187.740 188.015 188.311 188.632
164.511 165.124 165.752 166.389 167.024 167.658 168.294 168.918 169.555 170.193 170.826 171.457 172.079 172.697 173.326 173.943 174.563 175.185 175.804 176.410 177.005 177.596 178.187 178.771 179.346 179.910 180.457 180.991 181.500 181.991 182.465 182.906 183.305 183.669 183.998 184.289 184.542 184.756 184.934 185.074 185.186 185.272 185.336 185.377 185.411 185.443 185.472 185.499 185.528 185.563 185.608 185.665 185.737 185.824 185.926 186.040 186.164 186.305 186.463 186.652 186.882 187.119 187.361 187.614 187.884 188.177
164.528 165.107 165.710 166.328 166.947 167.567 168.190 168.802 169.424 170.046 170.670 171.291 171.901 172.507 173.122 173.724 174.329 174.935 175.538 176.134 176.712 177.282 177.851 178.413 178.965 179.507 180.032 180.547 181.041 181.512 181.956 182.367 182.749 183.107 183.433 183.723 183.976 184.195 184.377 184.527 184.649 184.750 184.836 184.911 184.973 185.022 185.065 185.106 185.149 185.197 185.253 185.321 185.400 185.493 185.596 185.708 185.832 185.972 186.125 186.301 186.511 186.740 186.969 187.201 187.444 187.710
164.724 165.222 165.770 166.346 166.934 167.525 168.126 168.722 169.324 169.924 170.535 171.144 171.740 172.332 172.932 173.517 174.105 174.695 175.281 175.860 176.428 176.979 177.528 178.068 178.597 179.116 179.620 180.113 180.591 181.047 181.479 181.876 182.243 182.583 182.894 183.176 183.428 183.650 183.839 184.004 184.147 184.269 184.373 184.463 184.539 184.603 184.660 184.715 184.771 184.831 184.898 184.975 185.060 185.155 185.256 185.368 185.493 185.631 185.780 185.941 186.126 186.347 186.562 186.776 186.996 187.235
164.994 165.415 165.900 166.420 166.970 167.526 168.096 168.672 169.253 169.829 170.417 171.011 171.593 172.171 172.754 173.322 173.894 174.465 175.033 175.594 176.145 176.687 177.217 177.737 178.244 178.740 179.223 179.693 180.154 180.596 181.014 181.401 181.759 182.093 182.400 182.679 182.930 183.154 183.348 183.519 183.670 183.803 183.918 184.020 184.109 184.189 184.260 184.328 184.397 184.468 184.544 184.627 184.716 184.808 184.910 185.021 185.147 185.282 185.427 185.577 185.746 185.940 186.143 186.340 186.541 186.755
165.263 165.631 166.058 166.533 167.034 167.562 168.095 168.647 169.201 169.754 170.320 170.890 171.457 172.023 172.587 173.139 173.693 174.247 174.796 175.338 175.871 176.396 176.916 177.419 177.907 178.381 178.844 179.293 179.736 180.163 180.567 180.942 181.291 181.618 181.921 182.197 182.447 182.671 182.869 183.047 183.206 183.348 183.474 183.587 183.690 183.784 183.869 183.949 184.028 184.108 184.191 184.276 184.363 184.457 184.559 184.672 184.796 184.928 185.066 185.209 185.356 185.522 185.710 185.897 186.081 186.269
165.509 165.836 166.225 166.654 167.117 167.606 168.114 168.637 169.164 169.698 170.238 170.781 171.330 171.887 172.428 172.965 173.503 174.039 174.569 175.091 175.606 176.115 176.617 177.108 177.583 178.038 178.484 178.914 179.338 179.752 180.141 180.503 180.844 181.163 181.461 181.733 181.983 182.206 182.408 182.591 182.757 182.908 183.044 183.168 183.282 183.390 183.486 183.577 183.664 183.751 183.835 183.920 184.010 184.105 184.206 184.320 184.441 184.568 184.699 184.833 184.967 185.109 185.265 185.445 185.614 185.779
165.714 166.022 166.376 166.772 167.204 167.660 168.141 168.635 169.136 169.652 170.169 170.686 171.210 171.751 172.277 172.800 173.322 173.840 174.352 174.856 175.352 175.844 176.329 176.804 177.264 177.709 178.139 178.555 178.961 179.362 179.737 180.088 180.420 180.732 181.024 181.293 181.541 181.763 181.968 182.156 182.328 182.486 182.631 182.764 182.888 183.006 183.114 183.212 183.304 183.391 183.477 183.565 183.656 183.751 183.853 183.965 184.082 184.203 184.327 184.451 184.572 184.692 184.827 184.983 185.140 185.286
165.880 166.172 166.511 166.880 167.283 167.716 168.169 168.635 169.117 169.610 170.105 170.601 171.107 171.617 172.130 172.641 173.148 173.650 174.144 174.629 175.108 175.584 176.052 176.510 176.955 177.385 177.803 178.209 178.601 178.990 179.355 179.696 180.019 180.325 180.611 180.876 181.121 181.344 181.551 181.742 181.920 182.083 182.235 182.376 182.507 182.631 182.746 182.847 182.942 183.032 183.122 183.212 183.304 183.399 183.501 183.609 183.721 183.835 183.949 184.061 184.170 184.283 184.394 184.518 184.658 184.788
166.011 166.296 166.616 166.970 167.355 167.764 168.190 168.636 169.098 169.568 170.042 170.522 171.011 171.495 171.985 172.485 172.979 173.465 173.943 174.412 174.876 175.336 175.787 176.228 176.657 177.072 177.475 177.869 178.253 178.631 178.988 179.322 179.639 179.940 180.220 180.482 180.724 180.946 181.154 181.348 181.529 181.697 181.853 181.998 182.132 182.258 182.377 182.485 182.584 182.679 182.771 182.862 182.954 183.048 183.149 183.253 183.358 183.463 183.566 183.666 183.770 183.872 183.968 184.065 184.166 184.284
166.104 166.388 166.701 167.043 167.409 167.796 168.205 168.634 169.075 169.524 169.980 170.449 170.915 171.380 171.852 172.328 172.811 173.284 173.747 174.202 174.653 175.097 175.533 175.958 176.372 176.773 177.161 177.543 177.917 178.278 178.627 178.957 179.271 179.568 179.844 180.104 180.343 180.565 180.773 180.967 181.149 181.318 181.475 181.622 181.761 181.892 182.014 182.129 182.233 182.330 182.424 182.516 182.608 182.700 182.798 182.896 182.993 183.087 183.179 183.274 183.369 183.460 183.542 183.618 -999.000 -999.000
166.171 166.455 166.762 167.092 167.443 167.818 168.213 168.623 169.044 169.475 169.919 170.371 170.818 171.271 171.726 172.184 172.641 173.103 173.554 173.997 174.437 174.867 175.289 175.699 176.098 176.486 176.863 177.231 177.595 177.941 178.280 178.604 178.912 179.204 179.477 179.733 179.969 180.190 180.398 180.593 180.776 180.947 181.107 181.257 181.399 181.534 181.660 181.779 181.889 181.988 182.083 182.175 182.265 182.355 182.447 182.538 182.625 182.710 182.797 182.884 -999.000 -999.000 -999.000 -999.000 -999.000 -999.000
166.206 166.493 166.795 167.120 167.465 167.828 168.208 168.601 169.006 169.425 169.856 170.286 170.721 171.162 171.604 172.045 172.484 172.922 173.360 173.796 174.225 174.644 175.052 175.450 175.837 176.212 176.577 176.934 177.286 177.621 177.947 178.265 178.568 178.855 179.124 179.377 179.609 179.829 180.037 180.232 180.416 180.588 180.750 180.903 181.048 181.185 181.314 181.436 181.550 181.652 181.748 181.838 181.924 182.011 182.096 182.177 182.258 182.339 -999.000 -999.000 -999.000 -999.000 -999.000 -999.000 -999.000 -999.000
166.216 166.508 166.812 167.132 167.469 167.821 168.188 168.568 168.964 169.372 169.782 170.199 170.623 171.051 171.481 171.908 172.332 172.752 173.172 173.593 174.014 174.423 174.821 175.208 175.584 175.949 176.304 176.652 176.990 177.315 177.629 177.941 178.239 178.521 178.786 179.035 179.265 179.484 179.690 179.885 180.069 180.243 180.406 180.561 180.708 180.847 180.977 181.100 181.215 181.321 181.415 181.503 181.585 181.666 181.743 181.822 181.898 181.974 -999.000 -999.000 -999.000 -999.000 -999.000 -999.000 -999.000 -999.000
166.206 166.502 166.808 167.124 167.453 167.797 168.156 168.530 168.915 169.305 169.704 170.111 170.523 170.939 171.355 171.770 172.182 172.589 172.995 173.401 173.802 174.201 174.591 174.970 175.337 175.694 176.042 176.382 176.707 177.022 177.327 177.631 177.925 178.202 178.463 178.708 178.936 179.153 179.358 179.553 179.737 179.910 180.074 180.230 180.378 180.517 180.648 180.770 180.885 180.991 181.085 181.169 181.245 181.324 181.401 -999.000 -999.000 -999.000 -999.000 -999.000 -999.000 -999.000 -999.000 -999.000 -999.000 -999.000
166.174 166.474 166.783 167.097 167.423 167.764 168.118 168.481 168.852 169.232 169.622 170.019 170.420 170.823 171.227 171.630 172.030 172.429 172.826 173.218 173.604 173.986 174.360 174.731 175.092 175.443 175.787 176.118 176.433 176.740 177.039 177.332 177.622 177.896 178.154 178.395 178.620 178.835 179.039 179.232 179.416 179.589 179.752 179.908 180.056 180.194 180.324 180.445 180.557 180.659 180.753 180.835 180.914 180.991 181.066 -999.000 -999.000 -999.000 -999.000 -999.000 -999.000 -999.000 -999.000 -999.000 -999.000 -999.000
166.123 166.428 166.741 167.059 167.385 167.720 168.064 168.418 168.782 169.155 169.536 169.922 170.312 170.704 171.096 171.488 171.879 172.270 172.657 173.040 173.415 173.783 174.144 174.500 174.848 175.193 175.533 175.857 176.165 176.465 176.759 177.044 177.329 177.599 177.854 178.092 178.315 178.528 178.730 178.922 179.104 179.276 179.438 179.593 179.739 179.875 180.002 180.120 180.227 180.329 180.425 180.512 180.592 180.668 -999.000 -999.000 -999.000 -999.000 -999.000 -999.000 -999.000 -999.000 -999.000 -999.000 -999.000 -999.000
166.055 166.371 166.687 167.006 167.328 167.659 167.999 168.349 168.707 169.073 169.444 169.820 170.200 170.581 170.963 171.345 171.728 172.110 172.488 172.861 173.227 173.587 173.939 174.283 174.621 174.956 175.281 175.594 175.898 176.193 176.482 176.763 177.039 177.307 177.560 177.795 178.017 178.227 178.428 178.617 178.797 178.967 179.128 179.281 179.423 179.556 179.681 179.800 179.910 180.012 180.108 180.196 180.277 180.348 180.411 180.466 -999.000 -999.000 -999.000 -999.000 -999.000 -999.000 -999.000 -999.000 -999.000 -999.000
165.968 166.294 166.614 166.938 167.260 167.590 167.928 168.273 168.625 168.983 169.346 169.713 170.083 170.455 170.827 171.203 171.577 171.949 172.318 172.682 173.039 173.391 173.735 174.074 174.406 174.732 175.046 175.348 175.643 175.929 176.209 176.483 176.750 177.014 177.266 177.499 177.719 177.928 178.126 178.314 178.491 178.658 178.819 178.972 179.115 179.250 179.375 179.494 179.604 179.705 179.798 179.882 179.962 180.031 180.090 180.139 -999.000 -999.000 -999.000 -999.000 -999.000 -999.000 -999.000 -999.000 -999.000 -999.000
165.871 166.205 166.531 166.858 167.185 167.513 167.848 168.189 168.536 168.887 169.243 169.601 169.963 170.326 170.693 171.060 171.425 171.788 172.148 172.503 172.852 173.196 173.534 173.867 174.196 174.512 174.819 175.115 175.403 175.683 175.954 176.221 176.482 176.735 176.984 177.213 177.431 177.638 177.835 178.022 178.199 178.367 178.527 178.679 178.823 178.956 179.081 179.197 179.303 179.401 179.490 179.571 179.648 179.717 179.773 179.817 -999.000 -999.000 -999.000 -999.000 -999.000 -999.000 -999.000 -999.000 -999.000 -999.000
165.765 166.104 166.437 166.767 167.099 167.427 167.760 168.097 168.439 168.784 169.133 169.485 169.840 170.198 170.557 170.916 171.273 171.627 171.978 172.325 172.667 173.004 173.336 173.664 173.984 174.294 174.594 174.886 175.170 175.446 175.713 175.973 176.228 176.473 176.716 176.943 177.159 177.364 177.560 177.745 177.921 178.089 178.248 178.398 178.539 178.670 178.791 178.904 179.007 179.102 179.188 179.265 179.339 179.404 179.460 -999.000 -999.000 -999.000 -999.000 -999.000 -999.000 -999.000 -999.000 -999.000 -999.000 -999.000
165.651 165.993 166.335 166.667 167.001 167.331 167.663 167.997 168.335 168.676 169.020 169.368 169.717 170.068 170.420 170.770 171.119 171.466 171.809 172.148 172.483 172.814 173.141 173.463 173.775 174.078 174.373 174.661 174.941 175.212 175.475 175.730 175.979 176.220 176.454 176.679 176.894 177.098 177.292 177.476 177.650 177.817 177.974 178.121 178.259 178.387 178.506 178.616 178.716 178.807 178.890 178.964 -999.000 -999.000 -999.000 -999.000 -999.000 -999.000 -999.000 -999.000 -999.000 -999.000 -999.000 -999.000 -999.000 -999.000
165.529 165.874 166.222 166.558 166.893 167.225 167.557 167.891 168.226 168.564 168.905 169.248 169.592 169.937 170.281 170.624 170.966 171.305 171.641 171.973 172.302 172.628 172.951 173.263 173.568 173.865 174.155 174.439 174.714 174.982 175.241 175.492 175.734 175.971 176.200 176.418 176.632 176.834 177.027 177.210 177.384 177.548 177.703 177.848 177.984 178.110 178.226 178.333 178.430 178.519 178.598 178.669 -999.000 -999.000 -999.000 -999.000 -999.000 -999.000 -999.000 -999.000 -999.000 -999.000 -999.000 -999.000 -999.000 -999.000
165.400 165.748 166.099 166.441 166.778 167.112 167.444 167.778 168.113 168.449 168.787 169.125 169.464 169.803 170.141 170.478 170.812 171.145 171.474 171.801 172.125 172.447 172.760 173.065 173.363 173.656 173.942 174.221 174.492 174.756 175.011 175.258 175.496 175.726 175.951 176.161 176.373 176.575 176.766 176.948 177.121 177.285 177.438 177.581 177.714 177.838 177.952 178.056 178.151 178.236 178.313 -999.000 -999.000 -999.000 -999.000 -999.000 -999.000 -999.000 -999.000 -999.000 -999.000 -999.000 -999.000 -999.000 -999.000 -999.000
165.266 165.616 165.969 166.319 166.657 166.995 167.327 167.660 167.995 168.330 168.665 168.999 169.333 169.667 169.999 170.330 170.659 170.986 171.311 171.633 171.953 172.265 172.571 172.870 173.164 173.452 173.733 174.008 174.275 174.534 174.786 175.029 175.264 175.487 175.708 175.915 176.117 176.319 176.510 176.692 176.864 177.026 177.178 177.319 177.451 177.572 177.684 177.786 177.878 -999.000 -999.000 -999.000 -999.000 -999.000 -999.000 -999.000 -999.000 -999.000 -999.000 -999.000 -999.000 -999.000 -999.000 -999.000 -999.000 -999.000
165.128 165.482 165.837 166.193 166.533 166.872 167.205 167.538 167.870 168.204 168.538 168.870 169.200 169.530 169.857 170.183 170.508 170.830 171.150 171.468 171.780 172.085 172.385 172.679 172.969 173.252 173.529 173.799 174.062 174.317 174.565 174.805 175.036 175.255 175.470 175.674 175.871 176.067 176.258 176.440 176.612 176.773 176.923 177.064 177.193 177.313 177.423 177.522 177.612 -999.000 -999.000 -999.000 -999.000 -999.000 -999.000 -999.000 -999.000 -999.000 -999.000 -999.000 -999.000 -999.000 -999.000 -999.000 -999.000 -999.000
164.987 165.344 165.701 166.061 166.405 166.745 167.080 167.411 167.742 168.074 168.405 168.736 169.065 169.391 169.715 170.037 170.358 170.677 170.993 171.303 171.608 171.908 172.203 172.493 172.778 173.057 173.329 173.595 173.854 174.105 174.349 174.585 174.813 175.030 175.240 175.439 175.633 175.821 176.011 176.193 176.364 176.525 176.675 176.814 176.942 177.061 177.168 177.266 -999.000 -999.000 -999.000 -999.000 -999.000 -999.000 -999.000 -999.000 -999.000 -999.000 -999.000 -999.000 -999.000 -999.000 -999.000 -999.000 -999.000 -999.000
164.844 165.203 165.562 165.923 166.273 166.614 166.950 167.281 167.611 167.941 168.270 168.598 168.925 169.250 169.573 169.893 170.211 170.525 170.834 171.139 171.439 171.734 172.025 172.311 172.591 172.866 173.134 173.396 173.650 173.898 174.138 174.371 174.596 174.810 175.017 175.211 175.401 175.588 175.768 175.951 176.122 176.283 176.432 176.570 176.698 176.815 176.921 177.017 -999.000 -999.000 -999.000 -999.000 -999.000 -999.000 -999.000 -999.000 -999.000 -999.000 -999.000 -999.000 -999.000 -999.000 -999.000 -999.000 -999.000 -999.000
