Source/meteoio/tests/2D_interpolations/2009-01-19T12.00.00_RSWR_ref.asc
ncols               386
nrows               229
xllcorner    479500.000
yllcorner     73500.000
cellsize       1000.000
NODATA_value -999
[rows 145 to 173 of 229, columns 66 to 131 of 386]
131.519 131.582 131.659 131.747 131.846 131.958 132.082 132.219 132.367 132.528 132.700 132.883 133.077 133.281 133.496 133.720 133.953 134.195 134.443 134.699 134.960 135.227 135.498 135.774 136.054 136.339 136.626 136.913 137.201 137.495 137.789 138.083 138.373 138.659 138.940 139.215 139.483 139.745 139.998 140.243 140.479 140.705 140.921 141.125 141.314 141.489 141.648 141.792 141.921 142.026 142.116 142.183 142.224 142.240 142.228 142.181 142.100 141.971 141.805 141.586 141.323 141.029 140.735 140.506 140.459 140.675
131.024 131.084 131.158 131.244 131.343 131.455 131.580 131.718 131.868 132.032 132.208 132.396 132.596 132.807 133.028 133.260 133.502 133.752 134.010 134.275 134.547 134.824 135.107 135.394 135.685 135.982 136.280 136.578 136.877 137.181 137.483 137.782 138.082 138.379 138.670 138.956 139.235 139.507 139.770 140.026 140.271 140.507 140.732 140.945 141.142 141.325 141.491 141.643 141.777 141.888 141.982 142.053 142.096 142.113 142.100 142.048 141.965 141.830 141.645 141.403 141.098 140.739 140.335 139.962 139.828 140.109
130.510 130.567 130.638 130.722 130.820 130.932 131.057 131.196 131.349 131.516 131.697 131.890 132.095 132.312 132.541 132.781 133.032 133.291 133.559 133.835 134.117 134.406 134.701 134.999 135.303 135.611 135.922 136.233 136.544 136.859 137.172 137.482 137.788 138.093 138.395 138.692 138.982 139.265 139.539 139.804 140.060 140.306 140.541 140.763 140.971 141.162 141.337 141.496 141.638 141.756 141.857 141.933 141.981 142.003 141.992 141.944 141.861 141.728 141.540 141.291 140.973 140.578 140.109 139.619 139.376 139.756
129.977 130.030 130.098 130.181 130.277 130.389 130.515 130.655 130.811 130.981 131.165 131.363 131.575 131.799 132.035 132.283 132.543 132.812 133.090 133.377 133.671 133.972 134.278 134.590 134.906 135.228 135.551 135.875 136.199 136.526 136.852 137.174 137.493 137.807 138.115 138.422 138.724 139.018 139.303 139.579 139.846 140.101 140.348 140.581 140.798 140.999 141.184 141.352 141.503 141.630 141.738 141.823 141.879 141.908 141.906 141.865 141.791 141.667 141.494 141.259 140.957 140.587 140.152 139.721 139.531 139.861
129.425 129.475 129.540 129.620 129.716 129.827 129.953 130.095 130.253 130.426 130.615 130.818 131.035 131.266 131.510 131.767 132.035 132.315 132.604 132.901 133.207 133.520 133.840 134.165 134.494 134.829 135.167 135.505 135.843 136.183 136.523 136.858 137.189 137.516 137.836 138.150 138.460 138.766 139.063 139.350 139.628 139.895 140.152 140.396 140.624 140.836 141.031 141.210 141.371 141.508 141.626 141.721 141.788 141.828 141.838 141.811 141.751 141.645 141.498 141.298 141.039 140.737 140.411 140.134 140.057 140.288
128.856 128.901 128.964 129.042 129.136 129.247 129.373 129.517 129.677 129.853 130.046 130.255 130.478 130.715 130.967 131.232 131.510 131.800 132.100 132.409 132.727 133.052 133.385 133.724 134.067 134.417 134.769 135.122 135.474 135.829 136.183 136.533 136.878 137.218 137.551 137.877 138.196 138.509 138.818 139.117 139.406 139.685 139.953 140.209 140.449 140.672 140.879 141.069 141.241 141.389 141.519 141.626 141.706 141.759 141.785 141.776 141.735 141.656 141.544 141.386 141.194 140.974 140.761 140.610 140.601 140.792
128.271 128.312 128.372 128.448 128.540 128.650 128.777 128.922 129.085 129.264 129.461 129.674 129.904 130.148 130.408 130.681 130.968 131.268 131.579 131.900 132.230 132.568 132.915 133.267 133.625 133.989 134.356 134.725 135.093 135.462 135.832 136.196 136.556 136.911 137.258 137.598 137.930 138.253 138.568 138.879 139.181 139.471 139.751 140.018 140.271 140.507 140.725 140.927 141.112 141.273 141.415 141.536 141.632 141.699 141.744 141.757 141.739 141.695 141.615 141.510 141.381 141.241 141.117 141.058 141.095 141.268
127.672 127.709 127.765 127.839 127.930 128.039 128.167 128.313 128.477 128.660 128.861 129.079 129.314 129.566 129.833 130.115 130.411 130.721 131.043 131.375 131.718 132.069 132.429 132.796 133.168 133.547 133.930 134.314 134.698 135.083 135.468 135.849 136.225 136.595 136.957 137.311 137.657 137.993 138.321 138.638 138.951 139.254 139.545 139.825 140.090 140.339 140.571 140.785 140.982 141.159 141.313 141.450 141.562 141.648 141.711 141.749 141.757 141.742 141.702 141.646 141.576 141.505 141.456 141.454 141.527 141.695
127.060 127.092 127.146 127.217 127.307 127.416 127.544 127.691 127.857 128.043 128.248 128.471 128.712 128.970 129.244 129.535 129.840 130.160 130.493 130.837 131.191 131.556 131.930 132.311 132.698 133.092 133.490 133.891 134.291 134.691 135.094 135.491 135.883 136.269 136.647 137.017 137.377 137.728 138.068 138.398 138.718 139.033 139.336 139.628 139.907 140.169 140.414 140.641 140.852 141.044 141.213 141.364 141.494 141.600 141.682 141.744 141.782 141.797 141.797 141.781 141.763 141.751 141.756 141.798 141.900 142.068
126.433 126.454 126.497 126.561 126.644 126.749 126.875 127.022 127.191 127.381 127.592 127.824 128.076 128.346 128.635 128.940 129.257 129.587 129.930 130.286 130.653 131.030 131.417 131.812 132.215 132.623 133.038 133.454 133.872 134.288 134.707 135.122 135.530 135.933 136.328 136.714 137.090 137.455 137.810 138.154 138.486 138.808 139.124 139.428 139.719 139.995 140.254 140.495 140.719 140.927 141.112 141.278 141.426 141.552 141.656 141.740 141.807 141.854 141.885 141.911 141.936 141.965 142.019 142.099 142.223 142.397
125.764 125.766 125.795 125.848 125.924 126.023 126.147 126.294 126.465 126.660 126.878 127.120 127.384 127.670 127.978 128.303 128.637 128.987 129.351 129.724 130.102 130.493 130.893 131.303 131.719 132.143 132.573 133.007 133.441 133.874 134.309 134.741 135.167 135.587 136.000 136.402 136.794 137.176 137.546 137.904 138.250 138.584 138.907 139.224 139.528 139.818 140.091 140.347 140.585 140.806 141.010 141.191 141.356 141.503 141.629 141.735 141.827 141.905 141.970 142.027 142.087 142.157 142.245 142.356 142.496 142.680
125.035 125.037 125.064 125.116 125.191 125.290 125.414 125.562 125.735 125.933 126.155 126.400 126.670 126.961 127.274 127.608 127.963 128.339 128.734 129.126 129.531 129.946 130.359 130.783 131.214 131.652 132.099 132.548 132.999 133.449 133.901 134.351 134.794 135.231 135.661 136.082 136.491 136.888 137.274 137.648 138.008 138.356 138.692 139.016 139.334 139.637 139.924 140.195 140.448 140.684 140.903 141.103 141.284 141.450 141.598 141.728 141.842 141.946 142.042 142.132 142.221 142.319 142.433 142.569 142.729 142.918
124.311 124.307 124.329 124.376 124.447 124.544 124.667 124.815 124.990 125.191 125.418 125.670 125.947 126.247 126.569 126.912 127.276 127.659 128.061 128.480 128.918 129.360 129.803 130.254 130.700 131.153 131.614 132.080 132.547 133.015 133.483 133.951 134.412 134.867 135.314 135.753 136.179 136.594 136.996 137.385 137.761 138.124 138.473 138.809 139.135 139.452 139.754 140.039 140.307 140.558 140.792 141.011 141.209 141.392 141.560 141.713 141.852 141.978 142.098 142.216 142.335 142.460 142.597 142.753 142.931 143.128
123.575 123.560 123.573 123.613 123.678 123.771 123.891 124.039 124.216 124.421 124.654 124.914 125.201 125.512 125.847 126.203 126.580 126.976 127.390 127.821 128.267 128.729 129.208 129.690 130.167 130.646 131.122 131.603 132.087 132.572 133.056 133.542 134.021 134.494 134.959 135.415 135.860 136.292 136.711 137.117 137.508 137.886 138.249 138.600 138.936 139.263 139.579 139.879 140.162 140.428 140.678 140.912 141.130 141.330 141.516 141.690 141.851 142.002 142.145 142.284 142.425 142.573 142.731 142.905 143.098 143.304
-999.000 -999.000 122.785 122.814 122.872 122.959 123.076 123.223 123.402 123.612 123.852 124.121 124.419 124.744 125.094 125.467 125.862 126.276 126.708 127.155 127.616 128.091 128.580 129.084 129.603 130.111 130.620 131.120 131.620 132.121 132.622 133.125 133.623 134.113 134.596 135.070 135.533 135.983 136.419 136.841 137.250 137.643 138.021 138.385 138.735 139.071 139.400 139.714 140.012 140.294 140.559 140.809 141.043 141.264 141.466 141.658 141.839 142.012 142.177 142.339 142.500 142.666 142.840 143.027 143.231 143.451
-999.000 -999.000 -999.000 -999.000 -999.000 -999.000 -999.000 122.361 122.542 122.756 123.004 123.284 123.595 123.936 124.304 124.696 125.112 125.548 126.002 126.472 126.954 127.448 127.954 128.471 129.000 129.542 130.089 130.622 131.148 131.665 132.182 132.702 133.217 133.726 134.226 134.717 135.199 135.667 136.121 136.560 136.985 137.394 137.788 138.167 138.531 138.880 139.217 139.546 139.859 140.155 140.436 140.701 140.951 141.188 141.411 141.620 141.818 142.009 142.194 142.376 142.557 142.741 142.931 143.132 143.346 143.576
-999.000 -999.000 -999.000 -999.000 -999.000 -999.000 -999.000 121.451 121.633 121.852 122.108 122.399 122.724 123.082 123.470 123.884 124.323 124.785 125.265 125.761 126.270 126.789 127.318 127.855 128.401 128.955 129.521 130.102 130.656 131.205 131.738 132.274 132.806 133.333 133.850 134.359 134.858 135.345 135.817 136.273 136.715 137.141 137.551 137.944 138.323 138.686 139.034 139.373 139.700 140.012 140.308 140.588 140.854 141.106 141.346 141.574 141.791 141.997 142.199 142.397 142.595 142.795 143.000 143.212 143.436 143.673
-999.000 -999.000 -999.000 -999.000 -999.000 -999.000 120.350 120.493 120.677 120.901 121.165 121.468 121.808 122.183 122.591 123.030 123.494 123.983 124.492 125.019 125.558 126.107 126.664 127.228 127.797 128.371 128.950 129.540 130.142 130.723 131.291 131.841 132.391 132.935 133.470 133.996 134.512 135.018 135.507 135.982 136.440 136.882 137.308 137.717 138.110 138.487 138.849 139.198 139.538 139.864 140.175 140.471 140.752 141.019 141.274 141.517 141.751 141.978 142.196 142.408 142.619 142.832 143.049 143.272 143.504 143.748
-999.000 -999.000 -999.000 -999.000 -999.000 -999.000 119.361 119.503 119.688 119.916 120.185 120.496 120.848 121.242 121.671 122.134 122.625 123.143 123.683 124.242 124.815 125.398 125.987 126.582 127.180 127.779 128.381 128.987 129.599 130.220 130.822 131.406 131.973 132.534 133.087 133.630 134.163 134.685 135.193 135.685 136.161 136.620 137.062 137.487 137.894 138.286 138.661 139.022 139.372 139.712 140.037 140.348 140.644 140.926 141.196 141.455 141.703 141.943 142.178 142.407 142.635 142.861 143.090 143.323 143.563 143.813
-999.000 -999.000 -999.000 -999.000 -999.000 -999.000 118.346 118.485 118.672 118.905 119.184 119.507 119.873 120.280 120.724 121.202 121.719 122.266 122.838 123.431 124.039 124.659 125.285 125.915 126.546 127.176 127.805 128.433 129.063 129.695 130.335 130.953 131.554 132.131 132.701 133.261 133.811 134.349 134.875 135.385 135.878 136.354 136.812 137.252 137.675 138.081 138.471 138.844 139.204 139.556 139.895 140.220 140.531 140.828 141.113 141.386 141.648 141.903 142.150 142.392 142.632 142.871 143.110 143.353 143.601 143.857
-999.000 -999.000 -999.000 -999.000 -999.000 -999.000 117.271 117.406 117.594 117.833 118.124 118.464 118.851 119.282 119.752 120.259 120.797 121.364 121.962 122.589 123.234 123.891 124.556 125.224 125.892 126.557 127.218 127.875 128.528 129.178 129.829 130.486 131.119 131.727 132.314 132.891 133.457 134.012 134.554 135.082 135.592 136.084 136.559 137.015 137.453 137.874 138.277 138.664 139.036 139.397 139.750 140.088 140.413 140.724 141.023 141.310 141.587 141.855 142.115 142.370 142.621 142.870 143.120 143.371 143.627 143.888
-999.000 -999.000 -999.000 -999.000 -999.000 116.055 116.128 116.259 116.447 116.694 116.997 117.356 117.766 118.225 118.728 119.270 119.846 120.449 121.077 121.726 122.402 123.098 123.803 124.510 125.218 125.922 126.619 127.307 127.989 128.663 129.332 130.000 130.676 131.314 131.927 132.521 133.104 133.674 134.232 134.777 135.304 135.813 136.304 136.776 137.229 137.664 138.081 138.482 138.867 139.237 139.601 139.952 140.290 140.615 140.927 141.228 141.518 141.799 142.073 142.340 142.602 142.862 143.121 143.381 143.643 143.910
-999.000 -999.000 -999.000 114.917 114.856 114.857 114.920 115.045 115.234 115.488 115.805 116.182 116.618 117.108 117.646 118.228 118.846 119.494 120.166 120.857 121.563 122.284 123.029 123.778 124.526 125.270 126.006 126.730 127.445 128.147 128.839 129.523 130.208 130.893 131.538 132.152 132.751 133.337 133.911 134.470 135.014 135.540 136.047 136.535 137.003 137.453 137.884 138.298 138.695 139.078 139.450 139.814 140.164 140.501 140.827 141.140 141.443 141.737 142.022 142.301 142.574 142.844 143.112 143.380 143.650 143.923
-999.000 -999.000 -999.000 113.707 113.621 113.604 113.655 113.775 113.965 114.225 114.555 114.952 115.413 115.933 116.508 117.132 117.796 118.493 119.216 119.957 120.711 121.474 122.242 123.029 123.819 124.604 125.381 126.144 126.893 127.628 128.347 129.053 129.751 130.454 131.138 131.785 132.400 133.002 133.591 134.166 134.724 135.267 135.790 136.293 136.777 137.241 137.686 138.112 138.523 138.917 139.297 139.673 140.035 140.385 140.722 141.048 141.363 141.668 141.965 142.254 142.538 142.818 143.094 143.370 143.647 143.925
-999.000 -999.000 -999.000 -999.000 112.347 112.312 112.352 112.466 112.656 112.922 113.264 113.678 114.163 114.714 115.325 115.989 116.700 117.448 118.225 119.022 119.831 120.645 121.461 122.276 123.101 123.928 124.746 125.549 126.336 127.105 127.855 128.586 129.304 130.018 130.734 131.411 132.052 132.670 133.274 133.863 134.437 134.993 135.533 136.051 136.550 137.028 137.487 137.927 138.349 138.756 139.147 139.530 139.904 140.266 140.615 140.951 141.277 141.593 141.901 142.201 142.494 142.783 143.068 143.351 143.634 143.917
-999.000 -999.000 -999.000 -999.000 111.036 110.968 110.987 111.090 111.282 111.560 111.923 112.369 112.886 113.465 114.109 114.813 115.569 116.368 117.200 118.054 118.922 119.795 120.665 121.529 122.384 123.246 124.105 124.949 125.773 126.580 127.362 128.123 128.863 129.592 130.319 131.036 131.708 132.341 132.960 133.564 134.152 134.723 135.276 135.810 136.324 136.816 137.289 137.742 138.176 138.594 138.996 139.386 139.771 140.144 140.505 140.853 141.189 141.516 141.833 142.142 142.444 142.741 143.034 143.324 143.613 143.901
-999.000 -999.000 -999.000 -999.000 -999.000 109.492 109.488 109.582 109.773 110.061 110.446 110.925 111.498 112.163 112.869 113.620 114.418 115.264 116.149 117.061 117.989 118.923 119.852 120.772 121.677 122.567 123.462 124.346 125.211 126.053 126.871 127.662 128.429 129.176 129.916 130.653 131.356 132.018 132.651 133.269 133.872 134.457 135.023 135.570 136.098 136.605 137.091 137.557 138.003 138.432 138.845 139.245 139.637 140.021 140.392 140.751 141.098 141.435 141.762 142.080 142.391 142.696 142.996 143.292 143.587 143.881
-999.000 -999.000 -999.000 -999.000 -999.000 -999.000 107.971 108.053 108.244 108.544 108.951 109.459 110.059 110.745 111.516 112.375 113.256 114.152 115.087 116.054 117.040 118.035 119.027 120.006 120.966 121.904 122.823 123.747 124.650 125.529 126.382 127.205 128.000 128.770 129.525 130.272 131.011 131.700 132.348 132.980 133.596 134.195 134.774 135.335 135.875 136.396 136.895 137.373 137.832 138.272 138.695 139.104 139.504 139.896 140.278 140.647 141.005 141.351 141.687 142.015 142.334 142.647 142.954 143.257 143.557 143.856
-999.000 -999.000 -999.000 -999.000 -999.000 -999.000 -999.000 106.414 106.605 106.924 107.366 107.924 108.583 109.330 110.152 111.042 112.004 113.023 114.028 115.045 116.088 117.142 118.195 119.235 120.253 121.244 122.207 123.154 124.095 125.011 125.899 126.755 127.578 128.373 129.146 129.906 130.661 131.379 132.052 132.697 133.326 133.938 134.531 135.104 135.657 136.189 136.701 137.192 137.662 138.113 138.547 138.965 139.371 139.773 140.163 140.542 140.909 141.264 141.610 141.946 142.273 142.593 142.907 143.216 143.522 143.826
