Source/meteoio/tests/2D_interpolations/2009-01-19T12.00.00_P_ref.asc
ncols               386
nrows               229
xllcorner    479500.000
yllcorner     73500.000
cellsize       1000.000
NODATA_value -999
[rows 108 to 134 of 229, columns 120 to 179 of 386]
91504.169 91745.715 91515.449 93066.456 95128.694 95265.268 95291.551 95256.128 95039.823 94489.171 94478.276 93370.684 92620.224 91316.338 91170.819 93085.966 93314.718 93462.672 93362.591 92843.682 92960.783 92522.884 92359.871 90960.431 90185.752 92535.940 93043.700 92289.698 90126.754 89771.572 90562.879 88653.871 88415.519 90460.616 91910.067 90808.010 92132.133 90630.667 90502.913 88933.257 85376.031 83302.395 87141.707 89549.251 91121.326 88753.285 82948.702 83933.738 79682.741 81286.731 81156.644 84438.975 84743.779 84111.825 82734.606 85654.125 87157.225 88503.629 89764.604 90865.831
91410.545 91325.501 91317.773 91700.400 93772.915 95211.008 95064.915 95257.842 95237.164 94775.550 94435.837 93611.606 92462.981 91272.519 92315.868 93643.151 92949.023 92347.058 91719.233 91184.270 91985.448 91523.301 91485.593 90809.988 89709.747 90349.254 92324.667 91635.062 89107.682 88561.224 88839.401 87832.717 88179.726 88549.488 89713.120 90877.047 92081.994 90330.759 89426.101 86837.013 83272.686 84211.939 85150.705 87814.427 90759.446 88100.455 84003.451 85089.184 81378.074 82598.875 82042.576 84350.544 86492.086 86686.843 85517.550 87149.572 88536.675 89822.102 91488.910 92263.310
91785.728 90413.955 91109.314 91998.775 94141.240 95116.255 91939.925 94811.966 95233.851 95136.683 94498.252 94186.514 93222.623 93588.066 93657.913 93451.873 91617.350 91577.508 90961.752 91977.563 90978.150 89911.349 89937.516 90103.273 89230.908 89965.870 91611.816 92803.407 92074.436 90229.147 89826.350 88975.729 87868.876 89754.588 89540.124 91334.444 91878.997 90570.774 86737.441 84346.507 85217.480 85978.989 87746.966 89580.440 90993.560 87536.834 84356.961 86285.348 85091.374 83991.072 82524.620 83748.961 83177.471 85095.439 88618.312 89522.741 90748.462 92215.673 92277.784 94823.462
92653.731 91744.718 91301.214 92024.323 94770.999 95175.609 91908.847 92355.971 95213.292 95175.609 94855.225 94091.459 93856.419 93158.650 93679.213 92868.413 91648.348 90565.181 89516.332 90290.278 89143.184 89118.288 88855.704 91086.065 90408.371 90399.830 90999.065 92641.444 92414.926 91545.312 89006.864 88948.493 86858.211 88843.720 90538.976 90852.967 91685.889 91195.408 87876.473 87582.499 87896.913 86215.681 86415.000 87087.624 90454.372 89574.897 89272.087 86872.203 84476.897 83449.940 82647.526 83994.167 84015.830 86039.980 89148.597 90821.418 93527.491 94301.023 95688.103 95816.720
91043.217 91442.592 91761.342 92300.165 94873.444 95091.038 92026.434 92206.660 93672.564 95181.318 95075.181 94090.441 93252.939 91913.286 93877.982 92086.551 90270.590 90012.780 88886.913 88100.348 88971.406 89680.370 90207.284 90596.000 92027.545 92204.323 92354.746 91488.910 91738.180 90278.246 89044.822 89150.763 88810.257 87961.041 89326.401 90937.654 90298.920 86758.725 87231.018 86766.032 86996.203 86501.805 83911.576 84538.265 90395.340 88907.652 85591.681 86212.521 82824.922 84192.405 85266.440 84284.322 86205.251 88032.816 89975.687 93176.379 94994.444 95518.626 95816.720 95816.720
91360.836 90442.322 90861.653 91448.118 94639.091 95117.396 92316.871 91686.000 92551.006 95154.946 95122.988 94336.044 93604.960 91949.916 93651.152 91209.635 89530.454 89346.030 90424.907 90830.871 90501.598 90814.384 90464.232 91667.173 90513.763 90004.160 90551.914 90463.136 91765.886 91401.596 89945.149 87950.440 88448.216 87979.141 88612.063 91204.010 90337.325 84727.053 85191.495 86681.446 84969.272 82557.163 82434.976 86119.952 90199.414 87487.670 82708.831 85187.217 83918.998 83239.914 86030.514 86256.991 88398.744 90366.876 92838.087 94851.467 95562.147 95741.896 95816.720 95054.763
92101.002 89707.679 89755.459 90639.774 93884.644 95090.011 94308.842 91874.449 93375.406 94964.581 95119.678 94784.653 93586.939 92057.544 94188.778 93200.172 92928.865 91886.653 90768.234 90236.691 90370.270 88926.882 90434.655 91469.120 90339.514 88295.678 89370.761 89639.256 91614.029 89718.561 90489.652 89575.006 87277.830 86893.302 90522.313 89247.378 86566.162 86814.866 85651.610 84832.961 83109.850 81021.818 84986.141 87112.059 89178.049 85316.781 81658.953 83665.538 82386.325 84102.531 86023.046 88521.604 89778.540 89704.306 93392.157 94933.131 95475.122 95684.663 94978.258 91645.912
90935.343 91717.017 91090.583 91317.773 93550.906 95014.737 95062.633 94145.766 94013.549 94439.241 95081.911 94648.184 94095.983 94003.263 94058.773 92983.747 91195.298 90220.292 89101.080 88831.953 89778.540 89413.186 89916.800 91390.770 89300.379 88608.831 88619.389 89133.550 90416.146 91758.017 89740.328 88584.056 88829.902 90059.818 89448.028 86358.225 85827.612 86775.564 85364.847 83553.728 79770.539 83042.274 85724.891 87013.292 88972.270 85925.284 82622.281 81048.768 83479.701 85556.284 87171.575 86402.334 87049.178 90004.160 93638.870 95238.078 95505.001 95318.411 90897.942 87967.574
89949.511 90542.156 90091.370 91201.914 92990.469 94559.564 95004.362 94950.906 94261.255 94299.776 95075.181 95060.352 94759.622 94628.863 92926.626 91251.553 89122.726 88120.723 89128.138 90280.434 90076.084 90272.778 89924.541 90087.112 91024.607 90097.813 89432.722 88589.226 88546.257 89595.549 90942.055 90336.231 91059.628 90667.101 87505.904 88065.933 87805.979 86609.405 85392.966 80897.578 81109.008 84401.274 85882.213 87740.554 87162.008 88568.978 87365.019 84234.786 82578.526 84011.807 85075.530 85616.822 86625.481 88203.443 91722.557 92106.227 95483.249 93164.148 86472.228 91372.875
92251.176 92237.820 91966.681 91598.534 92439.453 94223.878 94958.769 94941.790 94094.965 94312.242 94952.045 94949.652 94753.933 94541.394 93423.754 91531.043 91464.698 90412.860 90885.844 91102.702 90069.425 90606.750 90527.904 90429.397 90616.733 90084.819 89437.064 89397.885 88044.604 88490.284 89807.943 90329.665 90279.340 90759.446 90514.860 90365.782 90089.296 89449.113 86497.473 80193.624 81046.664 84922.531 86450.051 85875.911 85602.365 86181.971 87559.131 87188.374 84956.778 84568.340 83143.501 81654.719 83066.805 86548.298 86853.123 90612.564 93255.297 87894.559 81799.990 88504.167
91680.462 90886.944 91988.779 92457.294 92396.088 93577.930 94887.110 94877.999 94011.175 94545.936 95007.896 94948.627 94717.536 94200.099 94239.733 93969.359 92991.590 92458.521 91964.238 91275.829 91413.860 90829.662 90781.418 90640.871 90008.524 89391.592 88314.908 87191.670 86050.499 86899.770 85922.342 87032.295 88416.164 88083.300 88662.709 89150.763 89398.970 90314.456 89087.121 85693.538 86024.308 87368.214 86236.756 85615.879 84049.780 84735.364 85803.680 86447.834 86769.209 84917.328 83018.771 79332.232 83787.146 84418.051 86979.329 93317.302 92487.407 86680.494 83067.929 87919.284
89838.334 90253.093 90390.961 91962.129 92203.322 93113.778 94778.963 94821.072 93743.590 94788.067 94659.550 94909.890 94246.529 93341.686 92898.635 92255.629 91178.757 91076.261 91604.068 91639.491 91434.856 90793.614 90755.052 90226.851 89552.184 87967.467 87093.998 88019.957 85874.021 86697.321 87357.670 88097.131 86837.119 86368.564 86228.325 85629.604 86997.159 86132.584 86208.412 87826.299 87786.625 87064.151 84753.962 85765.694 83989.009 83201.010 81854.521 81937.586 82730.123 81044.860 80498.279 79277.102 81489.626 84079.713 88674.351 93318.088 90879.026 85842.309 80986.662 87681.897
90279.340 89944.059 90467.847 91197.393 91300.552 92047.543 94686.265 94730.501 94507.333 94481.680 94829.040 94938.372 94931.649 94792.050 92739.332 93789.837 93053.901 92854.760 93775.848 93765.696 93423.642 92921.475 90489.104 89104.110 89031.519 89602.506 89655.787 89484.401 89884.099 89394.630 88659.691 87451.425 85532.205 82374.039 80641.878 80105.645 80941.710 82506.726 85604.879 88592.565 87291.346 84340.711 84067.120 83374.039 79428.489 79280.251 76959.391 78832.769 78476.126 79568.167 78847.662 81696.059 82887.865 87217.723 92942.751 93161.455 90815.703 86243.500 82468.710 85899.229
91542.104 91597.427 91417.175 90861.543 90364.796 92627.930 94557.406 94129.811 93634.137 94094.739 94891.779 94884.946 94889.274 94842.701 94634.545 94422.111 93918.636 92813.698 91956.688 91006.881 90188.594 89841.711 91417.286 91220.554 90023.801 89665.250 88219.436 88570.916 86843.478 88175.434 88917.375 87420.520 80689.790 80939.708 80563.970 81357.869 81427.347 84299.839 86758.937 87693.754 84822.563 83295.018 80481.341 81136.785 83069.053 83334.983 82207.969 82955.645 84912.228 84145.805 82575.270 82078.002 85946.300 91492.337 92767.731 92297.158 87198.262 82750.503 83155.062 85162.074
90240.955 89787.033 89300.379 90315.550 91790.273 94056.511 94379.126 93392.381 94000.889 93987.553 94572.058 94817.657 94818.909 94826.763 94698.204 94412.128 93521.525 91549.959 90211.547 89737.172 89057.802 90189.796 90532.398 90089.077 88418.207 87647.615 87538.968 86302.218 85618.917 87407.734 85306.335 87384.191 82984.139 83767.588 83296.248 83277.808 85201.825 85159.049 84953.550 86658.062 82474.808 80247.482 82171.282 85403.316 85792.031 87597.547 88642.340 87644.625 88865.206 87994.459 86331.641 83063.840 84556.828 87273.680 90891.233 90432.793 85435.942 80707.763 80014.969 79904.960
89481.469 88065.933 88490.177 89705.503 92196.757 94014.566 94220.368 93419.256 93611.831 93915.247 94078.904 94723.222 94765.424 94775.436 94798.309 94211.309 90703.327 90620.134 89791.607 89172.526 88822.130 89312.305 89865.464 88864.343 89194.294 86793.677 86770.269 85831.916 83807.736 84821.731 81980.864 84135.579 83937.347 86027.463 82435.078 83570.061 84260.533 85479.772 86400.223 84136.405 80769.596 85189.512 88222.764 92164.162 92671.383 93577.817 92125.684 93317.077 92232.032 92075.325 91810.119 88408.421 86399.379 88575.332 90427.207 86945.801 85724.786 85183.043 83821.946 82011.412
87711.809 86703.777 86484.903 89036.062 90849.449 93530.530 93854.162 93646.532 93645.630 93846.373 94101.526 94652.616 94700.478 94721.061 94768.837 94782.263 92989.349 91525.624 89797.052 88280.748 87095.910 86851.003 89069.594 88303.198 86902.739 85246.811 86677.213 83184.430 83073.040 81129.965 81703.321 83519.839 86212.731 84595.312 81591.329 83547.361 84377.459 83832.451 83687.339 81595.359 85851.969 90488.447 94476.687 94731.183 94731.183 94731.183 94731.183 94364.159 93726.900 93771.674 93202.530 93055.582 89197.218 91241.514 89781.589 90364.249 89580.657 88022.957 86230.644 84679.175
86339.131 85961.014 85184.087 88311.685 91123.750 92773.434 93596.963 93092.469 93302.472 93868.724 93985.067 94616.477 94631.136 94696.043 94750.407 94799.560 94690.131 92505.256 90604.775 90406.290 87986.746 87005.862 87579.404 87587.835 86338.181 84643.982 84783.164 82427.052 83194.767 81493.753 83993.135 85034.993 88353.594 85601.213 84510.065 83310.490 83671.810 80924.595 82896.131 86845.598 92555.359 94731.183 94731.183 94731.183 94731.183 94731.183 94731.183 94720.038 94656.026 94617.500 94579.100 94585.802 94557.179 94556.271 94529.926 94444.914 91221.767 89750.125 88528.817 86826.522
83368.913 84111.825 85283.252 88875.141 89224.624 91531.154 93264.169 93156.294 92888.448 93521.525 93856.306 94113.065 94217.197 94698.204 94765.424 94799.560 94799.560 94590.233 93145.186 90027.075 89387.143 89528.173 89581.527 87481.380 85830.761 82794.434 82303.196 86376.162 81222.269 81749.525 82557.977 83667.595 87388.558 88099.383 85652.448 85680.748 83946.625 80479.348 87540.781 92707.476 94731.183 94731.183 94731.183 94731.183 94731.183 92616.874 90934.023 88740.341 92547.435 92690.825 92629.158 93078.902 93113.778 91496.760 94464.203 94468.289 94439.354 93825.042 91197.393 89190.936
83928.069 85008.012 86821.330 86119.846 86493.248 89664.271 91959.797 92919.795 93445.124 93242.945 93728.930 93759.266 94056.511 94428.009 94777.939 94799.560 94799.560 94799.560 94799.560 92219.011 90282.621 91131.465 89383.888 87552.623 84632.668 82149.904 86689.912 84321.566 80934.503 82308.167 85922.132 86209.571 88482.752 88909.705 88195.930 84369.280 82460.581 87709.672 92974.785 94731.183 94731.183 94731.183 94731.183 92633.626 88996.269 88623.699 85418.896 85234.284 84497.729 83527.951 83863.146 86575.676 86748.030 86269.429 87682.004 93006.828 94339.671 94339.671 94277.228 92330.237
84508.095 82901.438 84705.240 84924.717 85331.303 86578.953 88540.767 90762.851 92969.296 93364.277 93319.100 93328.089 93588.066 94393.755 93991.848 94769.861 94799.560 94799.560 94799.560 94799.560 93319.324 92141.140 90812.186 88757.384 83188.626 87721.318 85552.934 81128.060 82721.055 85375.090 84955.737 88623.806 91649.345 87727.730 83791.161 87550.596 89978.850 93412.508 94731.183 94731.183 94731.183 94731.183 91353.216 87449.293 84795.533 88364.450 82815.846 82197.631 82789.337 77490.539 82923.893 82920.627 81110.712 82492.087 81669.942 84958.444 89734.886 92386.949 93672.564 93146.196
82334.552 81817.356 81539.055 82127.822 80662.637 80691.787 84782.124 84644.916 87999.601 90913.231 93324.718 93944.390 93958.060 94062.053 93877.982 94235.316 94641.364 94799.560 94799.560 94799.560 94799.333 94799.333 94250.946 91722.557 89608.811 85343.737 81642.723 82950.438 84971.354 85982.143 87761.930 92954.735 88533.338 85486.992 90630.008 93224.869 94473.395 94731.070 94731.183 94731.183 94021.462 90725.508 84519.291 83410.034 82504.082 86136.690 80513.029 77363.190 80377.778 78815.822 79463.390 76804.260 80310.818 80337.875 80048.888 83491.710 85924.548 86106.478 89421.760 92099.668
79805.958 80404.654 83048.406 82949.519 83269.511 83777.881 83323.914 80749.613 84204.910 86730.030 87773.796 92149.926 93978.512 93873.353 94213.800 94352.027 93736.936 94657.277 94799.560 94799.560 94799.333 94799.333 94799.333 94090.327 89169.169 84865.410 84475.861 87345.850 89632.623 87420.520 91547.636 91915.617 87340.633 91604.068 94131.055 94731.070 94731.070 94731.070 94731.183 91986.558 88898.794 85813.966 78262.984 80211.507 81673.169 84165.744 80159.853 75400.198 76395.575 72099.325 74579.598 76246.803 76595.389 76905.892 79884.260 82197.225 87339.462 83693.407 85077.614 83314.486
84482.286 83703.692 83377.115 84654.258 87147.127 82715.860 82391.403 81600.497 81718.249 79510.536 80909.484 83733.526 89355.683 92472.796 93734.455 94387.177 94094.739 94042.830 94055.268 94669.781 94799.333 94799.333 94799.333 94799.333 90157.888 89036.278 88537.752 91703.834 90533.275 89630.557 94386.043 94322.329 94628.977 94685.697 94651.593 94733.458 94731.070 94202.364 90850.548 85966.480 82276.616 82090.353 77708.265 79463.390 81199.185 81404.014 79638.969 76131.307 74492.634 73980.296 75892.761 79341.981 79795.074 79917.837 82610.170 86270.589 83931.264 79821.989 81408.338 89567.289
80785.684 87170.087 85299.232 87126.616 86705.788 82449.302 80912.286 82371.907 85686.095 82201.786 85367.251 84573.527 86536.673 88441.977 87849.939 94096.209 93973.540 94102.771 93801.006 94033.558 93899.549 94799.333 94799.333 94799.333 94799.333 94799.333 94799.333 94799.333 94799.333 94770.999 94693.201 94705.709 94682.968 94639.319 94645.342 93973.201 92661.775 89571.419 86889.061 80664.833 78138.301 80144.660 77113.718 77756.985 76117.689 76892.162 79302.595 75163.326 75415.601 75487.833 78244.091 78412.407 80015.068 83893.438 85501.224 85915.933 77725.697 73773.694 86644.626 91639.934
85916.038 87768.344 89900.558 86561.722 86119.004 86014.843 87047.266 86551.469 88727.183 87927.956 89278.590 88244.129 90146.963 93255.072 93924.057 93563.179 93534.245 93799.878 92743.021 92818.061 94092.703 94799.333 94799.333 94799.333 94799.333 94799.333 94799.333 94799.333 94799.333 94799.333 94790.456 92963.359 94552.637 94564.107 94553.886 91356.419 90538.647 85841.364 80592.093 78063.530 78245.162 77255.285 74784.182 74675.364 75878.228 76315.577 75406.529 75387.820 77855.373 76670.932 79125.653 81071.817 82844.607 83141.660 81623.372 81310.739 80602.966 75975.251 88160.520 89089.177
89417.636 90613.551 90560.795 90177.775 90615.745 90502.584 91400.491 91077.473 91795.595 92465.100 92343.493 93599.441 93748.214 93556.423 92544.198 91366.469 91125.844 92479.488 93682.820 91771.206 92043.099 92879.717 93401.264 94739.373 94799.333 94799.333 94799.333 94799.333 94211.309 94799.333 93049.977 88951.952 93724.307 94450.587 89554.358 85409.589 84047.715 79881.190 80288.939 80226.511 78052.548 77017.343 77447.459 78031.073 74131.244 76809.728 78706.860 77860.319 79689.362 81053.678 80879.770 81082.041 83255.172 80513.128 71860.009 77934.544 75676.523 78709.795 85879.377 87584.526
