Source/meteoio/tests/2D_interpolations/2009-01-19T12.00.00_RSWR_ref.asc
ncols               386
nrows               229
xllcorner    479500.000
yllcorner     73500.000
cellsize       1000.000
NODATA_value -999
[rows 87 to 115 of 229, columns 198 to 263 of 386]
185.035 185.117 185.196 185.271 185.342 185.408 185.469 185.524 185.574 185.617 185.655 185.687 185.713 185.732 185.740 185.743 185.740 185.730 185.713 185.688 185.654 185.610 185.558 185.498 185.431 185.355 185.268 185.172 185.068 184.957 184.841 184.712 184.577 184.440 184.297 184.148 183.996 183.848 183.703 183.562 183.433 183.321 183.231 183.166 183.129 183.119 183.136 183.178 183.241 183.321 183.412 183.508 183.605 183.706 183.807 183.903 183.995 184.084 184.173 184.253 184.331 184.407 184.480 184.547 184.609 184.673
185.181 185.266 185.347 185.423 185.496 185.564 185.626 185.683 185.734 185.779 185.818 185.851 185.878 185.896 185.904 185.904 185.900 185.889 185.869 185.840 185.802 185.755 185.698 185.634 185.561 185.477 185.383 185.279 185.166 185.046 184.917 184.773 184.628 184.474 184.311 184.142 183.973 183.802 183.630 183.465 183.315 183.182 183.070 182.991 182.948 182.941 182.968 183.028 183.110 183.205 183.315 183.431 183.547 183.660 183.774 183.884 183.986 184.082 184.179 184.268 184.351 184.434 184.512 184.584 184.650 184.710
185.331 185.419 185.502 185.581 185.655 185.725 185.789 185.847 185.900 185.947 185.987 186.021 186.048 186.066 186.072 186.072 186.064 186.050 186.027 185.994 185.952 185.900 185.839 185.771 185.692 185.602 185.500 185.389 185.268 185.140 184.995 184.843 184.683 184.512 184.329 184.142 183.950 183.751 183.552 183.363 183.178 183.018 182.885 182.790 182.739 182.736 182.777 182.855 182.958 183.084 183.214 183.351 183.488 183.619 183.744 183.866 183.980 184.086 184.186 184.286 184.375 184.461 184.543 184.620 184.691 184.756
185.487 185.577 185.663 185.744 185.820 185.891 185.957 186.017 186.071 186.119 186.159 186.192 186.218 186.234 186.240 186.240 186.232 186.214 186.189 186.154 186.108 186.053 185.988 185.915 185.831 185.733 185.624 185.504 185.375 185.236 185.079 184.916 184.742 184.553 184.353 184.148 183.929 183.702 183.477 183.247 183.033 182.833 182.666 182.548 182.488 182.492 182.552 182.659 182.799 182.952 183.116 183.273 183.431 183.582 183.721 183.854 183.979 184.094 184.200 184.307 184.402 184.492 184.577 184.658 184.733 184.802
185.647 185.740 185.828 185.912 185.990 186.063 186.131 186.190 186.244 186.291 186.331 186.366 186.392 186.409 186.415 186.416 186.407 186.390 186.361 186.323 186.274 186.215 186.147 186.070 185.979 185.875 185.759 185.631 185.494 185.342 185.175 185.000 184.810 184.603 184.387 184.158 183.913 183.663 183.400 183.138 182.874 182.631 182.419 182.265 182.191 182.204 182.297 182.448 182.626 182.823 183.015 183.207 183.382 183.552 183.708 183.849 183.985 184.109 184.221 184.331 184.434 184.525 184.614 184.697 184.775 184.848
185.812 185.907 185.998 186.084 186.164 186.236 186.303 186.364 186.419 186.468 186.511 186.547 186.575 186.592 186.600 186.601 186.593 186.574 186.545 186.504 186.452 186.389 186.318 186.236 186.140 186.030 185.906 185.771 185.626 185.461 185.285 185.097 184.891 184.668 184.435 184.182 183.913 183.634 183.338 183.031 182.721 182.417 182.148 181.942 181.847 181.877 182.016 182.222 182.461 182.699 182.933 183.147 183.349 183.534 183.705 183.857 184.000 184.132 184.251 184.362 184.470 184.564 184.654 184.740 184.820 184.895
185.980 186.079 186.171 186.256 186.336 186.411 186.480 186.544 186.602 186.653 186.698 186.736 186.766 186.785 186.794 186.796 186.789 186.770 186.740 186.698 186.643 186.577 186.502 186.415 186.314 186.198 186.068 185.925 185.772 185.597 185.411 185.211 184.991 184.754 184.503 184.228 183.938 183.626 183.300 182.949 182.585 182.218 181.867 181.584 181.446 181.509 181.725 182.010 182.311 182.602 182.871 183.113 183.337 183.534 183.717 183.879 184.027 184.165 184.289 184.402 184.512 184.608 184.699 184.786 184.868 184.944
186.151 186.249 186.342 186.431 186.514 186.592 186.665 186.732 186.792 186.847 186.895 186.936 186.968 186.989 187.000 187.003 186.997 186.979 186.948 186.905 186.848 186.779 186.701 186.610 186.503 186.382 186.246 186.096 185.935 185.751 185.556 185.345 185.112 184.862 184.595 184.303 183.994 183.657 183.301 182.915 182.500 182.068 181.626 181.227 181.016 181.135 181.468 181.850 182.214 182.548 182.845 183.111 183.350 183.557 183.748 183.917 184.069 184.210 184.337 184.451 184.561 184.658 184.749 184.836 184.919 184.996
186.320 186.421 186.519 186.611 186.699 186.781 186.858 186.928 186.993 187.051 187.103 187.147 187.182 187.205 187.218 187.223 187.217 187.200 187.170 187.126 187.068 186.996 186.915 186.820 186.709 186.583 186.441 186.285 186.117 185.924 185.721 185.501 185.257 184.996 184.717 184.410 184.087 183.733 183.355 182.945 182.500 182.025 181.517 181.019 180.709 180.904 181.344 181.791 182.197 182.554 182.868 183.147 183.393 183.605 183.800 183.972 184.125 184.268 184.395 184.508 184.618 184.714 184.804 184.891 184.973 185.051
186.493 186.599 186.701 186.798 186.891 186.978 187.059 187.135 187.203 187.266 187.321 187.369 187.407 187.433 187.448 187.455 187.451 187.435 187.405 187.361 187.302 187.229 187.145 187.046 186.932 186.800 186.653 186.493 186.318 186.119 185.909 185.680 185.428 185.159 184.870 184.554 184.222 183.858 183.472 183.054 182.603 182.128 181.631 181.164 180.896 181.054 181.452 181.882 182.281 182.636 182.948 183.225 183.470 183.682 183.876 184.047 184.198 184.340 184.464 184.576 184.684 184.777 184.866 184.951 185.032 185.108
186.672 186.783 186.890 186.992 187.090 187.183 187.270 187.350 187.424 187.491 187.550 187.602 187.644 187.673 187.691 187.701 187.698 187.683 187.654 187.610 187.551 187.477 187.391 187.289 187.172 187.036 186.885 186.719 186.540 186.335 186.119 185.885 185.628 185.351 185.058 184.738 184.400 184.036 183.655 183.245 182.813 182.372 181.942 181.581 181.402 181.485 181.765 182.113 182.461 182.791 183.086 183.347 183.583 183.787 183.976 184.140 184.289 184.425 184.545 184.653 184.757 184.848 184.933 185.016 185.095 185.170
186.854 186.972 187.085 187.194 187.298 187.397 187.490 187.576 187.655 187.727 187.791 187.847 187.893 187.926 187.947 187.959 187.959 187.945 187.918 187.874 187.815 187.740 187.653 187.549 187.429 187.291 187.135 186.965 186.783 186.574 186.352 186.115 185.855 185.574 185.280 184.961 184.623 184.268 183.898 183.507 183.114 182.722 182.366 182.093 181.958 181.999 182.181 182.440 182.725 183.005 183.272 183.509 183.727 183.921 184.098 184.252 184.395 184.524 184.637 184.740 184.839 184.925 185.007 185.086 185.162 185.234
187.042 187.167 187.288 187.404 187.515 187.620 187.719 187.811 187.896 187.974 188.043 188.103 188.154 188.191 188.215 188.230 188.232 188.221 188.194 188.152 188.093 188.018 187.930 187.826 187.703 187.563 187.404 187.231 187.044 186.836 186.609 186.370 186.109 185.827 185.534 185.220 184.888 184.548 184.190 183.832 183.472 183.135 182.836 182.619 182.507 182.518 182.631 182.819 183.040 183.271 183.495 183.709 183.901 184.079 184.241 184.382 184.517 184.636 184.740 184.837 184.929 185.009 185.087 185.162 185.233 185.302
187.237 187.368 187.496 187.621 187.739 187.851 187.957 188.056 188.147 188.230 188.305 188.370 188.426 188.468 188.495 188.512 188.517 188.508 188.484 188.443 188.385 188.311 188.222 188.117 187.994 187.852 187.692 187.516 187.326 187.120 186.888 186.648 186.390 186.111 185.818 185.513 185.191 184.861 184.528 184.194 183.874 183.574 183.324 183.137 183.034 183.022 183.091 183.218 183.384 183.566 183.748 183.929 184.098 184.259 184.400 184.530 184.651 184.758 184.853 184.944 185.026 185.099 185.172 185.242 185.308 185.372
187.437 187.576 187.712 187.844 187.970 188.090 188.203 188.309 188.407 188.496 188.577 188.647 188.708 188.755 188.785 188.806 188.814 188.808 188.786 188.747 188.691 188.617 188.527 188.423 188.300 188.157 187.996 187.819 187.627 187.422 187.190 186.949 186.694 186.420 186.130 185.834 185.526 185.209 184.895 184.588 184.295 184.033 183.809 183.640 183.539 183.508 183.542 183.627 183.742 183.878 184.026 184.170 184.314 184.450 184.574 184.692 184.797 184.890 184.975 185.058 185.128 185.196 185.262 185.326 185.387 185.446
187.644 187.790 187.934 188.074 188.208 188.337 188.458 188.571 188.675 188.771 188.857 188.933 188.999 189.051 189.086 189.110 189.121 189.118 189.099 189.065 189.012 188.941 188.852 188.748 188.625 188.481 188.318 188.139 187.946 187.740 187.515 187.271 187.019 186.752 186.470 186.178 185.885 185.585 185.286 184.999 184.734 184.487 184.285 184.130 184.028 183.980 183.982 184.026 184.108 184.203 184.312 184.428 184.544 184.653 184.760 184.863 184.952 185.030 185.106 185.177 185.238 185.298 185.356 185.413 185.468 185.522
187.856 188.011 188.162 188.310 188.452 188.589 188.718 188.839 188.951 189.053 189.145 189.227 189.298 189.355 189.401 189.434 189.453 189.458 189.446 189.415 189.368 189.301 189.214 189.110 188.986 188.840 188.676 188.495 188.297 188.086 187.862 187.614 187.363 187.103 186.830 186.546 186.261 185.978 185.696 185.424 185.171 184.947 184.758 184.606 184.497 184.435 184.414 184.426 184.467 184.531 184.610 184.695 184.780 184.866 184.955 185.037 185.112 185.178 185.245 185.300 185.352 185.404 185.455 185.504 185.552 185.599
188.073 188.236 188.396 188.551 188.702 188.847 188.984 189.113 189.232 189.341 189.440 189.535 189.619 189.690 189.748 189.794 189.825 189.839 189.835 189.811 189.766 189.700 189.613 189.508 189.385 189.242 189.077 188.892 188.689 188.470 188.239 187.994 187.734 187.473 187.203 186.929 186.652 186.378 186.113 185.857 185.617 185.400 185.214 185.062 184.947 184.869 184.827 184.815 184.830 184.864 184.910 184.964 185.024 185.089 185.155 185.217 185.275 185.334 185.385 185.428 185.471 185.514 185.556 185.597 185.637 185.678
188.295 188.466 188.633 188.798 188.957 189.109 189.255 189.392 189.520 189.646 189.762 189.871 189.975 190.063 190.132 190.180 190.213 190.230 190.228 190.206 190.164 190.100 190.016 189.911 189.789 189.647 189.484 189.301 189.099 188.882 188.651 188.410 188.149 187.876 187.603 187.332 187.058 186.789 186.530 186.286 186.058 185.849 185.666 185.511 185.388 185.297 185.235 185.201 185.187 185.190 185.207 185.236 185.274 185.315 185.358 185.400 185.444 185.489 185.526 185.559 185.593 185.626 185.659 185.691 185.724 185.758
188.520 188.699 188.875 189.047 189.214 189.375 189.529 189.685 189.832 189.979 190.117 190.240 190.347 190.439 190.513 190.567 190.605 190.627 190.631 190.615 190.577 190.518 190.437 190.333 190.209 190.067 189.905 189.721 189.519 189.301 189.069 188.827 188.577 188.308 188.034 187.759 187.481 187.216 186.957 186.714 186.489 186.285 186.102 185.944 185.813 185.707 185.626 185.568 185.530 185.511 185.506 185.512 185.524 185.541 185.562 185.587 185.618 185.642 185.668 185.694 185.717 185.740 185.763 185.786 185.811 185.839
188.747 188.934 189.119 189.299 189.475 189.652 189.827 190.005 190.177 190.335 190.476 190.604 190.719 190.820 190.904 190.970 191.015 191.045 191.055 191.045 191.012 190.957 190.878 190.776 190.652 190.509 190.347 190.163 189.960 189.740 189.506 189.260 189.007 188.748 188.476 188.201 187.929 187.658 187.392 187.147 186.916 186.710 186.524 186.360 186.219 186.101 186.005 185.929 185.871 185.828 185.798 185.780 185.769 185.765 185.770 185.780 185.787 185.797 185.811 185.827 185.841 185.853 185.866 185.881 185.898 185.921
188.975 189.171 189.364 189.554 189.752 189.949 190.153 190.343 190.519 190.684 190.836 190.976 191.103 191.217 191.314 191.391 191.446 191.485 191.505 191.503 191.478 191.429 191.355 191.256 191.133 190.987 190.823 190.638 190.432 190.208 189.969 189.718 189.459 189.195 188.929 188.655 188.378 188.109 187.847 187.590 187.350 187.133 186.939 186.768 186.616 186.484 186.371 186.277 186.199 186.135 186.082 186.041 186.009 185.990 185.977 185.964 185.957 185.954 185.954 185.958 185.964 185.966 185.969 185.975 185.986 186.002
189.204 189.408 189.615 189.828 190.051 190.270 190.477 190.674 190.862 191.040 191.208 191.362 191.503 191.631 191.744 191.839 191.911 191.961 191.992 192.000 191.984 191.942 191.872 191.776 191.653 191.506 191.337 191.148 190.937 190.708 190.463 190.204 189.937 189.664 189.388 189.114 188.840 188.565 188.297 188.040 187.792 187.554 187.347 187.160 186.997 186.852 186.723 186.609 186.511 186.426 186.354 186.297 186.252 186.212 186.175 186.146 186.124 186.108 186.096 186.088 186.082 186.077 186.071 186.068 186.072 186.081
189.432 189.653 189.879 190.122 190.356 190.581 190.799 191.010 191.213 191.406 191.591 191.765 191.927 192.075 192.207 192.321 192.412 192.476 192.519 192.538 192.530 192.495 192.431 192.337 192.215 192.066 191.891 191.695 191.479 191.242 190.988 190.721 190.443 190.158 189.871 189.584 189.301 189.025 188.754 188.489 188.234 187.990 187.756 187.549 187.365 187.206 187.062 186.932 186.817 186.716 186.627 186.548 186.477 186.418 186.368 186.326 186.289 186.258 186.233 186.212 186.196 186.183 186.170 186.161 186.157 186.158
189.668 189.906 190.163 190.412 190.654 190.892 191.123 191.350 191.572 191.788 191.997 192.195 192.380 192.551 192.704 192.838 192.948 193.031 193.085 193.115 193.116 193.088 193.029 192.938 192.817 192.666 192.486 192.282 192.056 191.811 191.546 191.268 190.977 190.679 190.377 190.075 189.776 189.485 189.203 188.931 188.672 188.421 188.182 187.950 187.742 187.557 187.399 187.253 187.120 186.997 186.886 186.787 186.699 186.623 186.556 186.497 186.446 186.403 186.365 186.331 186.303 186.281 186.267 186.251 186.239 186.232
189.909 190.177 190.439 190.697 190.950 191.202 191.453 191.703 191.951 192.193 192.428 192.653 192.864 193.058 193.234 193.388 193.519 193.618 193.683 193.720 193.728 193.706 193.651 193.564 193.444 193.293 193.111 192.903 192.669 192.411 192.135 191.843 191.538 191.224 190.905 190.586 190.269 189.959 189.659 189.370 189.094 188.832 188.583 188.344 188.112 187.902 187.715 187.554 187.404 187.265 187.138 187.022 186.918 186.825 186.741 186.665 186.597 186.538 186.487 186.443 186.407 186.377 186.354 186.334 186.316 186.303
190.166 190.438 190.707 190.975 191.247 191.521 191.798 192.075 192.351 192.621 192.885 193.137 193.375 193.594 193.790 193.959 194.104 194.221 194.306 194.355 194.374 194.360 194.311 194.226 194.105 193.950 193.762 193.544 193.299 193.032 192.746 192.444 192.123 191.791 191.454 191.115 190.778 190.447 190.125 189.816 189.520 189.240 188.974 188.722 188.481 188.246 188.033 187.845 187.680 187.526 187.384 187.252 187.131 187.021 186.920 186.827 186.743 186.668 186.603 186.547 186.502 186.466 186.436 186.410 186.386 186.367
190.408 190.687 190.969 191.257 191.552 191.853 192.157 192.464 192.770 193.071 193.364 193.645 193.904 194.142 194.360 194.555 194.726 194.867 194.975 195.045 195.076 195.071 195.027 194.943 194.820 194.659 194.461 194.230 193.969 193.683 193.376 193.053 192.721 192.378 192.020 191.659 191.299 190.945 190.600 190.267 189.949 189.647 189.361 189.092 188.836 188.591 188.351 188.137 187.947 187.778 187.620 187.472 187.335 187.208 187.091 186.982 186.883 186.794 186.716 186.649 186.592 186.545 186.507 186.477 186.450 186.424
190.639 190.933 191.234 191.546 191.867 192.196 192.531 192.869 193.205 193.538 193.857 194.158 194.446 194.717 194.968 195.196 195.397 195.566 195.701 195.793 195.841 195.844 195.805 195.722 195.596 195.426 195.216 194.968 194.687 194.378 194.045 193.695 193.333 192.965 192.593 192.215 191.831 191.451 191.080 190.721 190.377 190.050 189.742 189.452 189.178 188.918 188.667 188.421 188.207 188.016 187.843 187.680 187.528 187.385 187.253 187.129 187.016 186.915 186.825 186.746 186.678 186.619 186.571 186.532 186.502 186.476
