Source/meteoio/tests/2D_interpolations/2009-01-19T12.00.00_TA_ref.asc
ncols               386
nrows               229
xllcorner    479500.000
yllcorner     73500.000
cellsize       1000.000
NODATA_value -999
[rows 174 to 202 of 229, columns 198 to 263 of 386]
266.008 269.511 272.041 274.875 273.039 275.484 279.724 283.671 281.252 278.660 279.078 279.831 280.165 288.302 288.016 283.317 281.491 276.844 280.058 276.931 277.882 272.792 267.770 274.427 275.086 280.340 283.247 278.998 273.413 267.638 273.146 277.878 269.825 270.005 273.675 267.750 269.720 271.799 275.146 283.482 282.916 288.996 289.055 283.253 277.007 272.475 265.992 266.876 269.229 269.987 274.313 280.943 277.671 271.343 273.540 280.642 288.127 286.222 276.742 271.850 270.078 274.528 271.241 269.671 -999.000 -999.000
272.196 271.688 274.872 277.817 278.736 279.895 282.366 280.106 275.673 271.374 276.020 277.198 274.696 281.166 284.066 288.429 288.421 285.452 278.840 280.265 273.680 270.637 272.876 270.091 271.070 275.269 279.490 283.069 277.628 272.450 275.113 276.766 272.244 276.595 273.818 265.822 273.971 278.081 278.713 275.538 280.916 288.864 289.124 286.921 281.300 277.551 272.422 268.421 271.117 274.700 275.696 282.675 276.703 274.805 277.957 283.872 288.544 282.411 273.846 267.656 266.198 274.182 266.821 -999.000 -999.000 -999.000
274.123 276.262 277.044 278.304 275.387 277.850 275.724 279.107 272.078 270.259 272.500 270.529 275.343 281.677 277.463 284.166 287.458 288.474 283.741 281.661 274.341 275.509 278.132 270.640 268.093 271.613 277.799 282.627 281.876 275.258 272.154 281.157 281.427 274.364 269.477 266.490 268.059 273.218 278.833 273.447 277.960 287.405 289.194 289.252 284.078 281.491 274.948 268.573 271.278 275.696 281.146 283.519 275.348 277.071 281.978 286.829 287.463 278.646 273.561 273.918 268.886 267.501 267.068 -999.000 -999.000 -999.000
-999.000 273.507 274.634 274.807 269.852 275.232 271.592 275.207 270.475 271.299 270.949 274.883 277.081 276.777 274.578 278.383 280.675 285.643 288.458 281.395 277.493 279.553 280.385 277.356 274.550 267.588 271.111 276.293 284.401 281.896 279.980 283.326 274.209 271.952 269.720 270.614 268.982 275.663 273.353 275.206 279.116 283.188 289.081 289.329 288.889 282.561 277.719 271.650 269.527 274.512 279.535 285.358 279.269 280.625 284.408 288.697 284.294 280.397 278.511 279.462 275.680 269.960 -999.000 -999.000 -999.000 -999.000
-999.000 269.374 272.978 272.922 269.674 269.638 266.122 266.202 267.812 271.194 271.235 271.408 270.541 272.435 271.970 273.541 281.207 284.960 288.575 286.085 280.679 284.418 279.495 276.502 273.254 268.519 274.238 274.935 277.024 282.276 285.692 279.522 281.441 280.810 278.792 273.436 268.156 270.287 272.317 279.585 277.729 277.529 284.786 289.352 289.076 286.303 282.590 274.234 275.326 274.461 276.966 280.732 285.966 285.708 286.283 288.948 281.250 275.143 270.805 271.665 278.561 272.372 -999.000 -999.000 -999.000 -999.000
-999.000 271.951 269.726 270.544 267.612 269.632 272.221 269.661 268.373 270.504 274.825 274.757 271.875 270.827 270.646 276.099 282.737 279.848 286.877 288.769 286.993 282.619 277.694 273.782 274.419 270.368 272.220 271.506 271.020 273.028 283.683 283.003 273.860 274.046 271.735 274.115 270.800 270.427 277.159 277.242 274.322 274.312 283.302 288.715 289.465 288.531 281.562 279.211 281.703 281.998 283.589 285.493 284.163 287.332 289.003 288.028 281.197 275.250 273.591 269.819 273.839 273.598 -999.000 -999.000 -999.000 -999.000
-999.000 -999.000 270.441 272.777 272.900 274.961 275.273 273.754 276.944 273.160 276.358 273.845 273.098 274.565 272.965 277.148 275.395 275.189 282.774 287.198 288.928 285.927 282.501 281.189 278.164 272.782 270.437 270.537 273.501 276.032 283.808 281.810 275.250 272.089 266.535 266.489 267.400 270.507 270.001 274.026 270.004 277.116 280.133 285.112 289.521 289.631 284.366 283.871 287.239 288.772 289.462 289.390 289.305 289.227 285.925 281.825 279.904 276.884 271.166 266.977 269.832 268.465 -999.000 -999.000 -999.000 -999.000
-999.000 -999.000 -999.000 272.792 274.828 276.318 278.916 279.584 280.502 281.576 280.700 277.973 277.605 275.338 276.607 272.870 271.234 276.059 279.180 281.580 288.577 288.951 287.900 285.338 279.200 276.560 273.841 273.615 280.007 282.641 283.067 285.163 278.333 276.900 271.751 270.837 270.420 268.975 268.327 271.009 270.642 275.041 277.629 282.126 287.946 289.681 289.216 289.579 289.560 289.252 289.361 288.860 288.084 286.617 280.728 277.346 276.466 276.753 275.230 269.036 -999.000 -999.000 -999.000 -999.000 -999.000 -999.000
-999.000 -999.000 -999.000 -999.000 -999.000 271.928 272.767 273.650 273.021 276.775 276.844 279.791 283.139 281.095 279.789 272.871 275.153 275.589 280.544 279.563 283.141 287.490 289.055 288.756 284.798 281.483 276.998 269.391 271.300 277.034 279.160 286.089 284.449 282.892 275.018 275.853 275.046 270.949 269.597 272.694 275.046 278.279 280.785 283.258 285.249 289.559 289.736 287.690 283.992 283.258 282.005 282.699 281.400 284.731 286.097 280.725 274.428 269.605 270.830 268.740 -999.000 -999.000 -999.000 -999.000 -999.000 -999.000
-999.000 -999.000 -999.000 -999.000 -999.000 -999.000 -999.000 271.688 271.528 274.700 273.525 273.883 276.799 282.403 277.407 273.189 279.665 277.761 282.872 278.384 279.983 281.786 284.421 287.529 280.982 278.575 276.200 275.495 277.818 279.676 280.426 283.962 284.281 279.363 280.061 276.437 274.184 274.810 273.003 278.325 275.064 274.786 277.879 282.503 287.270 289.616 289.365 287.804 283.991 278.766 275.961 276.842 276.898 280.706 279.667 283.000 278.116 273.328 266.933 -999.000 -999.000 -999.000 -999.000 -999.000 -999.000 -999.000
-999.000 -999.000 -999.000 -999.000 -999.000 -999.000 -999.000 276.155 273.765 277.889 279.042 279.429 279.879 282.169 282.783 277.924 281.509 282.390 284.353 279.065 277.692 282.995 286.654 288.629 283.456 279.567 275.488 276.206 276.826 278.936 283.478 286.987 283.730 277.660 275.304 275.267 277.632 276.310 275.904 277.613 280.590 280.143 281.010 286.095 289.874 289.887 285.078 279.208 280.684 282.923 280.594 275.898 273.930 275.973 277.666 276.796 278.038 273.806 -999.000 -999.000 -999.000 -999.000 -999.000 -999.000 -999.000 -999.000
-999.000 -999.000 -999.000 -999.000 -999.000 -999.000 -999.000 -999.000 279.920 281.297 282.152 281.754 282.667 285.359 286.353 284.994 287.068 287.952 287.619 286.414 281.680 281.470 284.711 289.575 286.578 281.243 275.889 276.857 281.792 281.957 282.207 286.885 280.797 279.371 280.949 280.902 281.585 279.068 280.120 277.417 281.810 287.076 286.018 289.051 289.915 289.102 283.792 277.435 275.400 278.919 278.832 277.100 272.681 271.217 276.046 275.611 278.823 272.786 -999.000 -999.000 -999.000 -999.000 -999.000 -999.000 -999.000 -999.000
-999.000 -999.000 -999.000 -999.000 -999.000 -999.000 -999.000 -999.000 -999.000 279.796 277.459 274.838 277.532 278.960 281.156 282.857 281.753 282.326 282.862 287.723 284.022 287.383 288.060 289.030 287.923 280.740 280.082 283.654 285.137 286.321 287.263 287.877 287.619 285.905 283.146 284.056 286.823 282.299 285.107 283.918 285.280 287.826 289.731 289.994 289.932 287.761 284.208 280.154 275.638 274.015 273.068 274.603 272.618 269.900 274.392 272.485 274.746 271.700 -999.000 -999.000 -999.000 -999.000 -999.000 -999.000 -999.000 -999.000
-999.000 -999.000 -999.000 -999.000 -999.000 -999.000 -999.000 -999.000 -999.000 -999.000 273.693 272.328 276.014 276.449 276.738 279.352 278.848 280.834 284.965 287.616 289.788 289.876 289.942 290.047 290.099 284.785 286.205 287.829 289.425 289.937 290.275 290.149 290.132 290.183 290.180 289.368 289.775 289.263 289.169 289.569 290.046 290.084 290.050 289.975 289.751 286.150 282.072 279.293 280.725 280.521 278.733 275.592 274.382 272.435 270.055 269.662 268.639 -999.000 -999.000 -999.000 -999.000 -999.000 -999.000 -999.000 -999.000 -999.000
-999.000 -999.000 -999.000 -999.000 -999.000 -999.000 -999.000 -999.000 -999.000 -999.000 278.483 275.477 279.040 281.628 284.487 282.136 284.225 285.601 287.397 286.746 285.277 285.231 287.209 289.078 290.028 290.175 290.127 290.311 290.353 290.338 290.326 290.316 290.290 290.258 290.243 290.228 290.164 290.151 290.164 290.178 290.155 290.132 290.073 289.838 288.187 288.630 285.940 285.622 284.694 284.309 282.730 280.938 276.771 277.003 273.560 -999.000 -999.000 -999.000 -999.000 -999.000 -999.000 -999.000 -999.000 -999.000 -999.000 -999.000
-999.000 -999.000 -999.000 -999.000 -999.000 -999.000 -999.000 -999.000 -999.000 -999.000 -999.000 282.346 281.673 285.038 286.121 287.445 285.784 285.378 286.358 282.875 279.649 281.309 286.631 288.677 289.427 289.925 290.314 290.417 290.400 290.385 290.373 290.364 290.357 290.328 290.295 290.259 290.264 290.237 290.224 290.218 290.201 290.142 289.946 287.984 285.249 281.521 281.786 279.874 281.235 276.842 276.421 276.631 276.867 271.593 -999.000 -999.000 -999.000 -999.000 -999.000 -999.000 -999.000 -999.000 -999.000 -999.000 -999.000 -999.000
-999.000 -999.000 -999.000 -999.000 -999.000 -999.000 -999.000 -999.000 -999.000 -999.000 -999.000 -999.000 287.446 286.194 285.946 286.518 283.944 281.339 282.126 283.144 279.281 281.723 286.170 289.437 290.519 290.498 290.477 290.459 290.443 290.430 290.418 290.409 290.402 290.338 290.324 289.882 290.236 290.250 290.252 289.876 287.948 288.129 286.205 283.348 280.257 275.939 276.737 275.382 279.495 279.008 274.362 273.698 275.326 -999.000 -999.000 -999.000 -999.000 -999.000 -999.000 -999.000 -999.000 -999.000 -999.000 -999.000 -999.000 -999.000
-999.000 -999.000 -999.000 -999.000 -999.000 -999.000 -999.000 -999.000 -999.000 -999.000 -999.000 -999.000 283.205 282.727 283.146 283.510 281.682 280.188 276.949 276.905 280.569 286.256 290.604 290.580 290.557 290.536 290.517 290.499 290.484 290.471 290.450 288.545 286.909 283.179 284.063 286.239 285.710 285.387 285.526 285.965 285.661 282.533 281.217 282.501 279.796 278.856 275.386 274.365 272.072 278.552 273.377 273.013 -999.000 -999.000 -999.000 -999.000 -999.000 -999.000 -999.000 -999.000 -999.000 -999.000 -999.000 -999.000 -999.000 -999.000
-999.000 -999.000 -999.000 -999.000 -999.000 -999.000 -999.000 -999.000 -999.000 -999.000 -999.000 -999.000 -999.000 279.211 278.486 279.414 278.201 273.214 280.647 280.739 284.535 290.532 290.638 290.615 290.594 290.574 290.555 290.539 288.886 287.784 286.168 284.323 279.931 277.050 283.612 282.163 285.933 285.560 279.806 279.728 281.778 281.326 284.424 282.357 280.957 278.247 274.312 270.932 271.155 273.972 -999.000 -999.000 -999.000 -999.000 -999.000 -999.000 -999.000 -999.000 -999.000 -999.000 -999.000 -999.000 -999.000 -999.000 -999.000 -999.000
-999.000 -999.000 -999.000 -999.000 -999.000 -999.000 -999.000 -999.000 -999.000 -999.000 -999.000 -999.000 -999.000 276.348 271.664 -999.000 274.698 275.855 281.090 285.603 287.821 290.694 290.671 290.649 290.629 290.610 290.592 287.900 286.958 282.632 280.588 284.151 277.715 278.052 279.865 279.366 285.034 287.403 281.722 282.080 283.239 284.633 282.039 279.623 280.217 279.515 278.112 276.448 271.407 -999.000 -999.000 -999.000 -999.000 -999.000 -999.000 -999.000 -999.000 -999.000 -999.000 -999.000 -999.000 -999.000 -999.000 -999.000 -999.000 -999.000
-999.000 -999.000 -999.000 -999.000 -999.000 -999.000 -999.000 -999.000 -999.000 -999.000 -999.000 -999.000 -999.000 -999.000 -999.000 -999.000 -999.000 274.856 280.834 287.999 290.070 290.724 290.702 -999.000 290.662 290.644 287.465 284.619 280.913 275.730 274.150 279.310 277.297 279.314 276.009 279.375 283.969 287.422 286.976 285.940 285.125 284.000 280.659 275.320 276.092 274.017 274.791 274.473 272.501 -999.000 -999.000 -999.000 -999.000 -999.000 -999.000 -999.000 -999.000 -999.000 -999.000 -999.000 -999.000 -999.000 -999.000 -999.000 -999.000 -999.000
-999.000 -999.000 -999.000 -999.000 -999.000 -999.000 -999.000 -999.000 -999.000 -999.000 -999.000 -999.000 -999.000 -999.000 -999.000 -999.000 -999.000 -999.000 -999.000 287.231 290.775 290.753 -999.000 -999.000 -999.000 288.393 285.325 279.543 277.704 274.771 278.320 277.522 273.941 272.079 274.685 277.295 281.045 286.008 287.093 282.809 281.878 280.290 276.159 275.484 274.518 278.408 277.250 278.246 277.642 271.777 -999.000 -999.000 -999.000 -999.000 -999.000 -999.000 -999.000 -999.000 -999.000 -999.000 -999.000 -999.000 -999.000 -999.000 -999.000 -999.000
-999.000 -999.000 -999.000 -999.000 -999.000 -999.000 -999.000 -999.000 -999.000 -999.000 -999.000 -999.000 -999.000 -999.000 -999.000 -999.000 -999.000 -999.000 -999.000 -999.000 -999.000 -999.000 -999.000 -999.000 -999.000 -999.000 -999.000 -999.000 -999.000 280.061 282.956 279.916 275.799 276.753 277.838 279.394 285.393 288.107 284.790 280.475 283.645 282.229 276.269 279.836 276.966 279.657 280.514 280.953 279.116 276.227 -999.000 -999.000 -999.000 -999.000 -999.000 -999.000 -999.000 -999.000 -999.000 -999.000 -999.000 -999.000 -999.000 -999.000 -999.000 -999.000
-999.000 -999.000 -999.000 -999.000 -999.000 -999.000 -999.000 -999.000 -999.000 -999.000 -999.000 -999.000 -999.000 -999.000 -999.000 -999.000 -999.000 -999.000 -999.000 -999.000 -999.000 -999.000 -999.000 -999.000 -999.000 -999.000 -999.000 -999.000 -999.000 -999.000 283.316 280.513 273.941 275.156 278.566 283.978 287.121 286.177 282.272 279.805 283.905 283.866 279.560 282.074 282.168 283.322 283.151 282.979 280.374 278.680 -999.000 -999.000 -999.000 -999.000 -999.000 -999.000 -999.000 -999.000 -999.000 -999.000 -999.000 -999.000 -999.000 -999.000 -999.000 -999.000
-999.000 -999.000 -999.000 -999.000 -999.000 -999.000 -999.000 -999.000 -999.000 -999.000 -999.000 -999.000 -999.000 -999.000 -999.000 -999.000 -999.000 -999.000 -999.000 -999.000 -999.000 -999.000 -999.000 -999.000 -999.000 -999.000 -999.000 -999.000 -999.000 -999.000 -999.000 277.345 273.865 276.878 278.482 282.520 286.938 288.321 286.805 282.484 284.771 283.947 283.771 285.407 284.229 281.980 282.336 280.821 279.482 -999.000 -999.000 -999.000 -999.000 -999.000 -999.000 -999.000 -999.000 -999.000 -999.000 -999.000 -999.000 -999.000 -999.000 -999.000 -999.000 -999.000
-999.000 -999.000 -999.000 -999.000 -999.000 -999.000 -999.000 -999.000 -999.000 -999.000 -999.000 -999.000 -999.000 -999.000 -999.000 -999.000 -999.000 -999.000 -999.000 -999.000 -999.000 -999.000 -999.000 -999.000 -999.000 -999.000 -999.000 -999.000 -999.000 -999.000 -999.000 -999.000 275.934 280.526 278.962 279.613 284.579 288.098 288.860 286.529 286.899 286.133 285.467 282.686 283.529 281.152 278.147 277.120 275.192 -999.000 -999.000 -999.000 -999.000 -999.000 -999.000 -999.000 -999.000 -999.000 -999.000 -999.000 -999.000 -999.000 -999.000 -999.000 -999.000 -999.000
-999.000 -999.000 -999.000 -999.000 -999.000 -999.000 -999.000 -999.000 -999.000 -999.000 -999.000 -999.000 -999.000 -999.000 -999.000 -999.000 -999.000 -999.000 -999.000 -999.000 -999.000 -999.000 -999.000 -999.000 -999.000 -999.000 -999.000 -999.000 -999.000 -999.000 -999.000 -999.000 276.930 279.859 280.887 280.623 284.908 288.840 287.752 287.992 286.488 287.965 285.973 285.702 282.928 280.333 -999.000 -999.000 -999.000 -999.000 -999.000 -999.000 -999.000 -999.000 -999.000 -999.000 -999.000 -999.000 -999.000 -999.000 -999.000 -999.000 -999.000 -999.000 -999.000 -999.000
-999.000 -999.000 -999.000 -999.000 -999.000 -999.000 -999.000 -999.000 -999.000 -999.000 -999.000 -999.000 -999.000 -999.000 -999.000 -999.000 -999.000 -999.000 -999.000 -999.000 -999.000 -999.000 -999.000 -999.000 -999.000 -999.000 -999.000 -999.000 -999.000 -999.000 -999.000 276.160 278.005 281.725 284.236 282.434 285.323 289.185 287.482 287.837 285.974 288.405 287.053 284.043 278.805 -999.000 -999.000 -999.000 -999.000 -999.000 -999.000 -999.000 -999.000 -999.000 -999.000 -999.000 -999.000 -999.000 -999.000 -999.000 -999.000 -999.000 -999.000 -999.000 -999.000 -999.000
-999.000 -999.000 -999.000 -999.000 -999.000 -999.000 -999.000 -999.000 -999.000 -999.000 -999.000 -999.000 -999.000 -999.000 -999.000 -999.000 -999.000 -999.000 -999.000 -999.000 -999.000 -999.000 -999.000 -999.000 -999.000 -999.000 -999.000 -999.000 -999.000 -999.000 276.677 279.216 282.922 282.332 284.946 283.529 286.642 289.186 288.756 287.478 286.544 289.042 286.900 283.066 -999.000 -999.000 -999.000 -999.000 -999.000 -999.000 -999.000 -999.000 -999.000 -999.000 -999.000 -999.000 -999.000 -999.000 -999.000 -999.000 -999.000 -999.000 -999.000 -999.000 -999.000 -999.000
