Source/meteoio/tests/2D_interpolations/2009-01-19T12.00.00_RH_ref.asc
ncols               386
nrows               229
xllcorner    479500.000
yllcorner     73500.000
cellsize       1000.000
NODATA_value -999
[rows 165 to 197 of 229, columns 73 to 145 of 386]
0.703 0.702 0.697 0.696 0.695 0.694 0.693 0.692 0.691 0.715 0.745 0.742 0.749 0.749 0.783 0.783 0.749 0.746 0.766 0.746 0.728 0.740 0.762 0.756 0.774 0.794 0.763 0.756 0.752 0.744 0.726 0.744 0.726 0.707 0.695 0.706 0.726 0.744 0.737 0.727 0.735 0.729 0.773 0.779 0.746 0.741 0.753 0.772 0.762 0.776 0.796 0.785 0.782 0.785 0.786 0.786 0.800 0.798 0.803 0.792 0.742 0.686 0.685 0.700 0.715 0.747 0.772 0.764 0.746 0.740 0.716 0.673 0.682
0.738 0.724 0.710 0.699 0.697 0.697 0.696 0.694 0.700 0.739 0.752 0.759 0.766 0.795 0.800 0.762 0.749 0.733 0.734 0.730 0.735 0.755 0.781 0.771 0.761 0.760 0.774 0.765 0.760 0.746 0.745 0.730 0.711 0.703 0.706 0.700 0.738 0.796 0.759 0.724 0.755 0.766 0.776 0.772 0.797 0.777 0.762 0.761 0.777 0.790 0.777 0.787 0.785 0.793 0.797 0.770 0.769 0.781 0.769 0.767 0.720 0.682 0.688 0.721 0.749 0.771 0.750 0.742 0.749 0.724 0.711 0.672 0.690
0.786 0.784 0.746 0.711 0.700 0.699 0.698 0.697 0.704 0.737 0.760 0.767 0.757 0.783 0.778 0.758 0.743 0.726 0.724 0.719 0.728 0.733 0.737 0.738 0.733 0.738 0.741 0.736 0.747 0.758 0.736 0.719 0.707 0.726 0.747 0.738 0.735 0.770 0.764 0.742 0.752 0.789 0.800 0.799 0.786 0.763 0.766 0.786 0.773 0.769 0.769 0.787 0.793 0.764 0.745 0.753 0.769 0.768 0.761 0.717 0.693 0.676 0.707 0.730 0.748 0.747 0.729 0.739 0.747 0.749 0.715 0.671 0.685
0.801 0.764 0.735 0.723 0.703 0.702 0.701 0.700 0.698 0.710 0.745 0.737 0.742 0.771 0.772 0.745 0.727 0.711 0.708 0.714 0.711 0.712 0.715 0.713 0.714 0.714 0.723 0.730 0.731 0.729 0.721 0.718 0.721 0.766 0.768 0.774 0.748 0.789 0.779 0.759 0.784 0.824 0.819 0.791 0.763 0.728 0.723 0.754 0.762 0.766 0.759 0.766 0.762 0.775 0.725 0.733 0.753 0.748 0.761 0.735 0.684 0.685 0.697 0.722 0.730 0.736 0.718 0.731 0.746 0.743 0.712 0.679 0.675
0.779 0.773 0.780 0.759 0.731 0.705 0.704 0.703 0.701 0.703 0.726 0.726 0.747 0.779 0.758 0.738 0.724 0.718 0.736 0.731 0.735 0.731 0.728 0.725 0.722 0.711 0.711 0.717 0.718 0.736 0.751 0.762 0.749 0.760 0.778 0.759 0.755 0.807 0.795 0.815 0.801 0.824 0.799 0.773 0.793 0.774 0.721 0.719 0.721 0.737 0.728 0.761 0.734 0.743 0.738 0.703 0.722 0.730 0.740 0.710 0.681 0.667 0.688 0.694 0.719 0.728 0.705 0.731 0.735 0.721 0.697 0.666 0.673
0.798 0.772 0.751 0.744 0.718 0.709 0.707 0.705 0.704 0.702 0.715 0.720 0.756 0.750 0.742 0.735 0.708 0.719 0.746 0.744 0.758 0.757 0.765 0.751 0.743 0.723 0.713 0.742 0.758 0.767 0.792 0.797 0.755 0.791 0.789 0.763 0.759 0.783 0.795 0.783 0.775 0.800 0.786 0.776 0.766 0.735 0.737 0.703 0.714 0.716 0.746 0.740 0.732 0.724 0.714 0.704 0.703 0.709 0.710 0.717 0.698 0.661 0.672 0.695 0.707 0.706 0.695 0.709 0.709 0.701 0.688 0.647 0.685
0.780 0.786 0.761 0.749 0.733 0.712 0.710 0.708 0.707 0.705 0.705 0.713 0.737 0.735 0.725 0.702 0.730 0.733 0.786 0.773 0.765 0.762 0.763 0.753 0.742 0.737 0.723 0.748 0.780 0.809 0.825 0.797 0.800 0.792 0.773 0.766 0.771 0.780 0.791 0.788 0.773 0.788 0.790 0.789 0.774 0.756 0.731 0.714 0.688 0.728 0.739 0.719 0.712 0.700 0.691 0.688 0.677 0.685 0.679 0.684 0.677 0.657 0.663 0.677 0.686 0.680 0.673 0.688 0.683 0.686 0.671 0.639 0.680
0.799 0.797 0.790 0.773 0.754 0.717 0.714 0.712 0.710 0.708 0.706 0.706 0.717 0.710 0.716 0.729 0.751 0.765 0.780 0.771 0.779 0.765 0.761 0.753 0.755 0.749 0.739 0.730 0.781 0.812 0.826 0.816 0.798 0.788 0.777 0.762 0.754 0.758 0.777 0.767 0.753 0.777 0.761 0.768 0.754 0.735 0.726 0.702 0.689 0.721 0.716 0.710 0.694 0.677 0.665 0.665 0.663 0.657 0.658 0.660 0.655 0.649 0.652 0.657 0.663 0.669 0.668 0.667 0.659 0.662 0.652 0.648 0.648
0.815 0.794 0.779 0.771 0.750 0.729 0.717 0.715 0.713 0.711 0.709 0.707 0.710 0.726 0.727 0.741 0.767 0.764 0.751 0.764 0.756 0.748 0.744 0.751 0.762 0.762 0.792 0.793 0.814 0.838 0.827 0.815 0.799 0.787 0.776 0.764 0.737 0.723 0.745 0.742 0.744 0.767 0.729 0.762 0.734 0.718 0.699 0.680 0.688 0.704 0.701 0.693 0.686 0.674 0.664 0.652 0.651 0.645 0.645 0.644 0.642 0.641 0.642 0.641 0.651 0.649 0.644 0.637 0.636 0.635 0.634 0.633 0.632
-999.000 0.814 0.801 0.790 0.758 0.746 0.721 0.719 0.716 0.714 0.711 0.709 0.712 0.717 0.725 0.752 0.750 0.742 0.746 0.753 0.742 0.749 0.758 0.761 0.781 0.819 0.824 0.848 0.865 0.823 0.756 0.773 0.774 0.772 0.765 0.778 0.752 0.720 0.715 0.721 0.769 0.762 0.722 0.736 0.718 0.699 0.684 0.674 0.694 0.697 0.694 0.684 0.669 0.662 0.655 0.648 0.645 0.643 0.643 0.642 0.642 0.644 0.645 0.643 0.640 0.639 0.638 0.637 0.636 0.635 0.637 0.643 0.645
-999.000 -999.000 -999.000 0.817 0.785 0.780 0.732 0.722 0.720 0.717 0.714 0.712 0.709 0.709 0.725 0.741 0.734 0.733 0.745 0.741 0.752 0.763 0.776 0.779 0.748 0.754 0.771 0.780 0.782 0.758 0.745 0.729 0.723 0.737 0.771 0.772 0.755 0.735 0.710 0.709 0.764 0.739 0.712 0.724 0.703 0.692 0.675 0.681 0.692 0.692 0.687 0.680 0.665 0.651 0.647 0.645 0.643 0.643 0.644 0.650 0.650 0.650 0.650 0.646 0.642 0.641 0.642 0.652 0.653 0.662 0.660 0.668 0.673
-999.000 -999.000 -999.000 0.835 0.801 0.794 0.746 0.726 0.723 0.720 0.717 0.714 0.712 0.709 0.720 0.730 0.719 0.729 0.735 0.741 0.740 0.743 0.741 0.735 0.742 0.777 0.769 0.774 0.768 0.746 0.728 0.717 0.731 0.779 0.782 0.759 0.748 0.724 0.708 0.701 0.739 0.727 0.698 0.702 0.691 0.681 0.669 0.673 0.685 0.681 0.673 0.667 0.654 0.646 0.645 0.645 0.646 0.665 0.673 0.682 0.709 0.670 0.666 0.681 0.658 0.659 0.669 0.662 0.657 0.680 0.687 0.693 0.685
-999.000 -999.000 -999.000 0.830 0.810 0.812 0.768 0.738 0.728 0.723 0.720 0.717 0.714 0.712 0.713 0.713 0.727 0.739 0.742 0.725 0.734 0.747 0.754 0.769 0.801 0.781 0.775 0.782 0.786 0.751 0.733 0.718 0.727 0.767 0.776 0.753 0.726 0.702 0.695 0.709 0.717 0.699 0.686 0.691 0.682 0.672 0.664 0.682 0.674 0.661 0.659 0.652 0.647 0.646 0.645 0.648 0.666 0.690 0.712 0.718 0.681 0.690 0.691 0.708 0.692 0.693 0.700 0.675 0.675 0.711 0.730 0.717 0.701
-999.000 -999.000 -999.000 0.835 0.829 0.837 0.801 0.760 0.749 0.727 0.723 0.720 0.717 0.715 0.714 0.713 0.712 0.722 0.716 0.736 0.762 0.768 0.770 0.785 0.763 0.784 0.796 0.807 0.783 0.749 0.777 0.732 0.705 0.755 0.761 0.736 0.712 0.698 0.678 0.712 0.699 0.687 0.679 0.679 0.673 0.661 0.666 0.672 0.659 0.650 0.648 0.647 0.647 0.647 0.664 0.662 0.661 0.681 0.679 0.706 0.738 0.739 0.709 0.751 0.715 0.740 0.723 0.693 0.670 0.709 0.749 0.738 0.714
-999.000 -999.000 0.854 0.855 0.862 0.845 0.817 0.785 0.753 0.731 0.726 0.722 0.718 0.716 0.720 0.720 0.716 0.735 0.737 0.725 0.731 0.734 0.760 0.753 0.781 0.830 0.835 0.790 0.763 0.776 0.795 0.731 0.704 0.748 0.748 0.715 0.697 0.685 0.692 0.689 0.686 0.677 0.671 0.672 0.667 0.654 0.657 0.652 0.650 0.650 0.648 0.651 0.653 0.663 0.684 0.679 0.657 0.667 0.684 0.721 0.747 0.750 0.741 0.743 0.739 0.755 0.744 0.712 0.682 0.708 0.757 0.753 0.732
-999.000 0.846 0.845 0.851 0.840 0.838 0.826 0.784 0.755 0.737 0.729 0.725 0.721 0.717 0.714 0.712 0.724 0.754 0.758 0.754 0.750 0.757 0.755 0.777 0.807 0.833 0.809 0.789 0.789 0.815 0.774 0.738 0.706 0.716 0.723 0.709 0.690 0.671 0.680 0.678 0.674 0.670 0.669 0.661 0.654 0.653 0.652 0.651 0.652 0.654 0.663 0.667 0.679 0.686 0.694 0.681 0.683 0.654 0.690 0.706 0.723 0.748 0.753 0.762 0.765 0.752 0.736 0.712 0.684 0.727 0.743 0.762 0.731
0.864 0.855 0.832 0.826 0.826 0.812 0.815 0.779 0.755 0.753 0.742 0.741 0.722 0.718 0.717 0.716 0.722 0.754 0.773 0.774 0.789 0.755 0.791 0.834 0.827 0.816 0.810 0.816 0.839 0.827 0.803 0.752 0.713 0.696 0.700 0.689 0.680 0.669 0.676 0.671 0.671 0.661 0.657 0.655 0.654 0.653 0.655 0.670 0.670 0.677 0.683 0.693 0.686 0.711 0.717 0.692 0.701 0.665 0.676 0.709 0.734 0.760 0.759 0.776 0.774 0.753 0.758 0.740 0.692 0.729 0.775 0.755 0.740
0.876 0.847 0.868 0.864 0.857 0.833 0.795 0.768 0.773 0.779 0.768 0.769 0.731 0.721 0.723 0.722 0.731 0.777 0.783 0.800 0.793 0.755 0.804 0.822 0.815 0.795 0.780 0.785 0.762 0.787 0.788 0.734 0.707 0.693 0.685 0.673 0.669 0.665 0.663 0.672 0.660 0.659 0.657 0.656 0.655 0.659 0.686 0.689 0.691 0.697 0.714 0.711 0.686 0.719 0.741 0.724 0.696 0.673 0.678 0.711 0.732 0.743 0.747 0.759 0.776 0.779 0.766 0.735 0.695 0.728 0.767 0.776 0.750
0.874 0.875 0.893 0.866 0.843 0.814 0.781 0.789 0.794 0.816 0.794 0.773 0.747 0.736 0.718 0.719 0.762 0.786 0.799 0.839 0.787 0.766 0.814 0.823 0.799 0.807 0.758 0.744 0.726 0.713 0.717 0.732 0.693 0.687 0.668 0.666 0.665 0.664 0.663 0.661 0.659 0.658 0.657 0.662 0.670 0.663 0.688 0.709 0.713 0.711 0.735 0.738 0.708 0.715 0.746 0.740 0.714 0.685 0.672 0.697 0.712 0.723 0.746 0.753 0.767 0.762 0.750 0.727 0.697 0.723 0.744 0.762 0.783
0.885 0.900 0.891 0.864 0.850 0.812 0.791 0.801 0.830 0.833 0.823 0.778 0.753 0.724 0.718 0.733 0.763 0.771 0.820 0.848 0.807 0.831 0.832 0.814 0.771 0.778 0.758 0.727 0.707 0.699 0.696 0.717 0.692 0.671 0.669 0.667 0.665 0.664 0.662 0.661 0.665 0.673 0.678 0.682 0.676 0.659 0.689 0.706 0.723 0.737 0.748 0.750 0.721 0.731 0.767 0.749 0.719 0.696 0.673 0.686 0.708 0.716 0.734 0.747 0.762 0.752 0.741 0.722 0.706 0.737 0.755 0.775 0.766
0.915 0.929 0.901 0.874 0.835 0.801 0.811 0.823 0.840 0.844 0.817 0.782 0.760 0.725 0.719 0.726 0.760 0.794 0.836 0.847 0.830 0.830 0.822 0.809 0.780 0.747 0.733 0.730 0.716 0.706 0.686 0.681 0.674 0.670 0.669 0.667 0.665 0.664 0.670 0.678 0.685 0.692 0.698 0.697 0.683 0.663 0.685 0.706 0.722 0.741 0.756 0.770 0.755 0.745 0.777 0.753 0.739 0.712 0.681 0.683 0.711 0.750 0.743 0.776 0.787 0.762 0.744 0.706 0.729 0.740 0.761 0.780 0.776
0.934 0.928 0.905 0.871 0.829 0.801 0.826 0.820 0.862 0.849 0.798 0.797 0.799 0.745 0.723 0.717 0.748 0.770 0.810 0.862 0.853 0.834 0.809 0.801 0.787 0.762 0.729 0.722 0.705 0.706 0.682 0.678 0.674 0.670 0.669 0.673 0.683 0.688 0.678 0.700 0.708 0.714 0.718 0.714 0.692 0.662 0.687 0.700 0.708 0.714 0.744 0.775 0.758 0.755 0.767 0.776 0.751 0.716 0.690 0.685 0.716 0.752 0.750 0.754 0.779 0.769 0.744 0.705 0.741 0.761 0.787 0.775 0.752
0.903 0.885 0.871 0.852 0.820 0.816 0.855 0.866 0.847 0.877 0.831 0.850 0.802 0.770 0.728 0.720 0.725 0.757 0.776 0.813 0.832 0.830 0.833 0.802 0.779 0.771 0.738 0.705 0.690 0.679 0.678 0.675 0.672 0.671 0.686 0.703 0.708 0.694 0.685 0.699 0.723 0.740 0.742 0.727 0.700 0.669 0.679 0.697 0.713 0.733 0.752 0.777 0.758 0.772 0.774 0.755 0.747 0.722 0.696 0.681 0.708 0.741 0.764 0.764 0.795 0.759 0.735 0.707 0.743 0.767 0.797 0.763 0.759
0.896 0.910 0.864 0.825 0.817 0.848 0.846 0.885 0.907 0.932 0.870 0.835 0.779 0.756 0.746 0.718 0.718 0.754 0.802 0.809 0.819 0.822 0.848 0.792 0.758 0.776 0.728 0.697 0.681 0.678 0.676 0.675 0.677 0.702 0.713 0.721 0.719 0.717 0.693 0.711 0.710 0.744 0.749 0.729 0.701 0.675 0.669 0.698 0.720 0.744 0.766 0.785 0.772 0.787 0.776 0.766 0.741 0.706 0.695 0.688 0.692 0.716 0.735 0.758 0.781 0.770 0.743 0.729 0.745 0.773 0.801 0.780 0.790
0.892 0.870 0.840 0.825 0.845 0.873 0.890 0.913 0.966 0.942 0.852 0.803 0.790 0.803 0.748 0.717 0.713 0.741 0.793 0.828 0.814 0.797 0.800 0.753 0.737 0.728 0.692 0.682 0.680 0.678 0.676 0.681 0.710 0.734 0.738 0.743 0.744 0.720 0.704 0.730 0.746 0.755 0.755 0.721 0.689 0.685 0.680 0.681 0.703 0.718 0.758 0.780 0.786 0.799 0.779 0.762 0.739 0.701 0.729 0.715 0.692 0.714 0.743 0.749 0.779 0.799 0.749 0.732 0.770 0.782 0.802 0.776 0.767
0.853 0.847 0.827 0.818 0.864 0.909 0.915 0.975 0.931 0.894 0.875 0.846 0.822 0.815 0.773 0.725 0.712 0.731 0.769 0.801 0.823 0.762 0.744 0.721 0.705 0.693 0.684 0.682 0.680 0.678 0.685 0.715 0.701 0.732 0.739 0.770 0.771 0.731 0.718 0.752 0.764 0.775 0.752 0.707 0.690 0.708 0.694 0.680 0.688 0.718 0.742 0.763 0.785 0.785 0.781 0.773 0.737 0.717 0.760 0.744 0.714 0.692 0.733 0.766 0.774 0.793 0.747 0.739 0.779 0.805 0.814 0.769 0.744
0.847 0.841 0.861 0.840 0.849 0.924 0.909 0.914 0.877 0.854 0.851 0.852 0.850 0.866 0.781 0.734 0.712 0.726 0.755 0.800 0.771 0.729 0.713 0.694 0.689 0.687 0.684 0.682 0.682 0.692 0.714 0.728 0.712 0.709 0.740 0.757 0.779 0.742 0.725 0.753 0.779 0.780 0.757 0.708 0.710 0.738 0.726 0.708 0.680 0.702 0.720 0.736 0.760 0.785 0.776 0.777 0.778 0.724 0.768 0.773 0.743 0.699 0.727 0.753 0.802 0.803 0.762 0.750 0.765 0.789 0.836 0.785 0.750
0.873 0.887 0.918 0.885 0.863 0.880 0.891 0.929 0.871 0.843 0.838 0.835 0.792 0.781 0.770 0.739 0.711 0.709 0.741 0.773 0.740 0.712 0.696 0.691 0.689 0.687 0.691 0.693 0.699 0.717 0.733 0.741 0.729 0.737 0.731 0.759 0.789 0.754 0.737 0.766 0.787 0.780 0.762 0.715 0.715 0.751 0.758 0.744 0.707 0.684 0.716 0.755 0.776 0.801 0.798 0.790 0.774 0.735 0.759 0.767 0.744 0.706 0.711 0.740 0.795 0.840 0.781 0.783 0.790 0.793 0.818 0.777 0.754
-999.000 -999.000 -999.000 0.875 0.875 0.887 0.922 0.969 0.883 0.841 0.854 0.870 0.865 0.831 0.795 0.744 0.717 0.707 0.712 0.738 0.709 0.697 0.693 0.691 0.688 0.690 0.714 0.712 0.735 0.747 0.769 0.765 0.745 0.759 0.761 0.764 0.779 0.752 0.745 0.779 0.806 0.783 0.750 0.719 0.725 0.747 0.779 0.756 0.726 0.701 0.700 0.734 0.747 0.780 0.804 0.777 0.766 0.742 0.760 0.784 0.752 0.721 0.703 0.735 0.779 0.813 0.811 0.823 0.818 0.803 0.816 0.810 0.770
-999.000 -999.000 -999.000 -999.000 -999.000 -999.000 0.921 0.923 0.935 0.900 0.873 0.893 0.835 0.808 0.765 0.741 0.723 0.706 0.703 0.702 0.698 0.695 0.693 0.690 0.689 0.710 0.734 0.730 0.758 0.776 0.791 0.779 0.771 0.751 0.801 0.787 0.784 0.748 0.756 0.789 0.810 0.794 0.759 0.724 0.730 0.756 0.791 0.763 0.757 0.722 0.699 0.702 0.732 0.762 0.769 0.790 0.763 0.742 0.770 0.806 0.769 0.725 0.700 0.733 0.765 0.774 0.823 0.826 0.862 0.827 0.837 0.822 0.771
-999.000 -999.000 -999.000 -999.000 -999.000 -999.000 0.884 0.884 0.886 0.837 0.830 0.833 0.824 0.777 0.749 0.720 0.755 0.710 0.702 0.700 0.697 0.695 0.692 0.694 0.717 0.747 0.759 0.771 0.787 0.781 0.772 0.760 0.781 0.773 0.783 0.795 0.771 0.764 0.757 0.793 0.809 0.819 0.781 0.745 0.722 0.769 0.812 0.777 0.750 0.721 0.715 0.693 0.714 0.733 0.752 0.786 0.771 0.752 0.770 0.794 0.814 0.747 0.702 0.751 0.779 0.776 0.804 0.829 0.888 0.856 0.820 0.769 0.746
-999.000 -999.000 -999.000 -999.000 -999.000 0.907 0.844 0.882 0.872 0.855 0.852 0.839 0.775 0.756 0.726 0.766 0.779 0.744 0.717 0.699 0.697 0.694 0.702 0.723 0.748 0.758 0.744 0.728 0.760 0.757 0.742 0.739 0.761 0.782 0.802 0.800 0.778 0.785 0.765 0.781 0.811 0.837 0.783 0.753 0.722 0.754 0.789 0.779 0.746 0.769 0.733 0.704 0.694 0.716 0.743 0.773 0.804 0.773 0.748 0.771 0.784 0.751 0.710 0.735 0.757 0.774 0.787 0.822 0.884 0.865 0.818 0.758 0.716
-999.000 -999.000 -999.000 -999.000 -999.000 0.893 0.835 0.842 0.872 0.871 0.839 0.820 0.780 0.735 0.769 0.787 0.759 0.727 0.702 0.699 0.709 0.724 0.741 0.750 0.758 0.738 0.724 0.711 0.734 0.724 0.729 0.732 0.751 0.776 0.806 0.823 0.793 0.816 0.805 0.786 0.799 0.817 0.789 0.764 0.728 0.749 0.792 0.771 0.757 0.794 0.765 0.732 0.693 0.708 0.736 0.762 0.776 0.795 0.761 0.763 0.771 0.750 0.727 0.720 0.738 0.755 0.772 0.790 0.874 0.854 0.813 0.791 0.735
