Source/meteoio/tests/2D_interpolations/2009-01-19T12.00.00_PSUM_ref.asc
ncols               386
nrows               229
xllcorner    479500.000
yllcorner     73500.000
cellsize       1000.000
NODATA_value -999
[rows 99 to 131 of 229, columns 73 to 145 of 386]
0.498 0.447 0.400 0.363 0.312 0.294 0.294 0.294 0.294 0.294 0.294 0.294 0.294 0.294 0.294 0.294 0.294 0.295 0.295 0.295 0.295 0.295 0.295 0.295 0.296 0.297 0.298 0.298 0.301 0.324 0.362 0.354 0.385 0.318 0.380 0.353 0.363 0.425 0.418 0.417 0.370 0.415 0.407 0.398 0.400 0.399 0.392 0.358 0.371 0.348 0.380 0.412 0.440 0.503 0.605 0.591 0.418 0.574 0.579 0.641 0.596 0.536 0.485 0.546 0.493 0.569 0.471 0.525 0.521 0.514 0.434 0.462 0.473
0.413 0.374 0.337 0.308 0.295 0.294 0.294 0.294 0.294 0.294 0.294 0.294 0.294 0.294 0.294 0.294 0.294 0.296 0.297 0.295 0.298 0.312 0.295 0.296 0.296 0.297 0.298 0.300 0.303 0.327 0.336 0.342 0.347 0.391 0.319 0.360 0.330 0.367 0.355 0.385 0.370 0.359 0.352 0.361 0.330 0.344 0.380 0.335 0.360 0.377 0.388 0.373 0.406 0.459 0.504 0.504 0.481 0.575 0.545 0.597 0.612 0.504 0.544 0.549 0.543 0.580 0.502 0.530 0.548 0.542 0.431 0.460 0.566
0.377 0.335 0.329 0.300 0.296 0.294 0.294 0.294 0.294 0.294 0.294 0.294 0.294 0.294 0.294 0.294 0.297 0.298 0.316 0.375 0.425 0.379 0.299 0.295 0.296 0.297 0.298 0.317 0.332 0.312 0.332 0.336 0.322 0.370 0.366 0.385 0.406 0.343 0.373 0.343 0.330 0.354 0.330 0.347 0.378 0.377 0.382 0.384 0.381 0.382 0.381 0.376 0.396 0.385 0.430 0.470 0.432 0.495 0.569 0.612 0.565 0.468 0.616 0.598 0.617 0.516 0.557 0.521 0.630 0.546 0.454 0.438 0.574
0.345 0.322 0.341 0.298 0.294 0.294 0.294 0.294 0.294 0.294 0.294 0.294 0.294 0.294 0.296 0.310 0.324 0.333 0.336 0.351 0.326 0.294 0.294 0.294 0.296 0.298 0.304 0.335 0.356 0.335 0.346 0.366 0.325 0.395 0.438 0.479 0.444 0.446 0.439 0.402 0.411 0.419 0.365 0.381 0.377 0.377 0.377 0.384 0.358 0.402 0.398 0.401 0.464 0.467 0.407 0.383 0.405 0.497 0.533 0.603 0.575 0.484 0.637 0.612 0.610 0.571 0.576 0.591 0.630 0.596 0.468 0.444 0.551
0.339 0.342 0.311 0.294 0.294 0.294 0.294 0.294 0.294 0.294 0.294 0.294 0.294 0.298 0.318 0.340 0.359 0.367 0.316 0.294 0.294 0.294 0.294 0.294 0.297 0.307 0.362 0.376 0.347 0.344 0.339 0.358 0.326 0.398 0.433 0.456 0.413 0.388 0.381 0.384 0.394 0.393 0.394 0.385 0.383 0.379 0.372 0.349 0.365 0.379 0.381 0.381 0.424 0.485 0.495 0.486 0.385 0.473 0.529 0.534 0.474 0.549 0.661 0.595 0.630 0.696 0.677 0.618 0.626 0.562 0.520 0.457 0.452
0.329 0.321 0.294 0.294 0.294 0.294 0.294 0.294 0.294 0.294 0.294 0.294 0.334 0.335 0.354 0.385 0.394 0.329 0.294 0.294 0.294 0.294 0.294 0.306 0.339 0.372 0.379 0.374 0.369 0.337 0.353 0.364 0.328 0.366 0.404 0.428 0.397 0.412 0.412 0.425 0.432 0.407 0.393 0.388 0.433 0.405 0.384 0.372 0.349 0.364 0.374 0.384 0.384 0.393 0.410 0.437 0.391 0.450 0.523 0.478 0.476 0.553 0.548 0.565 0.576 0.601 0.729 0.672 0.634 0.504 0.466 0.488 0.565
0.294 0.294 0.294 0.294 0.294 0.294 0.294 0.294 0.294 0.294 0.294 0.329 0.357 0.360 0.369 0.363 0.298 0.294 0.294 0.294 0.294 0.294 0.305 0.311 0.368 0.379 0.389 0.385 0.370 0.371 0.356 0.357 0.368 0.388 0.409 0.425 0.413 0.437 0.427 0.443 0.454 0.446 0.391 0.415 0.446 0.394 0.425 0.459 0.425 0.375 0.349 0.354 0.390 0.403 0.390 0.408 0.455 0.407 0.440 0.495 0.559 0.506 0.534 0.585 0.639 0.631 0.666 0.670 0.584 0.478 0.463 0.547 0.578
0.294 0.294 0.294 0.294 0.294 0.294 0.294 0.294 0.294 0.294 0.320 0.329 0.343 0.340 0.334 0.298 0.296 0.294 0.294 0.294 0.294 0.303 0.320 0.326 0.372 0.389 0.397 0.397 0.368 0.364 0.364 0.351 0.334 0.392 0.393 0.418 0.438 0.435 0.425 0.435 0.446 0.403 0.449 0.451 0.423 0.430 0.419 0.520 0.560 0.415 0.358 0.349 0.350 0.398 0.389 0.390 0.415 0.416 0.435 0.456 0.494 0.512 0.540 0.652 0.598 0.596 0.604 0.612 0.487 0.517 0.504 0.471 0.561
0.294 0.294 0.294 0.294 0.294 0.294 0.294 0.294 0.294 0.309 0.339 0.349 0.342 0.313 0.298 0.298 0.297 0.295 0.295 0.297 0.314 0.308 0.329 0.372 0.397 0.372 0.381 0.394 0.367 0.371 0.360 0.374 0.336 0.398 0.395 0.427 0.429 0.413 0.441 0.439 0.436 0.412 0.469 0.511 0.436 0.460 0.484 0.509 0.472 0.431 0.382 0.350 0.351 0.352 0.381 0.385 0.402 0.423 0.442 0.506 0.517 0.531 0.513 0.534 0.507 0.521 0.574 0.562 0.486 0.585 0.607 0.562 0.484
0.294 0.294 0.294 0.294 0.294 0.294 0.295 0.296 0.309 0.333 0.351 0.352 0.340 0.298 0.298 0.298 0.298 0.298 0.300 0.305 0.311 0.334 0.374 0.405 0.392 0.365 0.364 0.363 0.388 0.370 0.336 0.347 0.344 0.342 0.376 0.388 0.365 0.392 0.401 0.452 0.426 0.467 0.453 0.436 0.442 0.464 0.577 0.584 0.569 0.583 0.488 0.363 0.355 0.353 0.355 0.368 0.401 0.402 0.469 0.515 0.596 0.605 0.487 0.473 0.464 0.470 0.502 0.494 0.521 0.531 0.618 0.666 0.520
0.294 0.294 0.294 0.294 0.294 0.294 0.305 0.321 0.333 0.326 0.336 0.337 0.316 0.299 0.298 0.299 0.298 0.300 0.336 0.329 0.315 0.378 0.382 0.402 0.386 0.402 0.383 0.392 0.399 0.370 0.377 0.388 0.389 0.398 0.371 0.383 0.405 0.377 0.384 0.378 0.411 0.418 0.457 0.459 0.485 0.523 0.529 0.590 0.595 0.596 0.572 0.445 0.358 0.367 0.355 0.356 0.384 0.405 0.455 0.525 0.599 0.534 0.453 0.495 0.532 0.571 0.604 0.554 0.583 0.585 0.627 0.696 0.656
0.294 0.294 0.294 0.294 0.294 0.310 0.334 0.334 0.336 0.339 0.320 0.302 0.301 0.299 0.299 0.300 0.303 0.316 0.344 0.326 0.365 0.357 0.362 0.389 0.409 0.409 0.441 0.398 0.373 0.377 0.377 0.401 0.425 0.429 0.404 0.413 0.408 0.386 0.443 0.466 0.463 0.436 0.454 0.479 0.490 0.481 0.527 0.567 0.652 0.609 0.554 0.422 0.364 0.557 0.382 0.357 0.362 0.401 0.420 0.478 0.456 0.452 0.464 0.577 0.580 0.618 0.555 0.617 0.684 0.682 0.672 0.727 0.680
0.294 0.294 0.294 0.294 0.316 0.328 0.336 0.339 0.327 0.311 0.303 0.301 0.301 0.301 0.301 0.304 0.322 0.353 0.384 0.378 0.406 0.408 0.395 0.396 0.433 0.434 0.410 0.365 0.385 0.384 0.402 0.411 0.421 0.435 0.432 0.414 0.439 0.430 0.451 0.472 0.490 0.437 0.499 0.552 0.548 0.596 0.580 0.513 0.569 0.597 0.552 0.384 0.360 0.559 0.532 0.358 0.360 0.379 0.425 0.440 0.482 0.451 0.500 0.575 0.643 0.709 0.660 0.732 0.734 0.750 0.610 0.652 0.653
0.294 0.294 0.294 0.316 0.330 0.339 0.342 0.337 0.312 0.304 0.303 0.302 0.302 0.302 0.309 0.338 0.362 0.421 0.346 0.382 0.401 0.395 0.391 0.391 0.446 0.447 0.399 0.370 0.391 0.407 0.433 0.450 0.439 0.419 0.411 0.468 0.465 0.437 0.480 0.532 0.536 0.441 0.427 0.474 0.537 0.580 0.634 0.613 0.588 0.568 0.535 0.378 0.365 0.552 0.541 0.451 0.360 0.366 0.426 0.477 0.559 0.438 0.548 0.661 0.677 0.748 0.799 0.743 0.698 0.665 0.641 0.552 0.541
0.294 0.294 0.316 0.331 0.333 0.342 0.340 0.323 0.305 0.305 0.304 0.303 0.304 0.315 0.353 0.385 0.393 0.384 0.386 0.411 0.418 0.406 0.437 0.442 0.397 0.392 0.365 0.401 0.408 0.432 0.460 0.452 0.475 0.446 0.445 0.474 0.489 0.452 0.488 0.501 0.449 0.487 0.541 0.516 0.548 0.555 0.541 0.593 0.650 0.624 0.588 0.392 0.364 0.534 0.573 0.520 0.361 0.363 0.411 0.455 0.557 0.452 0.602 0.708 0.719 0.651 0.626 0.647 0.627 0.649 0.574 0.646 0.678
0.294 0.321 0.329 0.330 0.336 0.342 0.312 0.305 0.305 0.305 0.302 0.305 0.312 0.340 0.391 0.425 0.437 0.357 0.420 0.402 0.423 0.442 0.470 0.449 0.378 0.391 0.395 0.399 0.411 0.429 0.463 0.461 0.478 0.446 0.455 0.486 0.480 0.544 0.482 0.475 0.506 0.507 0.539 0.534 0.528 0.524 0.537 0.547 0.696 0.693 0.638 0.438 0.365 0.412 0.561 0.469 0.373 0.363 0.384 0.456 0.550 0.420 0.480 0.496 0.560 0.630 0.663 0.655 0.746 0.651 0.586 0.657 0.786
0.371 0.348 0.336 0.332 0.329 0.313 0.308 0.306 0.306 0.307 0.307 0.319 0.340 0.358 0.373 0.376 0.367 0.411 0.419 0.428 0.447 0.455 0.412 0.375 0.401 0.403 0.395 0.414 0.453 0.440 0.456 0.452 0.501 0.469 0.470 0.474 0.491 0.534 0.524 0.455 0.548 0.557 0.455 0.502 0.565 0.540 0.585 0.620 0.571 0.610 0.596 0.458 0.370 0.367 0.422 0.430 0.404 0.366 0.392 0.425 0.431 0.427 0.493 0.603 0.664 0.735 0.752 0.692 0.715 0.683 0.591 0.722 0.766
0.397 0.369 0.360 0.324 0.319 0.313 0.308 0.308 0.307 0.308 0.320 0.327 0.337 0.378 0.403 0.396 0.437 0.444 0.457 0.455 0.452 0.402 0.398 0.427 0.432 0.389 0.413 0.438 0.462 0.447 0.455 0.448 0.498 0.438 0.486 0.514 0.489 0.524 0.452 0.519 0.549 0.536 0.518 0.543 0.491 0.584 0.686 0.681 0.644 0.672 0.603 0.493 0.397 0.370 0.374 0.415 0.413 0.366 0.367 0.385 0.393 0.496 0.600 0.733 0.797 0.733 0.660 0.673 0.661 0.683 0.673 0.614 0.672
0.391 0.426 0.350 0.331 0.325 0.325 0.353 0.315 0.309 0.331 0.327 0.355 0.355 0.377 0.400 0.436 0.437 0.455 0.474 0.488 0.422 0.430 0.434 0.422 0.425 0.448 0.365 0.451 0.474 0.451 0.446 0.459 0.447 0.452 0.543 0.602 0.522 0.493 0.453 0.546 0.551 0.572 0.548 0.548 0.506 0.598 0.546 0.538 0.539 0.556 0.578 0.526 0.417 0.373 0.374 0.425 0.412 0.374 0.374 0.385 0.398 0.466 0.582 0.587 0.652 0.623 0.609 0.674 0.640 0.645 0.651 0.639 0.673
0.404 0.373 0.384 0.400 0.357 0.353 0.338 0.320 0.310 0.336 0.352 0.445 0.404 0.382 0.406 0.438 0.455 0.462 0.466 0.447 0.426 0.438 0.454 0.466 0.463 0.442 0.376 0.457 0.460 0.430 0.452 0.517 0.538 0.497 0.544 0.574 0.543 0.564 0.555 0.578 0.555 0.598 0.561 0.531 0.513 0.518 0.538 0.573 0.623 0.554 0.525 0.529 0.457 0.377 0.378 0.430 0.398 0.370 0.374 0.388 0.419 0.417 0.433 0.493 0.525 0.556 0.598 0.590 0.626 0.629 0.638 0.678 0.716
0.419 0.411 0.416 0.442 0.391 0.370 0.330 0.319 0.322 0.349 0.419 0.440 0.438 0.418 0.418 0.417 0.421 0.424 0.449 0.428 0.453 0.459 0.480 0.483 0.454 0.431 0.389 0.453 0.472 0.473 0.467 0.478 0.498 0.523 0.557 0.552 0.544 0.484 0.616 0.568 0.569 0.626 0.577 0.559 0.563 0.542 0.610 0.688 0.662 0.654 0.556 0.541 0.485 0.384 0.381 0.447 0.383 0.391 0.376 0.416 0.471 0.498 0.538 0.604 0.611 0.578 0.576 0.588 0.628 0.631 0.664 0.706 0.807
0.383 0.443 0.469 0.436 0.384 0.342 0.324 0.313 0.333 0.345 0.392 0.425 0.430 0.407 0.443 0.425 0.424 0.427 0.454 0.464 0.449 0.427 0.415 0.456 0.440 0.381 0.387 0.501 0.503 0.466 0.494 0.490 0.484 0.515 0.518 0.539 0.577 0.548 0.624 0.619 0.663 0.643 0.637 0.575 0.569 0.532 0.598 0.661 0.682 0.649 0.603 0.597 0.551 0.390 0.387 0.400 0.402 0.381 0.374 0.375 0.383 0.508 0.444 0.489 0.501 0.445 0.445 0.466 0.497 0.647 0.735 0.739 0.703
0.412 0.466 0.478 0.439 0.366 0.336 0.327 0.315 0.345 0.413 0.441 0.459 0.436 0.449 0.462 0.480 0.500 0.477 0.465 0.465 0.431 0.401 0.426 0.407 0.431 0.431 0.460 0.495 0.515 0.473 0.484 0.521 0.549 0.535 0.522 0.581 0.605 0.653 0.662 0.689 0.712 0.767 0.683 0.602 0.573 0.549 0.611 0.582 0.578 0.590 0.624 0.655 0.515 0.397 0.423 0.453 0.425 0.377 0.378 0.377 0.380 0.393 0.405 0.436 0.503 0.556 0.615 0.666 0.688 0.590 0.602 0.677 0.699
0.459 0.484 0.434 0.389 0.370 0.326 0.318 0.328 0.403 0.457 0.498 0.460 0.457 0.458 0.499 0.523 0.501 0.490 0.486 0.467 0.434 0.444 0.441 0.392 0.418 0.442 0.422 0.480 0.495 0.513 0.521 0.565 0.612 0.606 0.591 0.556 0.548 0.675 0.685 0.816 0.823 0.702 0.631 0.649 0.608 0.607 0.609 0.663 0.691 0.722 0.658 0.566 0.428 0.408 0.468 0.431 0.432 0.396 0.382 0.382 0.381 0.389 0.406 0.460 0.581 0.665 0.695 0.738 0.666 0.645 0.672 0.778 0.828
0.467 0.468 0.390 0.377 0.386 0.325 0.321 0.408 0.432 0.477 0.485 0.476 0.470 0.472 0.500 0.497 0.496 0.510 0.456 0.437 0.454 0.459 0.398 0.458 0.461 0.484 0.493 0.492 0.453 0.498 0.551 0.581 0.575 0.610 0.609 0.600 0.552 0.585 0.718 0.685 0.699 0.763 0.753 0.728 0.761 0.686 0.725 0.711 0.801 0.774 0.697 0.541 0.430 0.418 0.466 0.455 0.436 0.426 0.387 0.385 0.384 0.383 0.418 0.634 0.639 0.691 0.730 0.753 0.721 0.687 0.750 0.729 0.883
0.433 0.384 0.419 0.408 0.324 0.322 0.382 0.398 0.456 0.494 0.476 0.476 0.488 0.498 0.499 0.489 0.494 0.464 0.436 0.485 0.470 0.401 0.440 0.473 0.508 0.510 0.508 0.540 0.491 0.495 0.513 0.587 0.610 0.648 0.690 0.621 0.581 0.568 0.606 0.618 0.695 0.808 0.861 0.869 0.892 0.773 0.847 0.823 0.888 0.903 0.739 0.625 0.460 0.440 0.453 0.453 0.440 0.425 0.392 0.389 0.387 0.385 0.384 0.493 0.583 0.691 0.787 0.863 0.879 0.737 0.786 0.876 0.983
0.420 0.470 0.449 0.420 0.325 0.373 0.413 0.458 0.481 0.510 0.506 0.503 0.503 0.483 0.495 0.501 0.496 0.476 0.479 0.493 0.480 0.469 0.409 0.520 0.545 0.523 0.520 0.516 0.505 0.543 0.562 0.522 0.618 0.670 0.673 0.593 0.580 0.582 0.646 0.724 0.823 0.928 1.050 1.088 0.930 0.984 1.033 0.912 0.937 0.988 0.785 0.608 0.506 0.456 0.486 0.473 0.439 0.432 0.394 0.393 0.389 0.386 0.383 0.389 0.522 0.640 0.653 0.806 0.869 0.832 0.831 0.912 1.023
0.466 0.452 0.443 0.329 0.337 0.400 0.465 0.494 0.535 0.528 0.548 0.501 0.462 0.460 0.462 0.457 0.441 0.425 0.475 0.486 0.477 0.478 0.460 0.504 0.530 0.569 0.533 0.562 0.569 0.587 0.588 0.588 0.554 0.615 0.602 0.608 0.562 0.641 0.763 0.889 1.032 1.056 0.987 0.975 1.038 1.146 1.097 1.108 1.058 0.981 0.749 0.727 0.582 0.476 0.482 0.499 0.460 0.440 0.424 0.418 0.389 0.385 0.383 0.383 0.395 0.483 0.676 0.717 0.708 0.704 0.838 0.945 1.147
0.462 0.437 0.407 0.332 0.365 0.448 0.500 0.522 0.544 0.556 0.508 0.467 0.480 0.447 0.464 0.461 0.461 0.453 0.464 0.466 0.474 0.480 0.419 0.520 0.528 0.555 0.584 0.604 0.662 0.618 0.666 0.680 0.600 0.647 0.708 0.665 0.601 0.668 0.830 0.888 0.842 0.927 0.894 0.863 0.995 0.976 0.986 1.071 0.999 0.881 0.926 0.902 0.699 0.556 0.497 0.465 0.477 0.448 0.446 0.428 0.405 0.384 0.383 0.383 0.383 0.383 0.540 0.660 0.607 0.717 0.834 1.024 1.190
0.414 0.420 0.332 0.395 0.434 0.471 0.538 0.528 0.519 0.515 0.477 0.467 0.459 0.481 0.510 0.502 0.518 0.510 0.513 0.512 0.510 0.494 0.464 0.591 0.660 0.664 0.613 0.671 0.715 0.778 0.863 0.808 0.628 0.785 0.843 0.865 0.741 0.596 0.616 0.694 0.708 0.800 0.796 0.761 0.798 0.928 0.972 1.032 1.139 1.019 1.005 0.978 0.897 0.770 0.630 0.494 0.470 0.472 0.472 0.456 0.407 0.432 0.384 0.383 0.383 0.383 0.383 0.472 0.545 0.627 0.757 1.120 0.823
0.425 0.342 0.342 0.437 0.490 0.493 0.536 0.494 0.491 0.474 0.477 0.485 0.480 0.526 0.528 0.535 0.531 0.569 0.538 0.530 0.503 0.464 0.545 0.606 0.604 0.543 0.649 0.774 0.862 0.926 0.800 0.683 0.726 0.881 1.058 1.003 0.865 0.624 0.828 0.842 0.747 0.808 0.879 0.959 0.898 1.095 1.109 1.178 1.213 1.231 1.192 1.291 1.289 1.014 1.023 0.805 0.621 0.472 0.434 0.434 0.427 0.438 0.417 0.392 0.383 0.383 0.383 0.383 0.383 0.416 0.571 0.703 0.977
0.431 0.338 0.367 0.467 0.509 0.537 0.503 0.483 0.480 0.500 0.526 0.499 0.535 0.578 0.589 0.585 0.658 0.658 0.631 0.599 0.523 0.464 0.518 0.555 0.507 0.587 0.700 0.840 1.052 0.898 0.747 0.817 0.756 0.941 1.115 0.990 0.753 0.687 0.911 0.960 0.753 0.966 0.976 0.959 0.994 1.186 1.340 1.351 1.309 1.129 1.136 1.115 1.081 1.111 1.285 1.052 0.887 0.819 0.544 0.432 0.439 0.418 0.410 0.447 0.391 0.383 0.383 0.383 0.383 0.383 0.426 0.730 1.009
0.354 0.375 0.440 0.473 0.546 0.514 0.493 0.493 0.521 0.555 0.549 0.533 0.555 0.617 0.681 0.659 0.689 0.791 0.682 0.627 0.563 0.494 0.471 0.496 0.541 0.642 0.778 0.977 1.046 0.861 0.763 0.961 0.923 0.888 1.001 0.878 0.700 0.849 0.996 0.993 0.769 0.935 1.057 0.940 1.198 1.276 1.171 1.034 1.086 1.107 1.023 0.860 1.152 1.174 1.227 1.219 1.371 1.275 1.084 0.719 0.524 0.447 0.408 0.425 0.428 0.428 0.391 0.383 0.383 0.383 0.383 0.668 0.739
