Source/meteoio/tests/2D_interpolations/2009-01-19T12.00.00_PSUM_ref.asc
ncols               386
nrows               229
xllcorner    479500.000
yllcorner     73500.000
cellsize       1000.000
NODATA_value -999
[rows 132 to 164 of 229, columns 0 to 72 of 386]
-999.000 -999.000 -999.000 -999.000 -999.000 -999.000 -999.000 -999.000 -999.000 -999.000 -999.000 -999.000 -999.000 -999.000 -999.000 -999.000 -999.000 -999.000 -999.000 -999.000 -999.000 -999.000 -999.000 -999.000 -999.000 -999.000 -999.000 -999.000 -999.000 -999.000 0.844 0.799 0.799 0.794 0.747 0.687 0.756 0.892 0.760 0.728 0.778 0.871 0.832 0.633 0.550 0.506 0.467 0.415 0.396 0.358 0.334 0.307 0.301 0.317 0.387 0.367 0.425 0.428 0.432 0.461 0.460 0.418 0.432 0.443 0.433 0.493 0.525 0.571 0.580 0.528 0.529 0.431 0.382
-999.000 -999.000 -999.000 -999.000 -999.000 -999.000 -999.000 -999.000 -999.000 -999.000 -999.000 -999.000 -999.000 -999.000 -999.000 -999.000 -999.000 -999.000 -999.000 -999.000 -999.000 -999.000 -999.000 -999.000 -999.000 -999.000 -999.000 -999.000 -999.000 0.914 0.852 0.802 0.758 0.730 0.693 0.688 0.753 0.754 0.738 0.748 0.860 0.826 0.663 0.570 0.519 0.491 0.437 0.422 0.365 0.349 0.336 0.307 0.304 0.341 0.404 0.396 0.422 0.422 0.441 0.454 0.442 0.446 0.456 0.446 0.463 0.502 0.515 0.535 0.549 0.555 0.451 0.361 0.346
-999.000 -999.000 -999.000 -999.000 -999.000 -999.000 -999.000 -999.000 -999.000 -999.000 -999.000 -999.000 -999.000 -999.000 -999.000 -999.000 -999.000 -999.000 -999.000 -999.000 -999.000 -999.000 -999.000 -999.000 -999.000 -999.000 -999.000 -999.000 0.959 0.880 0.785 0.758 0.738 0.718 0.688 0.708 0.756 0.755 0.756 0.820 0.820 0.670 0.590 0.529 0.491 0.459 0.416 0.392 0.367 0.342 0.360 0.365 0.346 0.355 0.409 0.405 0.422 0.420 0.437 0.448 0.431 0.441 0.463 0.455 0.491 0.523 0.523 0.504 0.501 0.403 0.400 0.373 0.474
-999.000 -999.000 -999.000 -999.000 -999.000 -999.000 -999.000 -999.000 -999.000 -999.000 -999.000 -999.000 -999.000 -999.000 -999.000 -999.000 -999.000 -999.000 -999.000 -999.000 -999.000 -999.000 -999.000 -999.000 -999.000 -999.000 -999.000 0.928 0.888 0.778 0.762 0.727 0.734 0.688 0.688 0.800 0.864 0.828 0.805 0.789 0.682 0.610 0.540 0.496 0.452 0.424 0.396 0.393 0.377 0.319 0.314 0.311 0.308 0.386 0.414 0.402 0.412 0.416 0.429 0.437 0.438 0.452 0.468 0.462 0.464 0.528 0.514 0.515 0.463 0.467 0.375 0.462 0.444
-999.000 -999.000 -999.000 -999.000 -999.000 -999.000 -999.000 -999.000 -999.000 -999.000 -999.000 -999.000 -999.000 -999.000 -999.000 -999.000 -999.000 -999.000 -999.000 -999.000 -999.000 -999.000 -999.000 -999.000 -999.000 -999.000 0.922 0.878 0.807 0.764 0.733 0.688 0.688 0.693 0.843 0.876 0.909 0.852 0.727 0.706 0.628 0.556 0.501 0.461 0.429 0.423 0.409 0.363 0.391 0.362 0.349 0.324 0.317 0.403 0.403 0.404 0.407 0.411 0.418 0.426 0.441 0.469 0.475 0.493 0.493 0.572 0.552 0.520 0.459 0.385 0.395 0.428 0.432
-999.000 -999.000 -999.000 -999.000 -999.000 -999.000 -999.000 -999.000 -999.000 -999.000 -999.000 -999.000 -999.000 -999.000 -999.000 -999.000 -999.000 -999.000 -999.000 -999.000 -999.000 -999.000 -999.000 -999.000 -999.000 0.936 0.877 0.829 0.778 0.729 0.688 0.688 0.710 0.884 0.928 0.957 0.888 0.938 0.748 0.693 0.585 0.516 0.466 0.439 0.422 0.412 0.376 0.384 0.395 0.382 0.345 0.302 0.366 0.390 0.398 0.398 0.405 0.410 0.428 0.439 0.456 0.479 0.486 0.527 0.541 0.589 0.573 0.514 0.465 0.465 0.428 0.472 0.416
-999.000 -999.000 -999.000 -999.000 -999.000 -999.000 -999.000 -999.000 -999.000 -999.000 -999.000 -999.000 -999.000 -999.000 -999.000 -999.000 -999.000 -999.000 -999.000 -999.000 -999.000 -999.000 -999.000 -999.000 0.929 0.891 0.833 0.781 0.726 0.688 0.688 0.725 0.862 0.923 0.980 0.948 0.902 0.951 0.740 0.597 0.525 0.482 0.445 0.440 0.427 0.403 0.379 0.406 0.395 0.387 0.302 0.336 0.357 0.381 0.408 0.406 0.406 0.416 0.427 0.455 0.492 0.505 0.516 0.542 0.576 0.589 0.592 0.536 0.472 0.515 0.443 0.525 0.425
-999.000 -999.000 -999.000 -999.000 -999.000 -999.000 -999.000 -999.000 -999.000 -999.000 -999.000 -999.000 -999.000 -999.000 -999.000 -999.000 -999.000 -999.000 -999.000 -999.000 -999.000 -999.000 -999.000 0.924 0.884 0.822 0.796 0.744 0.692 0.689 0.754 0.871 0.917 0.955 0.966 0.983 0.982 0.816 0.671 0.532 0.480 0.456 0.447 0.433 0.426 0.412 0.383 0.414 0.400 0.335 0.335 0.344 0.344 0.378 0.415 0.404 0.408 0.416 0.445 0.445 0.497 0.513 0.558 0.561 0.584 0.610 0.594 0.530 0.497 0.517 0.456 0.526 0.391
-999.000 -999.000 -999.000 -999.000 -999.000 -999.000 -999.000 -999.000 -999.000 -999.000 -999.000 -999.000 -999.000 -999.000 -999.000 -999.000 -999.000 -999.000 -999.000 -999.000 -999.000 -999.000 0.907 0.878 0.843 0.788 0.744 0.693 0.692 0.758 0.864 0.910 0.929 0.975 1.048 1.050 0.919 0.719 0.577 0.498 0.458 0.453 0.443 0.436 0.405 0.394 0.389 0.413 0.391 0.377 0.295 0.338 0.353 0.390 0.416 0.404 0.415 0.426 0.472 0.491 0.495 0.531 0.573 0.565 0.585 0.611 0.577 0.531 0.481 0.486 0.480 0.507 0.400
-999.000 -999.000 -999.000 -999.000 -999.000 -999.000 -999.000 -999.000 -999.000 -999.000 -999.000 -999.000 -999.000 -999.000 -999.000 -999.000 -999.000 -999.000 -999.000 -999.000 0.922 0.905 0.868 0.816 0.770 0.731 0.708 0.696 0.793 0.889 0.895 0.905 0.976 1.077 1.086 1.001 0.870 0.762 0.521 0.479 0.460 0.452 0.456 0.434 0.420 0.405 0.390 0.384 0.370 0.368 0.315 0.322 0.345 0.401 0.413 0.405 0.417 0.444 0.471 0.494 0.509 0.534 0.544 0.572 0.608 0.600 0.575 0.522 0.488 0.509 0.493 0.491 0.406
-999.000 -999.000 -999.000 -999.000 -999.000 -999.000 -999.000 -999.000 -999.000 -999.000 -999.000 -999.000 -999.000 -999.000 -999.000 -999.000 -999.000 -999.000 -999.000 0.914 0.880 0.847 0.842 0.777 0.754 0.713 0.700 0.807 0.923 0.950 0.907 0.978 1.045 1.076 1.010 0.944 0.883 0.683 0.493 0.477 0.459 0.466 0.463 0.429 0.416 0.410 0.380 0.376 0.369 0.344 0.286 0.308 0.347 0.397 0.405 0.399 0.416 0.450 0.470 0.480 0.514 0.523 0.528 0.595 0.613 0.627 0.593 0.532 0.506 0.492 0.511 0.472 0.406
-999.000 -999.000 -999.000 -999.000 -999.000 -999.000 -999.000 -999.000 -999.000 -999.000 -999.000 -999.000 -999.000 -999.000 -999.000 -999.000 -999.000 -999.000 -999.000 0.880 0.860 0.825 0.835 0.795 0.714 0.722 0.778 0.912 0.953 0.916 0.950 1.046 1.048 1.009 1.015 0.906 0.758 0.547 0.483 0.470 0.456 0.460 0.464 0.425 0.411 0.398 0.384 0.363 0.335 0.314 0.291 0.323 0.329 0.372 0.397 0.396 0.414 0.447 0.456 0.492 0.548 0.576 0.547 0.590 0.601 0.617 0.600 0.536 0.542 0.500 0.528 0.480 0.411
-999.000 -999.000 -999.000 -999.000 -999.000 -999.000 -999.000 -999.000 -999.000 -999.000 -999.000 -999.000 -999.000 -999.000 -999.000 -999.000 -999.000 -999.000 -999.000 -999.000 0.847 0.837 0.803 0.711 0.732 0.848 0.877 0.913 0.923 0.932 0.950 1.030 1.022 0.980 0.934 0.767 0.554 0.491 0.470 0.469 0.467 0.452 0.464 0.425 0.399 0.383 0.380 0.341 0.343 0.310 0.278 0.323 0.326 0.347 0.372 0.373 0.407 0.438 0.480 0.501 0.556 0.566 0.585 0.594 0.583 0.604 0.564 0.564 0.552 0.521 0.502 0.476 0.411
-999.000 -999.000 -999.000 -999.000 -999.000 -999.000 -999.000 -999.000 -999.000 -999.000 -999.000 -999.000 -999.000 -999.000 -999.000 -999.000 -999.000 -999.000 -999.000 -999.000 -999.000 0.818 0.710 0.749 0.803 0.878 0.913 0.914 0.927 0.936 1.007 1.026 0.915 0.911 0.740 0.558 0.502 0.476 0.472 0.480 0.479 0.467 0.467 0.424 0.396 0.368 0.372 0.332 0.329 0.317 0.278 0.295 0.324 0.329 0.348 0.368 0.405 0.428 0.469 0.513 0.528 0.560 0.582 0.598 0.584 0.580 0.603 0.580 0.545 0.548 0.507 0.454 0.433
-999.000 -999.000 -999.000 -999.000 -999.000 -999.000 -999.000 -999.000 -999.000 -999.000 -999.000 -999.000 -999.000 -999.000 -999.000 -999.000 -999.000 -999.000 -999.000 -999.000 -999.000 -999.000 0.758 0.872 0.880 0.929 0.914 0.902 0.928 0.973 0.973 0.900 0.882 0.737 0.568 0.512 0.486 0.476 0.485 0.487 0.458 0.464 0.441 0.426 0.378 0.353 0.340 0.362 0.337 0.300 0.318 0.268 0.298 0.297 0.315 0.346 0.398 0.426 0.451 0.519 0.497 0.550 0.563 0.569 0.575 0.607 0.589 0.570 0.520 0.535 0.485 0.455 0.441
-999.000 -999.000 -999.000 -999.000 -999.000 -999.000 -999.000 -999.000 -999.000 -999.000 -999.000 -999.000 -999.000 -999.000 -999.000 -999.000 -999.000 -999.000 -999.000 -999.000 -999.000 -999.000 0.893 0.919 0.982 0.958 0.915 0.920 0.936 0.911 0.817 0.794 0.729 0.605 0.522 0.491 0.477 0.481 0.492 0.470 0.459 0.463 0.424 0.408 0.357 0.349 0.360 0.349 0.331 0.309 0.311 0.309 0.267 0.282 0.302 0.320 0.357 0.417 0.417 0.442 0.487 0.514 0.536 0.536 0.560 0.569 0.573 0.541 0.499 0.511 0.479 0.459 0.483
-999.000 -999.000 -999.000 -999.000 -999.000 -999.000 -999.000 -999.000 -999.000 -999.000 -999.000 -999.000 -999.000 -999.000 -999.000 -999.000 -999.000 -999.000 -999.000 -999.000 0.739 0.888 0.936 1.017 0.986 0.916 0.908 0.968 0.889 0.771 0.744 0.692 0.642 0.591 0.503 0.476 0.460 0.465 0.473 0.473 0.438 0.444 0.415 0.385 0.345 0.324 0.353 0.334 0.329 0.305 0.306 0.297 0.264 0.275 0.282 0.291 0.328 0.394 0.386 0.432 0.437 0.474 0.486 0.523 0.563 0.558 0.526 0.494 0.477 0.469 0.467 0.503 0.465
-999.000 -999.000 -999.000 -999.000 -999.000 -999.000 -999.000 -999.000 -999.000 -999.000 -999.000 -999.000 -999.000 -999.000 -999.000 -999.000 -999.000 -999.000 -999.000 -999.000 0.872 0.951 0.994 1.033 0.919 0.894 0.979 0.955 0.900 0.798 0.708 0.737 0.626 0.528 0.492 0.473 0.465 0.460 0.469 0.463 0.403 0.429 0.401 0.358 0.352 0.342 0.319 0.320 0.309 0.285 0.269 0.274 0.272 0.272 0.267 0.271 0.288 0.323 0.358 0.397 0.414 0.425 0.450 0.517 0.542 0.522 0.497 0.511 0.476 0.469 0.507 0.488 0.446
-999.000 -999.000 -999.000 -999.000 -999.000 -999.000 -999.000 -999.000 -999.000 -999.000 -999.000 -999.000 -999.000 -999.000 -999.000 -999.000 -999.000 -999.000 -999.000 0.850 0.931 0.984 1.027 0.944 0.891 0.914 0.924 0.928 0.809 0.691 0.586 0.644 0.549 0.516 0.488 0.467 0.442 0.443 0.411 0.436 0.402 0.365 0.359 0.336 0.346 0.321 0.295 0.282 0.262 0.255 0.270 0.273 0.274 0.266 0.255 0.255 0.261 0.286 0.305 0.338 0.336 0.361 0.399 0.402 0.480 0.491 0.493 0.501 0.511 0.462 0.463 0.477 0.623
-999.000 -999.000 -999.000 -999.000 -999.000 -999.000 -999.000 -999.000 -999.000 -999.000 -999.000 -999.000 -999.000 -999.000 -999.000 -999.000 -999.000 -999.000 0.773 0.944 1.020 1.014 0.915 0.887 0.878 0.936 0.919 0.786 0.718 0.648 0.657 0.548 0.499 0.504 0.478 0.474 0.460 0.435 0.418 0.395 0.379 0.361 0.331 0.318 0.322 0.297 0.290 0.263 0.255 0.255 0.255 0.255 0.255 0.255 0.255 0.255 0.255 0.255 0.258 0.270 0.268 0.265 0.296 0.328 0.439 0.515 0.539 0.545 0.490 0.459 0.446 0.521 0.629
-999.000 -999.000 -999.000 -999.000 -999.000 -999.000 -999.000 -999.000 -999.000 -999.000 -999.000 -999.000 -999.000 -999.000 -999.000 -999.000 -999.000 -999.000 0.906 0.954 1.015 0.924 0.883 0.835 0.867 0.909 0.810 0.718 0.646 0.598 0.586 0.565 0.536 0.503 0.488 0.471 0.468 0.418 0.393 0.363 0.311 0.333 0.337 0.307 0.299 0.292 0.274 0.255 0.255 0.255 0.255 0.255 0.255 0.255 0.255 0.255 0.255 0.255 0.255 0.255 0.255 0.255 0.255 0.255 0.323 0.431 0.389 0.484 0.470 0.439 0.459 0.521 0.701
-999.000 -999.000 -999.000 -999.000 -999.000 -999.000 -999.000 -999.000 -999.000 -999.000 -999.000 -999.000 -999.000 -999.000 -999.000 -999.000 -999.000 -999.000 1.031 1.009 0.946 0.898 0.890 0.891 0.797 0.789 0.675 0.625 0.569 0.562 0.602 0.552 0.567 0.534 0.508 0.498 0.481 0.480 0.374 0.327 0.311 0.315 0.313 0.299 0.288 0.267 0.255 0.255 0.255 0.255 0.255 0.255 0.255 0.255 0.255 0.255 0.255 0.255 0.255 0.255 0.255 0.255 0.255 0.255 0.255 0.287 0.261 0.310 0.426 0.466 0.465 0.529 0.597
-999.000 -999.000 -999.000 -999.000 -999.000 -999.000 -999.000 -999.000 -999.000 -999.000 -999.000 -999.000 -999.000 -999.000 -999.000 -999.000 -999.000 0.864 0.930 1.015 0.931 0.891 0.863 0.780 0.750 0.678 0.646 0.577 0.531 0.529 0.555 0.597 0.546 0.503 0.478 0.439 0.386 0.359 0.300 0.303 0.293 0.289 0.288 0.288 0.277 0.255 0.255 0.255 0.255 0.255 0.255 0.255 0.255 0.255 0.255 0.255 0.255 0.255 0.255 0.255 0.255 0.255 0.255 0.255 0.255 0.255 0.255 0.255 0.302 0.389 0.408 0.486 0.524
-999.000 -999.000 -999.000 -999.000 -999.000 -999.000 -999.000 -999.000 -999.000 -999.000 -999.000 -999.000 -999.000 -999.000 -999.000 -999.000 0.826 0.882 0.906 0.923 0.918 0.916 0.860 0.760 0.712 0.641 0.524 0.527 0.496 0.502 0.527 0.520 0.478 0.399 0.362 0.314 0.292 0.287 0.274 0.286 0.274 0.276 0.264 0.255 0.255 0.255 0.255 0.255 0.255 0.255 0.255 0.255 0.255 0.255 0.255 0.255 0.255 0.255 0.255 0.255 0.255 0.255 0.255 0.255 0.255 0.255 0.255 0.255 0.255 0.255 0.255 0.273 0.319
-999.000 -999.000 -999.000 -999.000 -999.000 -999.000 -999.000 -999.000 -999.000 -999.000 -999.000 -999.000 -999.000 -999.000 -999.000 -999.000 0.845 0.863 0.858 0.881 0.860 0.897 0.779 0.735 0.723 0.628 0.552 0.444 0.469 0.484 0.498 0.500 0.360 0.336 0.301 0.274 0.255 0.255 0.255 0.255 0.256 0.255 0.255 0.255 0.255 0.255 0.255 0.255 0.255 0.255 0.255 0.255 0.255 0.255 0.255 0.255 0.255 0.255 0.255 0.255 0.255 0.255 0.255 0.255 0.255 0.255 0.255 0.255 0.255 0.255 0.255 0.255 0.255
-999.000 -999.000 -999.000 -999.000 -999.000 -999.000 -999.000 -999.000 -999.000 -999.000 -999.000 -999.000 -999.000 -999.000 -999.000 -999.000 -999.000 0.837 0.843 0.813 0.789 0.768 0.727 0.708 0.658 0.530 0.474 0.439 0.409 0.454 0.447 0.333 0.310 0.303 0.284 0.260 0.255 0.255 0.255 0.255 0.255 0.255 0.255 0.255 0.255 0.255 0.255 0.255 0.255 0.255 0.255 0.255 0.255 0.255 0.255 0.255 0.255 0.255 0.255 0.255 0.255 0.255 0.255 0.255 0.255 0.255 0.255 0.255 0.255 0.255 0.255 0.255 0.255
-999.000 -999.000 -999.000 -999.000 -999.000 -999.000 -999.000 -999.000 -999.000 -999.000 -999.000 -999.000 -999.000 -999.000 -999.000 -999.000 0.851 0.924 1.019 0.861 0.839 0.800 0.707 0.487 0.506 0.440 0.405 0.391 0.342 0.356 0.316 0.291 0.289 0.295 0.255 0.255 0.255 0.255 0.255 0.255 0.255 0.255 0.255 0.255 0.255 0.255 0.255 0.255 0.255 0.255 0.255 0.255 0.255 -999.000 -999.000 -999.000 -999.000 -999.000 0.255 0.255 0.255 0.255 0.255 0.255 0.255 0.255 0.255 0.255 0.255 0.255 0.255 0.255 0.255
-999.000 -999.000 -999.000 -999.000 -999.000 -999.000 -999.000 -999.000 -999.000 -999.000 -999.000 -999.000 -999.000 -999.000 -999.000 -999.000 0.991 1.042 1.010 1.043 0.913 0.774 0.545 0.490 0.414 0.388 0.365 0.352 0.347 0.316 0.294 0.286 0.282 0.265 0.255 0.255 0.255 0.255 0.255 0.255 0.255 0.255 0.255 0.255 0.255 0.255 -999.000 -999.000 -999.000 -999.000 -999.000 -999.000 -999.000 -999.000 -999.000 -999.000 -999.000 -999.000 -999.000 -999.000 -999.000 -999.000 -999.000 -999.000 -999.000 -999.000 -999.000 -999.000 0.255 0.255 0.255 0.255 0.255
-999.000 -999.000 -999.000 -999.000 -999.000 -999.000 -999.000 -999.000 -999.000 -999.000 -999.000 -999.000 -999.000 -999.000 -999.000 0.940 0.945 1.092 0.952 0.893 0.784 0.594 0.488 0.422 0.396 0.372 0.343 0.323 0.315 0.299 0.289 0.276 0.255 0.255 0.255 0.255 0.255 0.255 0.255 0.255 0.255 0.255 0.255 -999.000 -999.000 -999.000 -999.000 -999.000 -999.000 -999.000 -999.000 -999.000 -999.000 -999.000 -999.000 -999.000 -999.000 -999.000 -999.000 -999.000 -999.000 -999.000 -999.000 -999.000 -999.000 -999.000 -999.000 -999.000 -999.000 -999.000 -999.000 -999.000 -999.000
-999.000 -999.000 -999.000 -999.000 -999.000 -999.000 -999.000 -999.000 -999.000 -999.000 -999.000 -999.000 -999.000 -999.000 -999.000 -999.000 -999.000 1.000 0.876 0.774 0.610 0.478 0.418 0.383 0.365 0.347 0.323 0.310 0.298 0.282 0.282 0.270 0.255 0.255 0.255 0.255 0.255 0.255 0.255 0.255 -999.000 -999.000 -999.000 -999.000 -999.000 -999.000 -999.000 -999.000 -999.000 -999.000 -999.000 -999.000 -999.000 -999.000 -999.000 -999.000 -999.000 -999.000 -999.000 -999.000 -999.000 -999.000 -999.000 -999.000 -999.000 -999.000 -999.000 -999.000 -999.000 -999.000 -999.000 -999.000 -999.000
-999.000 -999.000 -999.000 -999.000 -999.000 -999.000 -999.000 -999.000 -999.000 -999.000 -999.000 -999.000 -999.000 -999.000 -999.000 -999.000 -999.000 -999.000 0.824 0.688 0.488 0.409 0.376 0.359 0.346 0.334 0.322 0.312 0.295 0.283 0.274 0.264 0.255 0.255 0.255 0.255 0.255 0.255 -999.000 -999.000 -999.000 -999.000 -999.000 -999.000 -999.000 -999.000 -999.000 -999.000 -999.000 -999.000 -999.000 -999.000 -999.000 -999.000 -999.000 -999.000 -999.000 -999.000 -999.000 -999.000 -999.000 -999.000 -999.000 -999.000 -999.000 -999.000 -999.000 -999.000 -999.000 -999.000 -999.000 -999.000 0.255
-999.000 -999.000 -999.000 -999.000 -999.000 -999.000 -999.000 -999.000 -999.000 -999.000 -999.000 -999.000 -999.000 -999.000 -999.000 -999.000 -999.000 -999.000 -999.000 -999.000 0.424 0.375 0.363 0.352 0.343 0.329 0.312 0.289 0.288 0.272 0.262 0.256 0.255 0.255 0.255 0.255 -999.000 -999.000 -999.000 -999.000 -999.000 -999.000 -999.000 -999.000 -999.000 -999.000 -999.000 -999.000 -999.000 -999.000 -999.000 -999.000 -999.000 -999.000 -999.000 -999.000 -999.000 -999.000 -999.000 -999.000 -999.000 -999.000 -999.000 -999.000 -999.000 -999.000 -999.000 -999.000 -999.000 -999.000 -999.000 -999.000 0.255
-999.000 -999.000 -999.000 -999.000 -999.000 -999.000 -999.000 -999.000 -999.000 -999.000 -999.000 -999.000 -999.000 -999.000 -999.000 -999.000 -999.000 -999.000 -999.000 -999.000 -999.000 0.362 0.351 0.339 0.324 0.307 0.293 0.285 0.273 0.255 0.255 0.255 0.255 0.255 -999.000 -999.000 -999.000 -999.000 -999.000 -999.000 -999.000 -999.000 -999.000 -999.000 -999.000 -999.000 -999.000 -999.000 -999.000 -999.000 -999.000 -999.000 -999.000 -999.000 -999.000 -999.000 -999.000 -999.000 -999.000 -999.000 -999.000 -999.000 -999.000 -999.000 -999.000 -999.000 -999.000 -999.000 -999.000 -999.000 -999.000 -999.000 0.255
