Source/meteoio/tests/2D_interpolations/2009-01-19T12.00.00_TSS_ref.asc
ncols               386
nrows               229
xllcorner    479500.000
yllcorner     73500.000
cellsize       1000.000
NODATA_value -999
[rows 87 to 115 of 229, columns 66 to 131 of 386]
278.286 277.633 277.107 277.371 278.006 278.745 278.808 278.532 278.628 277.825 277.666 277.583 276.264 275.976 275.923 277.969 278.660 278.640 279.070 279.636 278.948 276.713 278.397 279.433 278.848 280.076 280.597 280.585 279.875 280.160 280.516 283.116 283.491 283.491 283.491 283.491 283.491 282.993 282.656 282.772 283.326 283.405 283.406 283.412 283.408 282.886 283.004 282.733 282.892 282.895 283.109 283.116 283.031 282.916 282.603 282.681 282.586 282.738 282.361 282.660 282.901 282.972 282.964 282.922 282.880 282.872
278.190 277.640 277.640 278.298 278.802 278.445 278.273 278.182 277.756 277.925 277.204 276.344 276.496 277.225 277.539 278.246 279.189 279.747 280.140 280.433 277.912 277.207 278.685 279.136 279.788 280.733 280.746 280.585 280.528 281.965 283.491 283.491 283.491 283.491 283.491 283.491 282.992 282.644 282.775 283.298 283.372 283.388 283.403 283.406 283.372 282.948 282.829 282.531 282.401 282.882 282.808 282.796 282.715 282.591 282.492 282.560 282.669 282.576 282.367 282.648 282.707 282.912 282.940 282.901 282.847 282.814
278.108 278.912 278.592 279.330 278.625 278.328 277.817 277.347 278.088 277.963 276.526 277.159 277.565 277.940 279.742 280.699 281.093 281.078 280.777 280.245 277.203 278.564 279.620 280.100 281.031 281.696 282.099 282.320 283.200 283.486 283.491 283.491 283.491 283.491 283.491 283.488 283.017 283.244 283.364 283.086 283.374 283.376 283.392 283.392 283.293 283.248 283.080 282.657 282.807 282.759 282.774 282.773 282.790 282.604 282.355 282.401 282.348 282.195 282.460 282.649 282.647 282.791 282.841 282.814 282.764 282.790
278.869 279.035 279.183 279.106 278.021 277.860 277.138 277.859 278.218 276.429 276.416 277.499 279.396 280.353 280.784 281.044 281.078 280.948 280.607 278.992 278.070 279.433 280.086 281.428 282.449 283.229 283.405 283.491 283.491 283.491 283.491 283.491 283.491 283.491 283.477 283.287 283.412 283.281 283.316 283.378 283.364 283.363 283.364 283.352 283.160 282.935 282.961 282.972 282.844 282.771 282.772 282.690 282.633 282.540 282.410 282.316 282.116 282.355 282.564 282.599 282.707 282.844 282.830 282.728 282.708 282.567
279.604 278.960 279.068 278.391 277.836 277.395 278.256 278.564 277.315 275.982 277.525 278.995 280.209 280.656 280.879 280.986 281.064 280.901 280.305 277.836 279.052 281.121 281.900 283.322 283.465 283.468 283.482 283.491 283.491 283.491 283.491 283.491 283.491 283.485 283.190 283.409 283.284 283.401 283.395 283.371 283.348 283.353 283.280 283.181 282.659 282.916 282.884 282.832 282.868 282.774 282.752 282.560 282.408 282.254 281.990 282.395 282.364 282.485 282.496 282.688 282.806 282.804 282.816 282.706 282.674 282.400
278.175 278.280 277.885 277.443 277.358 278.349 278.655 277.557 276.280 276.778 278.117 279.784 280.556 280.857 281.125 281.128 280.766 280.102 278.582 277.978 281.581 281.780 283.208 283.452 283.475 283.470 283.453 282.469 283.442 283.491 283.491 283.333 283.171 282.411 283.398 283.094 283.362 283.392 283.375 283.363 283.340 283.332 283.325 282.726 282.770 282.575 282.790 282.356 282.519 282.787 282.749 282.729 282.702 282.588 282.280 282.548 282.410 282.498 282.602 282.709 282.804 282.764 282.687 282.644 282.463 281.860
278.041 277.973 277.112 276.890 278.089 278.809 278.580 276.447 276.262 277.248 279.809 280.464 280.766 280.948 281.282 280.990 279.695 277.794 277.850 280.878 282.274 282.290 283.384 283.455 283.446 283.346 282.433 283.184 283.313 283.269 283.039 282.767 282.486 283.392 283.401 283.264 283.408 283.396 283.390 283.369 283.284 283.324 282.785 282.694 282.561 282.225 281.948 281.398 281.804 282.196 282.516 282.003 282.177 282.643 282.719 282.721 282.436 282.365 282.544 282.760 282.754 282.644 282.522 282.604 282.113 281.827
278.204 276.695 276.762 277.903 278.877 278.777 276.560 275.996 277.254 279.146 280.200 280.616 280.908 281.083 281.376 279.666 277.787 278.848 280.836 282.135 282.856 283.440 283.122 283.459 283.414 282.420 283.069 283.283 283.363 282.813 282.283 282.630 283.339 283.403 283.118 283.416 283.409 283.401 283.404 283.046 282.931 283.254 282.731 282.663 281.867 281.841 280.924 281.253 281.561 281.717 281.968 281.528 281.766 282.039 282.338 282.516 282.622 282.755 282.705 282.737 282.723 282.476 282.050 282.250 281.732 281.690
276.909 277.512 278.708 278.928 278.635 276.816 276.219 276.611 278.447 279.961 280.437 280.680 280.849 281.019 280.753 279.415 280.217 281.420 282.517 283.300 283.444 283.248 283.320 283.464 283.466 283.447 283.445 283.397 282.997 282.745 282.642 282.944 283.400 283.231 283.158 283.416 283.411 283.404 282.933 282.930 283.298 282.492 282.239 281.927 281.836 281.170 280.682 281.172 281.216 281.544 281.568 281.524 281.656 282.050 282.252 282.284 282.521 282.619 282.700 282.582 282.345 282.449 281.829 282.139 282.212 281.312
277.726 278.886 278.945 278.854 277.373 276.496 276.672 277.801 279.071 280.424 280.596 280.718 280.656 280.715 281.343 281.511 281.909 282.790 283.487 283.491 283.491 283.466 283.490 283.489 283.467 283.463 283.457 283.448 283.347 283.109 283.123 283.281 283.422 283.435 283.438 283.422 283.415 283.325 282.837 283.244 283.250 282.179 281.369 280.681 280.599 280.686 280.840 281.171 281.652 281.952 281.759 281.479 281.898 282.163 282.148 282.362 282.453 282.358 282.322 281.956 281.788 281.574 281.156 282.243 281.915 281.611
278.939 278.957 278.891 277.796 277.001 277.153 277.433 278.353 279.886 280.712 280.598 280.882 281.431 281.702 282.092 282.845 283.417 283.491 283.491 283.491 283.491 283.491 283.491 283.491 283.487 283.471 283.464 283.465 283.455 283.449 283.444 283.412 283.390 283.446 283.443 283.437 283.411 282.918 283.008 283.235 282.670 282.352 281.604 281.349 281.260 281.204 281.604 281.934 281.924 281.925 282.091 282.105 282.244 282.354 282.472 282.406 282.484 282.048 281.780 280.606 281.203 281.461 281.368 281.826 281.044 280.716
278.941 278.928 278.147 277.404 277.590 277.972 279.334 280.513 280.692 281.515 281.986 282.182 282.632 282.833 283.278 283.491 283.491 283.491 283.491 283.491 283.491 283.491 283.491 283.491 283.491 283.472 283.473 283.470 283.470 283.470 283.472 283.457 283.454 283.450 283.446 283.444 283.332 282.984 282.664 282.485 283.236 282.268 282.060 282.687 282.131 281.703 281.843 281.794 281.767 281.849 282.010 282.272 282.299 282.259 282.317 282.861 282.602 282.284 281.500 281.447 281.016 280.983 280.568 281.271 280.092 280.692
278.923 278.924 277.870 277.774 276.957 278.475 280.692 281.117 281.704 282.259 282.692 283.284 283.488 283.491 283.491 283.491 283.491 283.491 283.491 283.491 283.491 283.491 283.491 283.491 283.482 283.479 283.476 283.480 283.480 283.481 283.482 283.467 283.455 283.448 283.444 283.410 283.148 282.704 282.792 282.432 283.214 282.486 282.806 282.683 281.963 282.042 282.064 282.606 282.081 282.171 282.277 282.259 282.264 282.355 282.752 282.591 282.858 282.492 282.119 281.790 281.057 279.864 280.025 282.044 280.232 280.167
278.757 278.416 277.081 279.094 280.643 280.958 281.060 282.106 282.557 282.991 283.326 283.488 283.491 283.491 283.491 283.491 283.491 283.491 283.491 283.491 283.491 283.491 283.491 283.491 283.465 283.457 283.481 283.445 283.284 283.483 283.470 283.468 283.457 283.444 283.425 283.392 283.107 283.000 282.932 282.879 282.360 283.199 282.729 283.075 282.644 282.781 282.432 282.601 282.736 282.818 282.714 283.075 282.908 282.488 283.010 282.718 282.523 282.395 282.574 282.182 281.565 281.047 281.048 281.312 280.212 280.568
280.057 279.082 280.351 281.966 281.243 279.630 281.881 282.523 283.012 283.090 283.424 283.475 283.491 283.491 283.491 283.491 283.491 283.491 283.491 283.491 283.491 283.491 283.491 283.458 283.443 283.240 282.544 281.964 282.497 283.440 283.476 283.468 283.460 283.446 283.220 283.055 283.286 283.056 283.007 283.170 282.610 282.649 282.436 282.191 282.916 282.572 282.927 283.075 282.788 283.072 282.871 282.514 282.524 282.461 282.439 282.473 282.466 282.474 282.534 282.304 282.429 281.908 281.444 281.886 281.154 280.287
280.164 280.204 280.886 279.074 276.736 279.666 282.137 282.896 283.161 282.949 283.443 283.491 283.491 283.491 283.491 283.491 283.491 283.491 283.491 283.491 283.491 283.471 283.305 283.140 283.036 283.008 282.823 283.118 283.491 283.491 283.491 283.467 283.445 283.373 283.017 282.775 283.016 282.888 282.651 283.128 282.316 281.818 281.331 281.738 281.718 281.799 282.230 282.128 282.036 282.671 282.484 282.522 282.520 282.525 282.444 282.752 282.232 282.284 282.247 281.507 281.473 282.180 282.452 282.193 281.126 280.706
278.715 277.408 276.644 276.061 277.671 280.613 282.202 282.965 282.932 283.292 283.491 283.491 283.491 283.491 283.491 283.491 283.491 283.491 283.491 283.491 283.447 283.217 282.952 282.737 282.644 283.236 283.491 283.491 283.491 283.491 283.491 283.457 283.336 282.704 282.541 282.873 282.916 282.964 282.745 283.124 282.285 281.871 281.604 282.105 282.399 282.484 282.443 282.325 282.342 282.329 282.435 282.455 282.507 282.580 282.852 282.664 282.497 282.483 282.479 281.982 281.261 281.149 281.251 282.436 281.410 280.758
275.396 275.477 275.736 277.992 279.822 281.659 282.494 283.091 283.173 283.491 283.491 283.491 283.491 283.491 283.491 283.491 283.491 283.491 283.491 283.023 283.014 282.796 282.427 282.324 283.090 283.491 283.491 283.491 283.491 283.491 283.358 282.968 282.580 282.499 282.564 282.621 282.995 282.806 282.680 283.098 282.653 282.213 281.936 282.288 282.123 282.113 281.970 281.879 282.175 282.335 282.400 281.872 282.195 282.438 282.584 282.851 282.681 282.555 282.443 282.444 282.339 282.142 281.828 282.356 281.678 280.826
275.749 276.508 279.131 280.506 281.623 282.238 283.244 283.490 283.491 283.491 283.491 283.491 283.491 283.491 283.491 283.491 283.491 283.491 283.080 282.759 282.725 282.621 282.685 283.445 283.491 283.491 283.491 283.491 283.491 283.360 283.299 282.631 282.507 282.384 282.428 282.604 282.600 282.772 282.763 282.626 282.398 282.154 281.963 282.105 281.824 281.937 281.757 281.629 281.719 282.358 282.078 281.726 282.324 281.965 281.564 281.961 282.546 282.852 282.791 282.368 282.224 282.372 282.168 281.610 282.180 281.789
277.304 279.578 280.716 281.639 282.283 282.836 283.491 283.491 283.491 283.491 283.491 283.491 283.491 283.491 283.491 283.491 283.490 283.196 283.089 282.924 282.953 283.027 283.452 283.475 283.491 283.491 283.491 283.491 283.392 283.190 283.125 282.578 282.388 282.297 282.290 282.633 282.680 282.673 282.823 283.022 282.355 282.336 282.044 281.815 281.853 281.964 281.848 281.716 282.226 281.686 281.660 281.993 281.911 282.031 280.855 280.385 282.084 282.745 282.850 282.842 282.283 282.388 282.368 282.084 282.071 281.849
279.561 280.801 281.787 282.417 283.108 283.491 283.491 283.491 283.491 283.491 283.491 283.491 283.491 283.491 283.491 283.491 283.316 282.971 282.848 282.928 283.266 283.452 283.446 283.461 283.477 283.488 283.455 283.260 283.327 283.080 282.580 282.294 282.580 282.476 282.324 282.640 282.590 282.727 282.565 283.007 282.276 282.312 281.946 281.922 282.100 281.774 281.798 281.840 282.113 281.450 280.965 281.841 281.552 281.272 280.982 281.414 281.900 282.468 282.844 282.827 282.816 282.482 282.436 282.232 281.990 281.766
280.606 281.558 282.221 282.959 283.491 283.491 283.491 283.491 283.491 283.491 283.491 283.491 283.491 283.486 283.473 283.318 283.042 282.833 282.814 282.954 283.443 283.442 283.443 283.451 283.450 283.422 283.369 283.298 283.027 282.562 282.193 282.356 282.668 282.683 282.691 282.392 282.605 283.006 282.877 282.905 282.937 282.540 282.396 282.669 282.354 282.248 281.651 281.954 281.472 281.633 281.843 281.769 281.506 280.198 280.109 280.284 280.117 281.231 282.690 282.786 282.804 282.779 282.628 282.240 282.233 281.448
281.444 281.931 282.529 283.491 283.491 283.491 283.491 283.491 283.491 283.491 283.491 283.491 283.491 283.368 283.176 283.039 283.118 283.009 282.992 283.236 283.439 283.441 283.430 283.446 283.425 283.003 283.086 283.252 282.513 282.471 282.235 282.419 282.238 282.453 282.355 282.272 282.601 282.522 282.396 282.390 282.286 282.599 282.452 282.204 282.523 282.444 282.514 282.129 282.052 281.587 281.568 281.264 280.820 280.749 280.041 279.980 279.974 280.251 281.734 282.748 282.645 282.780 282.766 282.442 282.203 281.620
281.270 282.308 283.224 283.491 283.491 283.491 283.491 283.491 283.491 283.491 283.491 283.491 283.312 283.027 283.029 283.002 282.974 283.192 283.396 283.416 283.439 283.434 283.424 283.387 283.235 282.912 283.124 282.664 282.758 282.700 282.384 282.148 282.147 281.776 282.282 282.577 282.528 282.521 282.242 281.966 281.923 282.207 282.104 282.166 282.416 281.758 281.488 281.525 281.833 281.631 281.332 281.207 281.312 280.781 280.312 279.316 279.823 280.466 281.995 282.681 280.424 282.468 282.764 282.696 282.247 282.027
281.840 282.487 283.491 283.491 283.491 283.491 283.491 283.491 283.491 283.491 283.491 283.233 283.092 283.000 282.971 283.114 283.300 283.393 283.408 283.417 283.411 283.415 283.372 283.167 282.810 282.438 282.519 282.188 282.161 282.312 282.306 281.871 281.859 282.136 282.661 282.436 282.442 282.236 282.124 282.010 281.846 281.880 282.094 281.800 281.902 281.664 281.418 281.203 281.826 281.102 280.485 280.527 279.967 280.162 280.936 280.283 279.962 280.484 282.439 282.723 280.401 280.723 282.749 282.723 282.498 281.960
283.243 283.488 283.491 283.491 283.491 283.491 283.491 283.491 283.491 283.491 283.235 283.073 282.964 282.932 282.993 283.286 283.375 283.388 283.402 283.405 283.404 283.321 282.980 282.706 282.008 282.891 282.472 282.243 282.317 282.359 282.368 281.724 281.707 282.273 282.612 282.358 282.173 281.877 281.677 281.807 282.040 282.124 281.469 281.504 281.824 281.328 280.722 280.675 281.777 281.944 281.394 280.657 280.153 279.523 279.775 280.064 280.295 280.683 282.511 282.664 280.486 280.616 281.663 282.727 282.652 281.959
283.491 283.491 283.491 283.491 283.491 283.491 283.491 283.491 283.491 283.242 283.061 283.040 282.936 282.955 283.157 283.370 283.371 283.378 283.384 283.372 283.253 282.802 282.428 282.333 282.441 282.415 282.130 282.043 282.188 281.820 281.768 282.288 282.352 282.667 282.246 282.167 281.879 281.561 281.645 281.381 281.716 281.728 281.398 281.216 281.655 281.231 281.084 281.684 281.245 280.614 280.906 280.535 280.448 280.616 280.005 279.337 279.643 280.068 282.346 282.682 280.695 280.240 280.863 282.708 282.686 282.132
283.491 283.491 283.491 283.491 283.491 283.491 283.491 283.488 283.182 283.083 283.075 283.004 282.933 283.287 283.363 283.363 283.365 283.404 283.368 283.284 282.956 282.364 281.966 281.830 282.763 282.028 282.234 281.986 281.764 281.442 281.685 282.508 282.357 282.317 282.264 282.129 281.922 281.518 281.542 281.352 281.726 281.620 281.250 281.327 280.576 281.296 281.377 281.018 281.004 280.640 280.694 280.760 280.812 280.659 280.540 278.799 278.834 279.481 281.813 282.663 282.113 280.376 281.452 282.575 282.684 282.448
283.491 283.491 283.491 283.491 283.491 283.491 283.443 282.600 282.862 283.004 283.053 283.082 283.277 283.336 283.352 283.348 283.344 283.343 283.200 282.954 282.750 282.576 282.539 282.643 282.134 282.036 281.925 281.712 281.615 282.120 282.549 282.244 282.220 282.316 282.095 281.643 281.795 281.605 281.652 281.082 281.456 281.444 281.397 281.195 280.698 280.814 281.618 280.533 280.424 281.619 281.071 280.330 280.621 280.102 279.696 280.263 279.809 279.974 281.576 282.610 282.644 281.998 281.905 282.205 282.657 282.352
