Source/meteoio/tests/2D_interpolations/2009-01-19T12.00.00_VW_ref.asc
ncols               386
nrows               229
xllcorner    479500.000
yllcorner     73500.000
cellsize       1000.000
NODATA_value -999
[rows 186 to 216 of 229, columns 71 to 141 of 386]
-999.000 2.646 3.602 4.217 5.796 8.822 13.516 18.459 14.067 12.012 4.371 4.791 10.058 10.109 9.154 16.989 22.907 25.964 20.005 13.037 3.938 8.837 7.930 5.505 3.013 2.862 3.205 6.295 11.356 13.420 16.791 17.375 21.987 23.549 24.283 25.675 25.972 23.490 19.833 18.436 20.764 16.266 13.027 10.375 8.607 8.681 12.342 19.599 17.525 12.772 9.860 7.640 3.037 7.725 4.718 4.353 6.738 9.604 4.906 4.292 9.207 11.959 5.169 5.369 5.281 5.498 11.569 10.704 6.097 4.498 4.598
-999.000 2.901 6.318 8.327 8.862 11.017 15.607 16.113 8.265 5.002 5.925 2.617 5.095 3.172 8.333 13.470 20.694 24.527 24.826 16.553 10.095 3.042 4.843 4.912 6.535 2.931 4.253 5.204 9.779 16.236 20.577 22.938 23.195 24.709 25.871 25.343 20.737 16.186 14.323 15.530 17.999 15.596 9.101 4.991 3.972 5.980 10.458 17.769 19.048 13.706 8.644 4.137 3.179 7.618 4.474 7.086 7.817 5.033 4.405 3.621 8.531 12.369 6.877 4.080 8.128 7.431 14.509 8.017 3.886 4.055 4.711
3.003 5.314 5.863 4.395 9.851 15.010 16.130 10.638 8.766 2.405 4.501 10.605 3.001 4.593 11.813 14.245 16.054 23.197 25.826 17.698 5.444 3.268 3.201 4.009 10.130 3.338 7.778 5.008 11.993 18.943 23.264 24.588 25.401 26.129 24.683 17.951 14.156 11.328 10.165 10.097 15.894 12.984 11.428 4.154 3.264 5.360 10.398 17.091 19.805 13.427 7.574 3.257 5.247 8.921 6.575 9.782 8.610 7.347 3.450 6.072 8.595 9.855 10.041 4.764 3.238 6.564 10.944 10.701 5.188 2.816 4.704
5.421 6.235 5.937 8.330 11.514 14.710 11.825 5.260 2.384 4.369 13.779 12.396 2.885 7.605 9.446 7.920 15.017 20.840 26.211 20.711 7.171 3.846 3.204 3.571 3.565 8.642 12.466 14.017 18.522 22.234 24.242 25.543 26.315 23.354 16.850 10.503 8.160 6.331 5.219 8.748 12.946 7.911 4.014 2.888 3.099 6.657 13.006 14.996 16.470 17.062 11.735 7.509 4.344 8.052 9.474 12.282 9.094 6.411 3.118 6.973 2.980 4.277 8.584 4.847 4.162 4.743 10.417 17.008 6.252 3.031 9.047
7.607 9.523 9.567 10.437 13.010 14.147 7.310 3.374 4.498 14.550 9.420 5.631 3.942 2.929 5.359 5.104 9.769 18.872 25.350 23.061 12.493 4.381 4.577 8.518 11.636 15.244 19.447 20.960 22.508 24.795 25.719 25.968 23.354 16.149 17.312 10.488 7.926 3.044 3.196 6.397 10.070 3.692 2.979 4.806 2.960 8.515 13.619 10.403 12.087 15.057 14.383 7.881 3.382 5.314 9.075 9.567 9.425 8.108 2.734 4.160 5.950 3.839 4.118 8.774 3.056 7.649 8.697 14.957 5.795 3.964 10.762
4.578 6.803 9.515 10.048 6.848 9.376 8.074 5.958 4.430 6.446 3.098 3.167 3.065 3.010 3.152 6.280 9.471 16.718 23.552 23.843 15.863 4.931 7.614 13.456 18.074 21.672 23.359 24.326 25.075 25.220 24.925 22.324 16.879 11.708 14.191 14.546 7.756 3.976 4.255 4.615 8.458 3.434 4.872 5.675 3.069 8.248 10.269 4.264 5.377 8.543 14.124 11.368 6.854 3.377 4.394 9.174 7.917 8.819 10.555 3.247 7.323 9.963 4.203 6.991 3.127 5.293 13.637 16.043 8.245 5.363 7.846
2.571 5.455 4.438 2.788 4.140 2.385 5.043 2.602 2.980 9.549 2.591 3.778 4.146 3.691 8.491 8.361 9.302 15.036 22.543 25.589 19.214 9.809 12.865 18.500 22.516 24.008 25.207 26.026 24.111 22.458 20.825 16.113 11.166 7.802 9.492 8.612 9.009 3.623 5.803 3.269 5.986 2.909 5.982 5.814 3.589 7.667 9.091 2.873 3.435 2.670 8.357 13.857 7.591 4.084 7.156 11.840 12.331 11.433 9.278 2.751 5.389 8.045 4.345 5.246 5.240 3.472 12.131 23.445 10.999 11.194 12.545
-999.000 -999.000 -999.000 -999.000 -999.000 2.779 2.726 2.726 6.612 15.745 4.090 3.077 2.344 4.740 5.115 3.031 7.237 15.185 20.786 25.319 24.670 17.224 19.464 22.438 24.267 25.208 26.078 25.379 18.760 17.367 12.211 8.282 3.552 3.511 6.144 3.928 3.495 2.798 4.081 3.384 4.712 4.110 9.560 6.224 2.748 6.924 7.058 3.008 6.896 3.278 4.333 9.221 10.732 3.983 3.397 8.536 13.461 8.822 7.491 3.062 5.335 11.054 5.723 3.092 6.616 3.093 9.670 16.572 16.774 17.617 17.471
-999.000 -999.000 -999.000 -999.000 -999.000 -999.000 -999.000 -999.000 8.386 9.798 14.662 8.744 4.815 9.121 3.035 5.296 10.894 16.160 20.084 22.312 25.918 24.189 22.933 24.621 25.388 26.221 25.911 20.326 13.276 12.505 6.371 3.006 3.816 2.852 3.046 4.894 6.652 4.626 4.754 3.909 3.144 5.576 9.692 8.233 2.766 5.908 5.814 2.902 8.741 4.402 3.941 5.223 10.369 9.979 4.066 5.399 6.514 11.702 6.481 2.951 7.042 14.583 8.960 2.461 6.726 2.826 7.399 8.828 18.167 16.625 25.575
-999.000 -999.000 -999.000 -999.000 -999.000 -999.000 -999.000 -999.000 4.752 4.892 6.043 3.214 3.767 3.117 3.654 9.742 15.167 20.613 13.790 19.477 22.806 24.290 25.109 25.634 26.180 24.815 18.912 10.943 7.003 4.737 3.280 3.187 3.477 4.512 3.325 2.896 3.409 6.335 2.770 2.829 2.907 6.233 9.186 13.268 6.436 3.123 7.052 4.414 12.869 7.140 2.716 5.001 6.023 11.063 7.623 3.732 3.997 9.670 7.850 4.372 7.303 12.321 19.745 4.982 6.086 5.170 10.392 9.322 13.828 16.681 28.915
-999.000 -999.000 -999.000 -999.000 -999.000 -999.000 -999.000 9.661 3.440 5.318 4.368 3.117 3.152 2.996 9.099 13.263 18.944 12.429 8.479 13.647 20.677 25.269 25.958 25.352 22.526 17.433 11.052 7.975 9.906 12.602 6.293 5.955 8.172 8.569 4.257 3.446 6.270 6.778 3.263 4.807 2.576 4.399 9.777 16.634 6.627 2.750 6.787 2.903 8.448 7.567 2.418 5.890 2.977 7.823 11.036 6.874 3.097 7.430 14.259 8.316 3.689 7.845 11.950 5.895 4.598 3.018 6.632 9.695 11.417 15.317 27.275
-999.000 -999.000 -999.000 -999.000 -999.000 -999.000 -999.000 8.022 3.667 3.066 5.393 6.044 3.005 3.814 9.312 17.018 12.514 7.721 11.020 16.241 22.518 23.698 21.649 18.355 13.884 11.302 8.850 11.032 13.455 16.427 12.007 12.706 11.525 10.609 6.125 2.979 7.293 10.655 5.483 9.993 8.644 5.156 7.362 11.436 7.726 3.569 5.233 2.854 8.724 5.456 3.356 10.805 5.815 3.215 10.599 8.636 3.122 5.389 8.362 13.135 5.981 5.827 8.290 5.368 2.487 3.381 3.140 5.894 8.834 10.293 28.577
-999.000 -999.000 -999.000 -999.000 -999.000 -999.000 -999.000 6.426 3.544 2.902 6.957 2.974 4.951 9.332 11.962 15.100 5.595 8.476 13.825 19.879 21.062 18.627 19.194 16.542 14.517 16.367 12.377 15.604 18.550 20.008 18.970 16.841 16.214 11.441 5.477 3.809 4.632 6.043 13.575 10.180 13.439 7.656 7.190 12.104 15.774 7.114 3.286 2.646 7.451 7.648 7.014 8.468 6.299 3.157 8.840 7.781 3.605 4.531 6.291 7.825 10.106 7.562 16.099 12.795 2.390 4.737 8.584 10.089 8.516 11.751 23.134
-999.000 -999.000 -999.000 -999.000 -999.000 -999.000 -999.000 5.114 2.699 3.898 6.871 3.167 8.435 14.939 13.520 6.968 5.309 12.276 16.733 19.292 20.320 23.173 21.523 18.746 17.153 17.952 19.015 19.531 21.046 18.676 13.171 17.461 18.849 15.554 8.925 3.294 3.087 3.849 7.466 16.094 15.098 10.003 11.272 11.662 10.583 6.603 4.011 9.488 9.411 13.834 14.495 8.242 4.001 3.957 9.570 8.995 6.357 3.957 4.033 13.281 12.546 13.813 17.973 11.086 2.416 7.574 22.276 14.052 16.687 23.110 17.129
-999.000 -999.000 -999.000 -999.000 -999.000 -999.000 8.559 5.682 2.735 4.273 4.446 5.766 11.062 12.899 12.293 4.361 6.945 13.115 12.045 15.445 17.696 18.514 15.276 8.215 7.040 11.876 16.920 20.609 16.550 11.272 7.924 12.686 16.971 18.764 13.656 7.734 3.698 5.285 12.086 10.991 9.424 12.939 12.866 15.382 10.999 9.496 3.819 9.366 19.785 18.220 16.875 11.049 5.308 4.562 4.046 2.830 3.706 5.249 4.025 9.462 14.726 19.398 21.094 13.263 4.516 10.005 14.425 19.539 25.865 18.504 16.994
-999.000 -999.000 -999.000 -999.000 -999.000 -999.000 3.160 5.081 2.575 -999.000 -999.000 8.290 16.537 8.185 8.819 9.613 9.730 7.231 5.868 5.428 8.876 16.582 7.289 3.282 3.377 6.507 14.396 18.997 13.093 4.294 6.095 10.194 13.836 17.163 18.282 14.619 8.310 3.224 9.994 5.585 7.578 13.047 13.903 13.589 8.065 5.615 4.128 10.544 13.497 18.268 13.031 11.355 6.820 4.366 2.771 10.948 5.618 3.181 2.665 6.044 12.178 17.723 24.470 13.129 5.753 6.494 11.251 14.507 26.171 23.670 25.199
-999.000 -999.000 -999.000 -999.000 -999.000 -999.000 3.823 6.706 -999.000 -999.000 -999.000 -999.000 11.387 5.453 6.823 9.969 3.292 3.127 2.559 3.021 9.076 11.525 11.700 3.288 5.788 6.336 13.829 18.181 10.811 3.169 4.243 7.235 9.731 12.752 15.712 15.453 14.073 5.217 5.863 3.212 6.615 7.093 12.590 10.263 11.543 6.948 3.983 6.262 13.225 16.379 13.498 4.549 3.319 5.051 3.714 8.645 19.459 5.562 3.406 6.355 8.558 13.991 23.126 26.384 10.716 10.504 8.761 12.013 18.297 20.218 17.809
-999.000 -999.000 -999.000 -999.000 -999.000 -999.000 -999.000 -999.000 -999.000 -999.000 -999.000 -999.000 5.200 2.446 6.997 9.756 3.023 6.370 3.764 3.297 4.796 5.974 10.211 7.771 3.978 7.446 14.587 17.016 8.861 3.041 2.671 2.876 8.162 9.041 6.610 8.134 12.736 12.552 6.276 3.670 3.270 10.339 12.945 14.982 19.303 8.642 4.226 7.548 15.751 12.829 10.208 6.951 3.578 4.968 4.488 12.842 16.047 9.126 2.764 3.452 9.042 11.794 19.916 19.238 12.362 11.150 15.333 23.332 22.486 14.273 7.647
-999.000 -999.000 -999.000 -999.000 -999.000 -999.000 -999.000 -999.000 -999.000 -999.000 -999.000 -999.000 -999.000 2.716 3.329 5.145 6.186 5.051 6.357 4.019 9.054 3.849 5.708 9.664 7.879 9.201 15.625 16.893 8.702 3.282 3.300 2.900 5.364 3.127 2.562 2.796 4.207 7.099 11.181 8.958 3.146 4.942 8.009 12.792 16.044 10.072 5.278 3.748 10.884 16.288 16.970 7.270 2.964 3.422 4.977 11.391 16.067 5.917 5.514 3.554 7.651 12.709 29.053 28.284 16.130 21.117 18.746 17.773 16.690 14.414 8.062
-999.000 -999.000 -999.000 -999.000 -999.000 -999.000 -999.000 -999.000 -999.000 -999.000 -999.000 -999.000 -999.000 -999.000 6.194 3.996 4.952 2.740 10.665 8.438 2.593 4.658 3.495 3.191 8.737 13.070 16.996 16.593 12.058 8.722 2.921 3.785 2.691 3.419 5.418 5.152 2.758 2.966 2.703 3.576 7.704 3.580 6.527 8.299 23.887 11.364 6.833 8.566 8.982 12.124 11.336 7.040 2.574 2.626 5.580 12.255 18.901 5.838 9.054 7.130 7.728 13.200 27.087 15.702 27.447 20.478 17.774 10.358 18.308 15.897 9.619
-999.000 -999.000 -999.000 -999.000 -999.000 -999.000 -999.000 -999.000 -999.000 -999.000 -999.000 -999.000 -999.000 -999.000 7.329 2.895 3.988 3.700 10.137 3.205 3.537 4.416 3.698 3.880 8.880 15.454 14.164 14.214 13.695 7.687 3.047 5.101 4.801 8.530 9.856 6.052 3.095 6.958 2.602 9.283 2.828 7.007 3.037 7.619 20.849 13.941 18.565 11.585 9.097 8.623 6.028 5.186 2.409 3.214 12.526 16.072 18.474 12.199 15.412 9.911 11.417 16.598 21.479 13.881 20.505 15.959 12.488 8.447 10.139 8.526 10.167
-999.000 -999.000 -999.000 -999.000 -999.000 -999.000 -999.000 -999.000 -999.000 -999.000 -999.000 -999.000 -999.000 -999.000 -999.000 11.434 13.944 10.392 15.211 9.543 14.106 9.123 3.256 3.672 8.810 14.390 7.476 8.571 14.121 11.865 4.836 2.842 6.089 11.725 10.515 6.993 5.159 5.477 3.750 8.075 5.480 5.538 4.285 11.309 12.817 18.095 15.932 11.967 10.567 17.322 8.562 11.936 5.461 2.453 8.160 11.133 17.341 13.978 15.110 16.179 17.114 19.449 14.812 9.624 15.558 6.178 3.717 2.942 2.500 2.624 2.897
-999.000 -999.000 -999.000 -999.000 -999.000 -999.000 -999.000 -999.000 -999.000 -999.000 -999.000 -999.000 -999.000 -999.000 -999.000 -999.000 -999.000 13.538 14.869 13.202 12.149 4.807 4.764 4.211 9.024 15.156 9.490 4.970 10.544 12.921 7.019 4.440 6.603 12.020 10.580 8.984 10.318 7.494 6.949 11.468 7.479 2.889 3.741 5.030 13.647 14.629 14.205 14.997 11.993 19.216 15.415 11.872 16.326 3.020 7.549 12.491 11.962 16.814 16.097 21.072 19.763 17.854 15.258 8.000 5.505 4.354 3.497 4.675 4.552 5.032 4.450
-999.000 -999.000 -999.000 -999.000 -999.000 -999.000 -999.000 -999.000 -999.000 -999.000 -999.000 -999.000 -999.000 -999.000 -999.000 -999.000 -999.000 16.895 17.650 16.146 11.217 3.064 5.880 5.962 9.680 13.731 7.340 4.766 9.323 12.501 10.278 5.189 3.773 8.181 10.680 16.048 16.716 14.377 7.990 8.084 10.400 9.403 3.310 2.788 9.528 15.724 16.323 28.398 19.231 22.716 26.684 22.818 13.203 6.922 4.378 6.230 9.958 17.396 18.253 -999.000 24.191 19.599 12.593 7.909 8.023 13.470 14.240 11.130 10.628 9.636 4.864
-999.000 -999.000 -999.000 -999.000 -999.000 -999.000 -999.000 -999.000 -999.000 -999.000 -999.000 -999.000 -999.000 -999.000 -999.000 -999.000 -999.000 17.315 14.317 12.662 4.468 9.878 2.479 4.395 11.578 11.819 3.883 3.234 6.832 7.831 10.900 7.274 3.054 4.021 6.472 13.462 21.854 23.948 9.834 7.811 19.521 8.661 2.469 3.017 10.722 17.111 27.758 16.997 19.894 21.461 25.762 14.580 14.580 12.177 21.353 12.386 8.529 16.767 -999.000 -999.000 -999.000 17.008 15.891 11.076 11.516 11.652 29.921 21.320 9.972 10.138 10.580
-999.000 -999.000 -999.000 -999.000 -999.000 -999.000 -999.000 -999.000 -999.000 -999.000 -999.000 -999.000 -999.000 -999.000 -999.000 -999.000 -999.000 14.722 12.191 8.647 10.195 13.504 5.767 5.179 11.226 6.746 3.022 3.582 4.341 2.584 5.009 10.174 3.707 3.593 10.895 13.222 21.509 19.867 13.030 10.018 27.849 13.909 2.642 2.680 8.765 13.741 21.725 12.084 11.988 18.444 19.651 13.148 18.107 13.923 20.227 13.696 9.619 15.790 -999.000 -999.000 -999.000 -999.000 -999.000 -999.000 -999.000 -999.000 -999.000 21.135 12.660 11.670 12.414
-999.000 -999.000 -999.000 -999.000 -999.000 -999.000 -999.000 -999.000 -999.000 -999.000 -999.000 -999.000 -999.000 -999.000 -999.000 -999.000 -999.000 -999.000 15.034 18.672 18.079 12.819 6.363 7.574 10.392 6.652 5.363 2.457 3.423 4.311 3.531 8.856 3.568 7.482 11.731 19.197 19.259 17.146 13.275 19.057 19.796 14.818 2.705 2.591 6.859 11.721 10.328 11.014 18.598 16.710 11.576 11.433 14.470 16.687 18.006 -999.000 12.602 13.626 -999.000 -999.000 -999.000 -999.000 -999.000 -999.000 -999.000 -999.000 -999.000 -999.000 13.252 14.256 14.745
-999.000 -999.000 -999.000 -999.000 -999.000 -999.000 -999.000 -999.000 -999.000 -999.000 -999.000 -999.000 -999.000 -999.000 -999.000 -999.000 -999.000 -999.000 28.118 14.424 12.344 10.052 2.846 8.462 7.374 2.661 5.815 2.595 6.500 2.825 3.245 7.536 3.067 4.278 10.371 14.865 18.146 16.818 12.984 23.953 10.875 9.602 5.001 2.516 7.105 6.013 10.120 12.549 15.980 11.774 10.653 13.702 16.376 -999.000 -999.000 -999.000 -999.000 -999.000 -999.000 -999.000 -999.000 -999.000 -999.000 -999.000 -999.000 -999.000 -999.000 -999.000 -999.000 -999.000 17.676
-999.000 -999.000 -999.000 -999.000 -999.000 -999.000 -999.000 -999.000 -999.000 -999.000 -999.000 -999.000 -999.000 -999.000 -999.000 -999.000 -999.000 -999.000 23.791 11.754 4.630 6.693 3.801 8.324 5.086 2.950 8.246 2.428 6.493 7.409 2.660 7.442 5.370 5.045 8.628 9.604 17.289 18.928 30.361 35.094 16.173 10.151 8.281 2.639 3.355 9.052 18.132 14.139 8.216 8.502 12.089 14.141 -999.000 -999.000 -999.000 -999.000 -999.000 -999.000 -999.000 -999.000 -999.000 -999.000 -999.000 -999.000 -999.000 -999.000 -999.000 -999.000 -999.000 -999.000 17.294
-999.000 -999.000 -999.000 -999.000 -999.000 -999.000 -999.000 -999.000 -999.000 -999.000 -999.000 -999.000 -999.000 -999.000 -999.000 -999.000 -999.000 -999.000 -999.000 9.498 4.039 4.053 6.453 7.677 3.726 11.603 8.036 3.990 5.887 4.948 2.779 6.256 3.302 3.792 2.928 9.761 15.093 20.274 27.006 24.422 27.742 17.649 8.890 4.616 2.747 4.270 10.702 5.915 7.690 12.657 -999.000 -999.000 -999.000 -999.000 -999.000 -999.000 -999.000 -999.000 -999.000 -999.000 -999.000 -999.000 -999.000 -999.000 -999.000 -999.000 -999.000 -999.000 -999.000 -999.000 -999.000
-999.000 -999.000 -999.000 -999.000 -999.000 -999.000 -999.000 -999.000 -999.000 -999.000 -999.000 -999.000 -999.000 -999.000 -999.000 -999.000 -999.000 -999.000 -999.000 22.039 12.010 3.868 6.014 5.805 4.084 6.534 5.020 9.166 8.846 5.302 3.775 3.259 5.346 6.053 2.592 6.074 7.451 9.689 21.708 15.709 15.113 11.017 9.323 10.857 4.810 4.055 4.088 8.416 12.052 -999.000 -999.000 -999.000 -999.000 -999.000 -999.000 -999.000 -999.000 -999.000 -999.000 -999.000 -999.000 -999.000 -999.000 -999.000 -999.000 -999.000 -999.000 -999.000 -999.000 -999.000 -999.000
