Source/meteoio/tests/2D_interpolations/2009-01-19T12.00.00_PSUM_ref.asc
ncols               386
nrows               229
xllcorner    479500.000
yllcorner     73500.000
cellsize       1000.000
NODATA_value -999
[rows 33 to 65 of 229, columns 146 to 218 of 386]
-999.000 -999.000 -999.000 0.202 0.204 0.207 0.233 0.235 0.231 0.211 -999.000 -999.000 -999.000 -999.000 -999.000 -999.000 -999.000 -999.000 -999.000 -999.000 -999.000 -999.000 -999.000 -999.000 0.210 0.269 0.315 0.377 0.300 0.357 0.331 0.302 0.305 0.253 0.221 0.219 0.244 0.302 0.278 0.309 0.263 0.245 0.236 0.239 0.226 0.229 0.296 0.251 0.243 0.230 0.239 0.254 0.254 0.278 0.286 0.373 0.271 0.264 0.298 0.240 0.334 0.292 0.274 0.292 0.301 0.322 0.359 0.333 0.299 0.308 0.326 0.321 0.333
-999.000 -999.000 0.198 0.206 0.209 0.230 0.240 0.237 0.226 0.200 -999.000 -999.000 -999.000 -999.000 -999.000 -999.000 -999.000 -999.000 -999.000 -999.000 0.220 0.216 0.205 0.213 0.289 0.292 0.258 0.250 0.264 0.328 0.374 0.331 0.302 0.288 0.220 0.225 0.259 0.260 0.256 0.359 0.353 0.343 0.342 0.304 0.334 0.315 0.315 0.264 0.267 0.257 0.317 0.328 0.263 0.291 0.255 0.281 0.286 0.359 0.277 0.303 0.462 0.424 0.315 0.307 0.337 0.335 0.343 0.329 0.298 0.307 0.315 0.312 0.339
0.179 0.195 0.206 0.208 0.219 0.219 0.241 0.250 0.222 0.201 0.200 -999.000 -999.000 0.205 0.207 0.206 0.209 0.199 0.199 0.198 0.222 0.269 0.329 0.219 0.297 0.361 0.261 0.297 0.283 0.350 0.330 0.355 0.372 0.260 0.234 0.241 0.278 0.282 0.255 0.362 0.390 0.357 0.349 0.380 0.348 0.315 0.369 0.282 0.381 0.359 0.302 0.301 0.277 0.296 0.295 0.283 0.289 0.294 0.279 0.297 0.335 0.410 0.396 0.367 0.413 0.398 0.358 0.325 0.294 0.303 0.306 0.343 0.324
0.214 0.209 0.224 0.215 0.231 0.246 0.254 0.301 0.355 0.306 0.234 0.241 0.195 0.205 0.209 0.210 0.210 0.210 0.214 0.220 0.228 0.322 0.322 0.305 0.268 0.321 0.284 0.320 0.310 0.306 0.380 0.409 0.340 0.253 0.244 0.244 0.281 0.290 0.264 0.370 0.372 0.383 0.398 0.398 0.376 0.341 0.403 0.288 0.358 0.340 0.426 0.338 0.283 0.322 0.308 0.291 0.298 0.298 0.348 0.242 0.296 0.383 0.473 0.457 0.391 0.391 0.355 0.290 0.288 0.291 0.305 0.303 0.322
0.281 0.279 0.248 0.296 0.323 0.410 0.313 0.248 0.290 0.371 0.373 0.248 0.347 0.306 0.287 0.232 0.221 0.260 0.290 0.277 0.261 0.277 0.348 0.313 0.303 0.357 0.356 0.338 0.399 0.385 0.446 0.426 0.283 0.238 0.244 0.246 0.286 0.292 0.297 0.274 0.309 0.336 0.403 0.412 0.388 0.391 0.351 0.420 0.331 0.342 0.396 0.331 0.292 0.296 0.322 0.288 0.291 0.299 0.329 0.338 0.247 0.316 0.314 0.373 0.418 0.328 0.299 0.286 0.319 0.295 0.314 0.317 0.312
0.294 0.278 0.230 0.234 0.260 0.285 0.404 0.335 0.291 0.287 0.391 0.371 0.278 0.339 0.342 0.283 0.258 0.239 0.290 0.325 0.264 0.351 0.442 0.303 0.320 0.427 0.403 0.376 0.355 0.345 0.370 0.400 0.355 0.243 0.239 0.254 0.313 0.314 0.388 0.343 0.310 0.285 0.320 0.392 0.329 0.404 0.401 0.400 0.419 0.350 0.335 0.320 0.289 0.292 0.294 0.288 0.281 0.289 0.307 0.373 0.280 0.291 0.294 0.259 0.266 0.267 0.271 0.306 0.320 0.317 0.318 0.340 0.357
0.296 0.314 0.262 0.304 0.345 0.306 0.390 0.394 0.338 0.360 0.279 0.375 0.367 0.317 0.329 0.315 0.280 0.237 0.238 0.300 0.365 0.332 0.386 0.408 0.358 0.404 0.385 0.328 0.368 0.328 0.298 0.272 0.255 0.249 0.232 0.339 0.362 0.357 0.376 0.398 0.356 0.299 0.326 0.314 0.307 0.395 0.426 0.448 0.427 0.373 0.339 0.357 0.294 0.285 0.284 0.278 0.286 0.281 0.346 0.389 0.342 0.291 0.336 0.409 0.305 0.367 0.310 0.286 0.282 0.292 0.320 0.323 0.350
0.338 0.405 0.293 0.259 0.392 0.359 0.305 0.348 0.425 0.409 0.309 0.343 0.371 0.366 0.355 0.357 0.305 0.260 0.235 0.273 0.316 0.352 0.376 0.350 0.328 0.427 0.403 0.377 0.310 0.373 0.289 0.260 0.256 0.282 0.226 0.283 0.323 0.395 0.406 0.415 0.389 0.312 0.312 0.320 0.341 0.311 0.319 0.351 0.385 0.360 0.338 0.336 0.307 0.281 0.281 0.288 0.301 0.289 0.316 0.382 0.385 0.291 0.323 0.396 0.395 0.369 0.322 0.327 0.329 0.354 0.301 0.302 0.308
0.406 0.315 0.395 0.285 0.343 0.435 0.344 0.374 0.431 0.391 0.346 0.310 0.353 0.468 0.490 0.333 0.274 0.268 0.265 0.270 0.320 0.267 0.273 0.297 0.342 0.369 0.412 0.398 0.377 0.311 0.318 0.258 0.329 0.294 0.226 0.230 0.245 0.267 0.320 0.404 0.415 0.331 0.315 0.338 0.371 0.373 0.334 0.319 0.322 0.322 0.310 0.299 0.282 0.281 0.283 0.291 0.301 0.295 0.311 0.367 0.389 0.325 0.305 0.390 0.352 0.419 0.423 0.334 0.333 0.308 0.301 0.330 0.308
0.366 0.375 0.419 0.331 0.390 0.346 0.484 0.384 0.350 0.391 0.335 0.342 0.393 0.407 0.393 0.330 0.264 0.295 0.389 0.351 0.329 0.309 0.317 0.314 0.295 0.317 0.399 0.380 0.337 0.350 0.281 0.282 0.262 0.227 0.227 0.291 0.255 0.257 0.260 0.297 0.334 0.375 0.355 0.393 0.441 0.482 0.449 0.432 0.415 0.373 0.326 0.290 0.283 0.285 0.294 0.291 0.297 0.291 0.324 0.367 0.375 0.333 0.372 0.315 0.345 0.418 0.419 0.376 0.373 0.335 0.311 0.389 0.369
0.360 0.321 0.364 0.462 0.413 0.322 0.425 0.348 0.375 0.356 0.421 0.473 0.471 0.359 0.312 0.291 0.326 0.309 0.365 0.302 0.298 0.324 0.309 0.309 0.345 0.387 0.384 0.387 0.353 0.322 0.262 0.234 0.243 0.251 0.254 0.275 0.378 0.331 0.305 0.266 0.251 0.364 0.500 0.451 0.465 0.433 0.442 0.423 0.497 0.393 0.364 0.301 0.289 0.288 0.295 0.295 0.288 0.288 0.295 0.328 0.370 0.356 0.397 0.329 0.402 0.409 0.421 0.424 0.418 0.325 0.327 0.372 0.369
0.243 0.261 0.295 0.391 0.363 0.294 0.314 0.300 0.369 0.344 0.461 0.451 0.449 0.440 0.294 0.396 0.349 0.337 0.360 0.331 0.306 0.338 0.352 0.363 0.364 0.391 0.384 0.315 0.267 0.236 0.233 0.240 0.255 0.280 0.240 0.324 0.350 0.388 0.359 0.277 0.266 0.277 0.308 0.305 0.351 0.370 0.339 0.365 0.396 0.442 0.372 0.336 0.291 0.298 0.301 0.294 0.287 0.288 0.288 0.296 0.324 0.344 0.384 0.352 0.414 0.405 0.403 0.409 0.395 0.363 0.350 0.312 0.321
0.268 0.274 0.257 0.255 0.266 0.277 0.295 0.376 0.334 0.326 0.334 0.448 0.435 0.396 0.312 0.376 0.303 0.322 0.376 0.370 0.307 0.397 0.369 0.359 0.398 0.454 0.424 0.344 0.251 0.234 0.319 0.304 0.260 0.299 0.251 0.262 0.314 0.329 0.287 0.325 0.265 0.272 0.284 0.307 0.305 0.300 0.301 0.294 0.322 0.320 0.316 0.344 0.328 0.326 0.304 0.310 0.292 0.289 0.290 0.294 0.300 0.312 0.333 0.373 0.349 0.376 0.394 0.401 0.398 0.390 0.350 0.395 0.363
0.348 0.364 0.280 0.332 0.325 0.352 0.303 0.295 0.421 0.421 0.429 0.423 0.422 0.398 0.433 0.399 0.348 0.368 0.457 0.467 0.372 0.349 0.441 0.405 0.447 0.485 0.401 0.282 0.240 0.247 0.281 0.281 0.275 0.265 0.268 0.255 0.269 0.277 0.300 0.338 0.297 0.269 0.279 0.291 0.322 0.289 0.289 0.288 0.288 0.291 0.292 0.295 0.325 0.341 0.339 0.333 0.312 0.291 0.289 0.294 0.314 0.302 0.313 0.319 0.344 0.344 0.374 0.380 0.374 0.343 0.394 0.424 0.446
0.403 0.328 0.281 0.432 0.291 0.407 0.422 0.401 0.309 0.399 0.405 0.400 0.412 0.405 0.390 0.534 0.445 0.381 0.396 0.493 0.387 0.386 0.485 0.391 0.391 0.345 0.291 0.271 0.240 0.241 0.307 0.286 0.267 0.269 0.271 0.270 0.266 0.284 0.288 0.325 0.428 0.308 0.264 0.290 0.290 0.317 0.353 0.336 0.310 0.296 0.294 0.297 0.299 0.302 0.319 0.336 0.335 0.299 0.289 0.295 0.308 0.322 0.332 0.308 0.313 0.349 0.369 0.356 0.362 0.355 0.365 0.436 0.468
0.360 0.393 0.290 0.343 0.424 0.310 0.381 0.410 0.409 0.339 0.395 0.424 0.433 0.484 0.400 0.574 0.402 0.413 0.523 0.415 0.432 0.424 0.400 0.351 0.313 0.372 0.346 0.280 0.247 0.268 0.359 0.307 0.274 0.275 0.275 0.245 0.271 0.283 0.287 0.305 0.410 0.414 0.316 0.275 0.261 0.280 0.317 0.338 0.400 0.394 0.341 0.303 0.304 0.301 0.301 0.302 0.309 0.322 0.299 0.295 0.312 0.316 0.323 0.326 0.305 0.320 0.343 0.349 0.356 0.359 0.365 0.408 0.426
0.359 0.394 0.305 0.389 0.418 0.308 0.386 0.349 0.403 0.385 0.444 0.493 0.470 0.530 0.537 0.583 0.498 0.472 0.443 0.333 0.426 0.478 0.465 0.500 0.415 0.515 0.386 0.328 0.275 0.240 0.372 0.434 0.328 0.279 0.282 0.275 0.251 0.277 0.288 0.294 0.341 0.436 0.444 0.347 0.274 0.271 0.265 0.284 0.373 0.314 0.372 0.406 0.360 0.325 0.310 0.310 0.311 0.307 0.296 0.291 0.295 0.333 0.319 0.311 0.309 0.323 0.339 0.341 0.350 0.350 0.367 0.384 0.393
0.384 0.352 0.316 0.381 0.400 0.359 0.372 0.424 0.413 0.370 0.459 0.510 0.534 0.583 0.507 0.439 0.373 0.470 0.361 0.323 0.288 0.335 0.322 0.302 0.289 0.298 0.292 0.254 0.246 0.244 0.264 0.281 0.292 0.287 0.284 0.273 0.242 0.241 0.262 0.290 0.298 0.392 0.456 0.382 0.297 0.273 0.265 0.263 0.273 0.278 0.287 0.315 0.330 0.356 0.359 0.329 0.306 0.302 0.295 0.294 0.292 0.296 0.311 0.298 0.297 0.302 0.343 0.344 0.351 0.353 0.382 0.346 0.378
0.370 0.378 0.330 0.396 0.396 0.368 0.497 0.538 0.517 0.393 0.428 0.500 0.531 0.391 0.512 0.472 0.335 0.308 0.332 0.324 0.293 0.255 0.247 0.247 0.247 0.247 0.244 0.246 0.256 0.264 0.273 0.264 0.279 0.294 0.343 0.338 0.298 0.261 0.239 0.270 0.275 0.364 0.438 0.473 0.400 0.311 0.270 0.266 0.273 0.274 0.269 0.269 0.277 0.307 0.338 0.378 0.357 0.315 0.308 0.300 0.295 0.294 0.295 0.304 0.298 0.300 0.323 0.342 0.353 0.363 0.369 0.367 0.361
0.384 0.427 0.358 0.473 0.486 0.415 0.463 0.608 0.548 0.502 0.598 0.508 0.411 0.442 0.412 0.355 0.317 0.278 0.335 0.316 0.253 0.250 0.257 0.260 0.262 0.261 0.260 0.264 0.268 0.275 0.274 0.291 0.287 0.284 0.348 0.372 0.369 0.329 0.268 0.249 0.278 0.293 0.398 0.496 0.438 0.365 0.291 0.287 0.270 0.271 0.271 0.278 0.271 0.273 0.273 0.296 0.300 0.326 0.350 0.408 0.356 0.320 0.299 0.300 0.303 0.302 0.307 0.311 0.325 0.350 0.377 0.367 0.356
0.496 0.539 0.449 0.521 0.604 0.432 0.397 0.472 0.491 0.598 0.489 0.425 0.351 0.346 0.326 0.338 0.323 0.266 0.254 0.253 0.264 0.265 0.261 0.265 0.266 0.275 0.272 0.274 0.276 0.280 0.277 0.297 0.288 0.275 0.291 0.331 0.339 0.354 0.293 0.253 0.258 0.285 0.360 0.453 0.491 0.401 0.295 0.323 0.280 0.314 0.350 0.345 0.298 0.277 0.276 0.277 0.278 0.297 0.365 0.454 0.405 0.388 0.334 0.305 0.300 0.305 0.305 0.307 0.316 0.328 0.344 0.391 0.363
0.514 0.528 0.456 0.447 0.522 0.556 0.526 0.509 0.524 0.566 0.361 0.312 0.318 0.298 0.308 0.357 0.334 0.256 0.288 0.315 0.286 0.274 0.270 0.269 0.287 0.282 0.288 0.283 0.286 0.289 0.286 0.314 0.330 0.287 0.286 0.281 0.344 0.358 0.312 0.262 0.249 0.244 0.329 0.409 0.478 0.420 0.326 0.383 0.299 0.314 0.387 0.414 0.355 0.290 0.282 0.282 0.281 0.280 0.318 0.370 0.418 0.437 0.406 0.336 0.305 0.302 0.301 0.305 0.307 0.319 0.332 0.349 0.377
0.597 0.693 0.534 0.480 0.606 0.511 0.386 0.410 0.435 0.430 0.343 0.303 0.286 0.280 0.314 0.304 0.258 0.282 0.321 0.316 0.292 0.308 0.274 0.272 0.295 0.318 0.291 0.295 0.296 0.297 0.303 0.344 0.311 0.346 0.293 0.280 0.320 0.356 0.312 0.295 0.251 0.246 0.261 0.353 0.407 0.334 0.374 0.383 0.342 0.326 0.363 0.390 0.416 0.338 0.302 0.292 0.283 0.280 0.291 0.323 0.393 0.458 0.433 0.404 0.385 0.310 0.298 0.298 0.305 0.312 0.319 0.334 0.371
0.554 0.618 0.667 0.616 0.583 0.497 0.501 0.422 0.310 0.281 0.271 0.269 0.271 0.267 0.261 0.261 0.258 0.309 0.321 0.290 0.281 0.280 0.287 0.279 0.302 0.371 0.379 0.339 0.298 0.308 0.368 0.391 0.390 0.365 0.298 0.287 0.282 0.295 0.339 0.302 0.277 0.253 0.253 0.317 0.376 0.346 0.425 0.430 0.387 0.334 0.364 0.386 0.469 0.483 0.361 0.306 0.292 0.278 0.281 0.296 0.350 0.413 0.454 0.461 0.412 0.374 0.298 0.298 0.298 0.325 0.315 0.334 0.343
0.549 0.656 0.600 0.515 0.501 0.497 0.430 0.380 0.322 0.276 0.305 0.283 0.270 0.262 0.264 0.263 0.284 0.308 0.312 0.286 0.285 0.285 0.385 0.303 0.288 0.290 0.346 0.365 0.324 0.303 0.348 0.345 0.409 0.435 0.310 0.288 0.285 0.285 0.323 0.315 0.295 0.279 0.253 0.272 0.354 0.383 0.435 0.456 0.405 0.330 0.367 0.347 0.356 0.469 0.429 0.329 0.291 0.278 0.278 0.293 0.331 0.391 0.401 0.436 0.466 0.425 0.346 0.298 0.298 0.306 0.312 0.321 0.357
0.576 0.535 0.547 0.484 0.408 0.364 0.328 0.294 0.281 0.281 0.286 0.316 0.302 0.277 0.278 0.299 0.309 0.333 0.307 0.290 0.290 0.314 0.404 0.371 0.359 0.293 0.313 0.395 0.332 0.309 0.309 0.351 0.423 0.470 0.401 0.299 0.298 0.291 0.288 0.312 0.314 0.316 0.261 0.268 0.301 0.382 0.406 0.415 0.367 0.409 0.377 0.366 0.383 0.381 0.538 0.357 0.316 0.279 0.278 0.278 0.328 0.406 0.439 0.435 0.446 0.476 0.413 0.312 0.298 0.298 0.307 0.333 0.341
0.545 0.621 0.510 0.433 0.323 0.305 0.288 0.288 0.310 0.291 0.391 0.368 0.463 0.458 0.405 0.359 0.325 0.326 0.308 0.294 0.295 0.337 0.399 0.391 0.387 0.303 0.396 0.381 0.374 0.319 0.304 0.312 0.376 0.437 0.429 0.327 0.333 0.313 0.291 0.292 0.304 0.312 0.307 0.268 0.267 0.345 0.387 0.398 0.409 0.389 0.427 0.400 0.362 0.408 0.445 0.358 0.338 0.322 0.278 0.278 0.318 0.384 0.411 0.421 0.475 0.497 0.425 0.358 0.315 0.298 0.300 0.302 0.342
0.495 0.447 0.334 0.301 0.292 0.290 0.310 0.383 0.459 0.278 0.332 0.364 0.353 0.360 0.380 0.326 0.345 0.341 0.305 0.299 0.300 0.306 0.357 0.429 0.408 0.307 0.317 0.368 0.407 0.372 0.329 0.312 0.327 0.398 0.426 0.345 0.345 0.356 0.330 0.296 0.295 0.309 0.306 0.275 0.260 0.274 0.338 0.391 0.418 0.399 0.458 0.373 0.363 0.429 0.477 0.361 0.302 0.350 0.280 0.278 0.279 0.352 0.376 0.423 0.429 0.445 0.478 0.395 0.347 0.298 0.300 0.307 0.313
0.301 0.298 0.297 0.294 0.294 0.309 0.405 0.451 0.380 0.274 0.285 0.293 0.300 0.303 0.342 0.331 0.347 0.336 0.325 0.331 0.305 0.312 0.329 0.417 0.384 0.313 0.376 0.375 0.403 0.406 0.347 0.315 0.308 0.357 0.386 0.353 0.399 0.363 0.390 0.331 0.295 0.301 0.320 0.313 0.261 0.260 0.330 0.350 0.377 0.427 0.380 0.357 0.375 0.434 0.416 0.421 0.307 0.327 0.314 0.278 0.278 0.304 0.377 0.447 0.461 0.484 0.531 0.441 0.384 0.338 0.304 0.306 0.305
0.300 0.298 0.297 0.298 0.305 0.296 0.281 0.276 0.277 0.277 0.283 0.291 0.325 0.315 0.399 0.401 0.388 0.376 0.337 0.363 0.309 0.363 0.401 0.394 0.351 0.318 0.355 0.411 0.488 0.439 0.410 0.330 0.308 0.328 0.357 0.360 0.422 0.429 0.398 0.371 0.304 0.301 0.301 0.313 0.267 0.262 0.292 0.334 0.347 0.393 0.343 0.429 0.440 0.399 0.485 0.510 0.323 0.370 0.346 0.278 0.278 0.279 0.344 0.428 0.470 0.500 0.560 0.516 0.397 0.374 0.322 0.306 0.305
0.301 0.300 0.298 0.296 0.293 0.282 0.277 0.284 0.300 0.289 0.284 0.288 0.297 0.315 0.350 0.398 0.378 0.388 0.316 0.371 0.314 0.353 0.400 0.398 0.416 0.331 0.335 0.376 0.459 0.480 0.471 0.409 0.308 0.308 0.359 0.368 0.453 0.477 0.420 0.408 0.321 0.306 0.301 0.303 0.266 0.262 0.273 0.305 0.305 0.351 0.334 0.400 0.439 0.481 0.481 0.525 0.363 0.315 0.362 0.306 0.278 0.278 0.322 0.398 0.417 0.480 0.501 0.568 0.450 0.362 0.346 0.315 0.329
0.305 0.311 0.312 0.295 0.293 0.288 0.323 0.334 0.308 0.296 0.316 0.291 0.295 0.319 0.400 0.413 0.436 0.366 0.409 0.335 0.319 0.356 0.359 0.342 0.382 0.379 0.335 0.344 0.393 0.423 0.486 0.417 0.308 0.308 0.348 0.393 0.449 0.490 0.473 0.417 0.367 0.309 0.305 0.310 0.267 0.263 0.267 0.294 0.323 0.319 0.326 0.377 0.445 0.411 0.564 0.589 0.427 0.354 0.361 0.329 0.278 0.278 0.278 0.319 0.368 0.391 0.450 0.491 0.498 0.404 0.358 0.339 0.340
0.305 0.322 0.296 0.295 0.294 0.279 0.312 0.326 0.329 0.311 0.321 0.294 0.296 0.346 0.389 0.434 0.384 0.341 0.362 0.400 0.325 0.343 0.443 0.435 0.396 0.418 0.408 0.349 0.349 0.414 0.509 0.441 0.309 0.308 0.335 0.415 0.436 0.479 0.504 0.456 0.401 0.341 0.310 0.315 0.278 0.263 0.264 0.280 0.321 0.326 0.350 0.353 0.421 0.479 0.454 0.519 0.510 0.393 0.327 0.401 0.315 0.278 0.278 0.279 0.316 0.347 0.373 0.392 0.431 0.447 0.398 0.348 0.359
