Source/meteoio/tests/2D_interpolations/2009-01-19T12.00.00_TA_ref.asc
ncols               386
nrows               229
xllcorner    479500.000
yllcorner     73500.000
cellsize       1000.000
NODATA_value -999
[rows 145 to 173 of 229, columns 198 to 263 of 386]
268.027 269.813 268.074 269.482 264.906 264.771 269.118 266.579 269.271 267.433 265.717 266.655 264.385 264.688 267.853 271.292 270.995 266.939 267.897 263.712 267.415 263.068 263.920 263.776 267.611 265.737 270.065 270.195 267.836 264.770 266.622 267.859 269.711 270.869 272.906 275.978 276.371 278.647 272.447 271.623 267.956 265.868 269.478 264.665 262.553 269.660 264.989 263.541 265.675 268.663 266.492 262.009 262.133 264.875 268.676 266.934 265.237 265.641 265.533 269.195 270.876 271.705 271.101 271.561 274.692 275.843
266.165 264.870 263.547 266.082 266.375 264.181 265.649 265.707 268.683 269.967 267.883 266.469 266.450 269.363 271.514 274.120 268.832 267.139 269.510 270.712 270.231 268.825 266.334 266.927 264.937 264.612 269.121 271.778 271.498 267.282 266.167 266.969 267.943 269.671 271.036 270.838 271.876 279.128 270.373 273.503 269.116 264.503 265.696 263.559 261.457 269.076 263.821 263.003 264.388 267.045 267.014 262.529 261.342 264.415 261.418 265.620 268.012 270.116 269.479 273.419 274.584 275.248 275.865 275.900 275.203 274.387
262.848 262.177 264.915 266.277 265.731 261.489 264.969 264.591 267.294 272.836 272.384 269.927 272.839 273.962 277.053 272.763 268.753 271.350 271.566 270.755 269.195 267.987 268.110 267.232 266.132 267.224 268.696 268.772 270.523 272.417 270.861 270.527 270.944 271.388 273.712 275.252 274.479 279.679 280.095 272.052 272.711 265.870 261.341 259.244 260.801 267.560 262.023 261.125 262.081 269.651 265.518 261.061 261.463 261.905 261.023 265.987 270.435 274.096 274.569 273.929 270.894 275.104 270.862 268.465 265.484 271.236
261.910 260.962 261.454 264.359 266.019 265.658 268.466 269.322 269.415 272.137 276.114 278.167 278.977 278.852 275.791 271.688 269.295 273.352 271.512 268.755 267.903 265.965 264.817 265.834 265.004 267.364 268.166 268.192 270.142 272.313 273.325 271.121 272.011 274.270 276.029 280.140 281.728 282.406 279.798 269.900 268.588 271.613 265.418 261.847 262.173 265.957 259.529 260.267 266.063 267.117 263.925 259.476 264.427 264.927 270.031 273.417 274.611 272.482 270.255 268.531 268.176 273.138 265.900 263.175 265.712 270.065
265.739 262.300 261.117 267.982 267.448 270.656 271.633 274.253 276.815 278.669 278.754 278.803 278.052 279.504 280.308 277.732 276.765 278.451 276.689 276.061 274.359 272.766 269.375 263.403 264.100 265.018 265.489 263.781 264.776 267.397 271.319 274.468 276.229 276.158 276.713 276.646 277.735 282.076 280.243 275.735 266.350 270.145 266.147 263.029 261.661 265.113 257.002 259.398 263.905 263.336 263.484 263.400 266.659 272.827 272.607 270.738 271.424 266.477 268.334 264.702 264.030 269.211 269.881 264.155 265.764 267.380
263.238 260.820 265.554 269.406 271.897 274.690 277.469 277.833 275.330 274.060 272.878 272.784 273.541 274.698 276.751 276.635 279.377 281.172 281.291 281.377 279.199 276.492 273.796 269.359 268.504 268.610 270.494 267.881 267.044 266.110 265.859 269.174 271.995 271.943 271.375 271.576 275.474 281.101 281.823 274.679 268.376 268.556 267.711 262.430 258.386 262.718 259.119 259.756 260.610 261.632 260.944 264.779 272.745 269.377 267.520 268.894 269.476 267.804 262.509 264.024 264.682 268.922 271.317 265.156 264.911 264.020
262.596 264.906 267.756 272.466 276.919 276.880 273.829 273.666 271.332 271.126 269.831 269.600 268.602 272.730 272.645 274.186 272.209 275.108 276.641 278.372 280.961 280.539 277.011 273.371 276.186 274.184 273.782 272.610 270.403 270.225 268.375 265.787 265.530 267.691 269.304 271.794 275.036 280.035 283.740 279.789 275.301 273.358 268.558 260.962 259.512 256.610 263.738 265.565 265.264 267.861 269.227 271.752 267.290 262.619 266.250 269.494 269.355 264.375 266.011 267.661 265.804 264.537 269.807 261.243 -999.000 -999.000
264.830 270.667 273.034 276.518 274.361 271.409 269.150 271.753 266.763 266.281 265.402 267.262 266.047 267.870 267.920 270.462 270.342 270.514 270.775 270.577 273.676 280.321 280.414 281.311 280.591 279.287 278.846 277.313 274.082 272.235 270.705 268.421 265.239 269.050 272.695 273.908 277.618 281.676 283.592 280.099 276.684 276.716 271.043 264.318 262.551 257.117 261.035 261.837 260.776 264.710 265.650 265.078 261.228 264.502 267.486 269.651 270.087 267.050 268.161 264.760 261.944 267.606 266.841 261.450 -999.000 -999.000
269.681 272.849 275.755 273.129 272.425 266.860 264.461 268.605 264.954 266.927 269.287 272.413 272.976 271.222 267.241 268.871 268.311 267.010 268.031 263.882 268.645 275.249 279.158 280.858 278.909 283.769 283.464 280.252 278.871 276.851 274.562 267.624 268.479 270.378 274.144 279.989 282.279 284.381 283.784 279.445 271.089 269.742 265.770 265.338 268.528 260.058 259.635 258.353 258.802 261.575 258.749 259.983 263.409 265.933 268.888 272.013 270.986 271.429 267.869 260.093 263.524 265.240 267.523 260.972 -999.000 -999.000
272.918 273.607 271.369 268.070 268.604 266.464 265.481 267.308 266.355 266.991 268.485 269.578 270.434 274.319 274.787 269.631 267.920 264.610 263.498 265.755 269.900 268.117 276.523 277.016 277.758 279.411 282.572 284.079 282.000 278.585 274.673 270.870 268.841 272.275 275.349 278.708 283.483 285.647 283.112 275.612 265.928 263.173 264.470 268.469 269.223 266.769 262.848 262.483 259.930 260.167 265.003 265.164 263.308 264.692 266.383 269.914 273.336 272.940 267.357 262.228 263.373 266.427 265.582 260.319 -999.000 -999.000
270.441 269.387 267.208 265.642 264.401 264.304 263.548 263.394 265.771 265.712 265.555 265.081 267.866 269.415 274.467 275.071 268.946 268.889 266.355 266.795 268.101 266.964 271.986 271.742 276.351 276.165 276.177 280.184 284.651 280.042 274.847 270.959 268.075 273.368 276.362 279.457 282.729 285.831 282.330 273.347 264.090 264.787 263.915 268.012 270.794 272.123 268.029 268.305 265.864 260.552 264.016 269.989 264.211 264.726 267.413 270.514 274.021 274.050 271.837 267.700 263.827 267.407 265.449 -999.000 -999.000 -999.000
267.443 266.930 264.852 265.765 266.300 265.999 262.060 265.505 267.940 267.843 269.689 268.285 265.057 268.934 269.214 273.571 275.152 269.827 271.433 266.546 263.604 264.761 267.602 269.394 274.611 273.287 275.736 276.750 278.728 283.736 277.744 271.807 269.002 271.875 274.618 279.019 281.989 285.447 283.583 275.684 270.003 266.470 263.247 266.936 269.878 273.852 275.836 269.009 265.651 259.032 264.084 270.105 266.814 264.839 266.910 269.546 273.932 274.052 273.745 270.030 264.776 262.603 -999.000 -999.000 -999.000 -999.000
-999.000 262.322 263.344 266.348 266.258 268.223 266.125 263.807 264.025 267.687 272.547 272.417 265.902 264.996 267.708 271.806 277.678 274.003 267.049 266.504 265.808 268.158 269.773 273.366 276.096 273.694 269.334 277.929 278.057 284.901 281.479 276.005 271.134 266.848 270.985 276.604 280.684 284.192 284.874 278.289 274.353 269.756 264.143 265.193 268.755 272.988 278.306 269.623 261.847 260.504 266.871 273.186 263.638 266.683 265.845 269.283 273.077 273.824 274.973 271.296 264.055 264.017 -999.000 -999.000 -999.000 -999.000
-999.000 261.474 264.906 266.354 269.617 271.199 267.272 263.063 265.205 268.396 268.985 275.300 268.330 266.472 272.358 273.483 277.922 272.984 268.725 265.619 260.429 265.676 267.795 271.423 270.749 267.210 268.511 269.851 274.431 280.675 285.097 279.937 274.557 269.744 266.040 272.792 277.639 282.127 286.483 286.004 279.404 274.595 269.145 272.120 273.735 276.191 279.628 272.413 262.109 261.470 267.543 274.751 269.935 271.095 268.292 267.477 271.840 275.966 276.611 277.483 271.136 265.334 -999.000 -999.000 -999.000 -999.000
-999.000 265.783 267.831 268.256 271.206 274.950 267.680 262.928 266.496 271.518 273.478 278.765 269.390 266.196 270.679 274.112 279.377 273.320 269.907 266.189 262.754 258.844 263.126 263.433 261.358 262.249 263.838 270.649 272.470 276.419 283.119 283.848 278.277 274.194 269.195 269.923 274.040 276.915 280.590 285.455 286.737 278.964 274.685 278.267 280.065 280.006 277.130 274.177 266.545 263.716 266.422 270.936 276.588 271.087 267.468 267.406 271.346 274.553 278.325 279.579 276.675 270.532 262.137 -999.000 -999.000 -999.000
-999.000 263.526 263.968 266.583 268.212 277.487 270.811 265.671 266.718 269.654 272.046 278.437 275.586 268.457 269.605 276.330 276.099 271.806 266.792 266.287 267.558 263.869 260.429 264.801 265.063 266.977 268.072 272.312 276.021 280.191 282.873 286.564 282.874 276.891 272.931 269.202 271.362 273.655 278.012 283.413 286.798 282.897 279.244 281.293 279.178 270.684 271.434 271.835 270.266 267.816 263.820 270.340 276.906 271.016 263.246 267.701 268.092 270.188 271.954 277.575 280.296 274.351 267.219 265.505 -999.000 -999.000
-999.000 -999.000 260.583 262.391 270.440 279.891 278.128 274.329 267.275 267.039 271.519 277.088 281.106 279.538 279.765 279.450 276.058 268.486 266.537 268.910 273.891 269.749 261.836 266.147 269.554 271.029 271.832 276.893 280.971 276.060 278.550 283.610 286.646 280.601 276.342 272.623 268.235 271.749 276.089 282.620 287.696 285.799 280.738 277.563 274.558 276.002 272.127 265.629 263.630 263.594 265.604 270.457 276.425 270.403 265.805 267.414 265.603 269.109 273.986 280.103 282.881 277.280 273.011 269.063 -999.000 -999.000
-999.000 -999.000 262.564 266.687 272.037 279.404 283.220 274.381 267.499 268.214 269.843 274.022 278.376 277.606 279.175 283.533 277.198 270.257 269.451 273.171 274.656 265.690 261.992 265.074 267.448 270.054 272.280 271.960 270.038 272.224 280.001 281.114 286.835 286.386 279.610 275.715 274.583 270.844 275.183 282.006 287.364 286.910 281.482 271.009 267.708 267.734 270.802 270.627 267.007 261.569 263.212 271.087 276.985 275.138 274.293 270.543 268.297 268.250 273.851 279.907 283.887 278.476 270.186 262.631 -999.000 -999.000
-999.000 -999.000 265.726 269.457 271.430 271.574 280.283 279.522 274.078 269.484 269.122 273.480 270.214 271.295 277.220 280.599 282.837 277.248 278.205 277.954 267.997 266.812 267.855 267.663 265.958 264.905 266.323 270.006 263.850 273.129 271.282 274.899 281.608 287.354 286.146 280.304 276.720 271.631 275.005 281.338 287.813 287.883 279.566 278.009 273.553 271.806 270.824 269.344 263.469 261.786 269.315 273.833 278.177 269.478 266.143 263.971 264.506 267.509 272.369 279.005 283.918 280.181 272.522 262.656 -999.000 -999.000
-999.000 263.657 268.277 268.651 267.323 271.169 277.049 284.428 275.729 268.043 265.906 269.044 266.799 271.605 272.614 278.049 283.552 278.222 276.307 276.952 272.274 266.731 267.652 273.946 272.469 274.898 275.142 270.293 266.297 268.699 265.017 271.235 281.023 282.125 287.545 287.079 281.580 276.952 275.534 282.623 287.764 286.986 283.273 281.109 282.277 279.333 275.608 272.391 270.329 266.566 269.675 274.727 278.024 267.956 270.253 264.979 266.352 271.265 276.653 279.287 285.097 280.160 271.994 265.152 -999.000 -999.000
-999.000 -999.000 267.229 266.266 268.718 272.886 275.263 284.720 276.415 274.794 270.541 268.179 270.940 266.974 272.270 278.358 284.597 279.407 275.609 277.405 269.214 264.006 265.876 268.356 272.294 272.130 274.771 277.194 268.817 262.323 269.437 274.466 270.791 274.136 280.774 286.683 287.839 282.842 278.986 282.311 287.241 283.889 275.702 274.530 276.114 276.624 277.408 273.151 274.181 269.240 270.523 274.861 279.900 272.965 265.602 262.299 268.035 272.331 276.274 284.653 283.274 277.584 272.677 262.856 -999.000 -999.000
-999.000 -999.000 268.300 268.674 268.961 270.846 274.474 283.117 285.651 282.788 276.023 277.812 268.698 273.833 278.408 280.617 284.460 275.510 274.813 269.603 272.949 267.518 268.943 267.231 265.557 268.668 274.017 278.395 271.364 262.023 266.726 266.169 268.993 274.859 272.886 282.548 286.054 288.026 288.005 288.167 288.157 279.790 277.753 268.560 270.255 269.822 274.794 270.499 268.417 267.982 270.053 274.094 280.909 275.524 269.740 265.746 267.672 269.745 278.841 285.138 283.579 274.651 273.016 265.178 264.450 -999.000
-999.000 -999.000 266.023 270.711 276.680 276.036 281.378 275.521 277.915 283.113 285.508 277.901 273.608 277.889 282.680 285.253 279.473 274.603 269.885 269.048 263.250 269.401 273.022 275.821 273.403 272.216 279.042 274.692 266.487 265.971 262.780 266.569 269.533 270.775 268.941 275.747 282.666 280.897 286.677 288.335 288.391 279.046 276.002 271.381 266.491 270.355 271.733 270.202 265.778 264.473 268.926 275.905 280.183 270.894 270.131 266.977 271.806 276.036 280.192 287.004 280.419 278.538 276.773 271.544 267.224 263.581
-999.000 -999.000 268.343 271.735 276.215 277.161 274.197 267.801 270.790 278.136 280.445 286.835 282.733 286.842 284.003 281.120 281.118 273.903 268.033 266.330 265.167 268.609 273.612 276.939 279.387 281.000 281.196 274.907 270.796 271.263 270.561 264.819 267.003 267.460 271.767 279.980 277.234 275.409 281.991 288.315 288.488 281.512 271.577 267.030 263.815 267.088 262.981 264.609 259.833 266.344 270.161 276.954 277.253 272.298 267.589 269.189 271.855 274.336 280.472 287.166 280.331 273.366 273.272 275.635 269.236 264.363
-999.000 -999.000 266.036 267.898 269.927 270.130 269.162 268.357 272.001 270.398 277.042 281.830 287.635 283.841 276.811 279.482 271.662 275.979 272.010 269.561 270.017 265.672 269.035 267.401 274.354 273.148 278.455 281.191 278.684 277.869 272.979 266.454 269.034 272.065 279.249 280.159 273.312 272.240 280.010 285.801 288.559 284.510 275.060 267.949 269.803 268.817 271.215 265.769 265.406 269.905 273.765 279.319 279.871 274.891 269.055 268.222 269.695 277.079 287.318 286.857 280.154 274.762 267.312 271.114 271.423 -999.000
-999.000 266.189 268.254 265.674 267.543 266.120 267.946 269.917 265.897 270.397 272.370 280.294 287.869 283.413 280.468 272.884 274.934 271.291 267.963 271.829 273.683 267.779 266.576 267.717 269.130 271.244 277.029 281.515 274.469 267.971 265.661 267.729 274.067 272.505 274.618 275.035 266.075 274.487 279.598 285.095 288.598 286.683 278.711 273.936 278.114 273.406 270.515 264.721 265.846 271.288 275.438 279.098 278.714 270.583 268.686 269.664 275.426 280.712 287.726 282.251 277.396 278.261 275.523 270.021 268.484 267.772
-999.000 267.906 271.068 271.927 272.141 272.171 271.768 274.506 271.300 270.119 276.263 282.039 287.997 278.718 276.644 273.634 269.992 268.831 267.659 273.217 274.432 272.982 273.663 269.539 267.904 270.593 277.276 282.233 274.965 270.199 265.236 264.660 264.384 268.941 271.904 268.845 269.304 278.897 276.823 282.592 288.340 288.777 281.247 280.257 272.932 270.644 271.016 268.606 264.881 266.204 273.554 279.229 279.338 272.740 263.771 267.604 275.892 285.634 287.074 281.148 278.766 273.174 276.784 269.925 265.919 -999.000
267.999 270.829 273.460 276.622 278.142 279.208 279.091 280.072 276.184 275.229 280.186 285.021 288.104 277.031 274.186 274.466 272.751 271.844 271.677 269.794 273.721 275.799 279.270 276.271 270.832 270.731 276.745 282.630 278.301 272.642 266.317 268.663 271.078 265.787 268.782 269.085 271.041 273.913 273.741 280.844 286.812 288.818 285.605 276.732 274.460 276.667 271.804 267.509 264.055 269.631 274.877 282.176 276.210 269.741 267.471 271.995 281.644 287.914 285.708 278.317 275.870 272.609 272.365 274.334 265.665 -999.000
268.884 272.286 274.272 270.782 270.378 272.183 274.273 280.561 283.339 283.505 285.393 284.134 288.007 283.730 278.684 280.312 274.089 272.821 274.831 269.024 272.549 269.040 273.925 279.255 281.699 277.463 278.411 282.031 273.679 267.119 269.302 271.581 271.905 265.739 266.418 268.023 268.082 266.809 269.744 276.627 284.526 288.867 287.505 281.856 278.766 271.382 266.287 264.005 267.615 273.507 277.214 283.044 277.174 271.247 272.654 281.856 287.387 288.061 280.742 275.555 272.163 273.057 271.119 272.232 -999.000 -999.000
