Source/meteoio/tests/2D_interpolations/2009-01-19T12.00.00_RH_ref.asc
ncols               386
nrows               229
xllcorner    479500.000
yllcorner     73500.000
cellsize       1000.000
NODATA_value -999
[rows 132 to 164 of 229, columns 219 to 291 of 386]
0.712 0.710 0.709 0.709 0.706 0.705 0.703 0.702 0.701 0.697 0.697 0.697 0.699 0.706 0.702 0.698 0.696 0.696 0.693 0.690 0.693 0.696 0.698 0.697 0.695 0.692 0.691 0.689 0.688 0.687 0.687 0.688 0.689 0.691 0.685 0.687 0.689 0.689 0.693 0.690 0.692 0.692 0.689 0.687 0.688 0.690 0.688 0.689 0.689 0.688 0.687 0.689 0.690 0.688 0.685 0.683 0.686 0.688 0.688 0.686 0.687 0.685 0.684 0.682 0.681 0.680 0.681 0.681 0.681 0.681 0.681 0.683 0.683
0.714 0.714 0.717 0.714 0.710 0.709 0.707 0.705 0.702 0.698 0.699 0.697 0.701 0.703 0.702 0.699 0.700 0.699 0.695 0.691 0.692 0.695 0.698 0.695 0.694 0.696 0.693 0.690 0.688 0.687 0.690 0.690 0.692 0.690 0.687 0.685 0.688 0.690 0.694 0.696 0.693 0.690 0.688 0.686 0.690 0.693 0.690 0.690 0.693 0.693 0.692 0.690 0.688 0.687 0.686 0.682 0.684 0.689 0.690 0.689 0.688 0.686 0.685 0.683 0.682 0.682 0.683 0.684 0.683 0.684 0.684 0.685 0.686
0.718 0.721 0.723 0.714 0.714 0.712 0.710 0.709 0.703 0.698 0.700 0.701 0.698 0.705 0.705 0.703 0.700 0.696 0.695 0.691 0.691 0.697 0.700 0.697 0.695 0.693 0.693 0.690 0.687 0.690 0.690 0.695 0.693 0.691 0.689 0.686 0.691 0.693 0.694 0.695 0.693 0.690 0.687 0.689 0.690 0.695 0.692 0.693 0.695 0.692 0.690 0.689 0.687 0.685 0.684 0.682 0.685 0.687 0.690 0.690 0.688 0.687 0.686 0.684 0.683 0.681 0.684 0.687 0.685 0.688 0.685 0.685 0.687
0.723 0.726 0.722 0.714 0.717 0.714 0.712 0.710 0.705 0.698 0.701 0.704 0.699 0.702 0.702 0.699 0.697 0.697 0.698 0.696 0.693 0.695 0.699 0.695 0.693 0.691 0.690 0.688 0.689 0.694 0.692 0.693 0.695 0.693 0.689 0.686 0.690 0.690 0.691 0.695 0.692 0.690 0.687 0.690 0.695 0.695 0.693 0.694 0.693 0.691 0.690 0.688 0.686 0.684 0.682 0.683 0.685 0.687 0.689 0.691 0.689 0.688 0.687 0.685 0.684 0.682 0.684 0.687 0.688 0.689 0.690 0.686 0.690
0.725 0.724 0.718 0.716 0.718 0.714 0.715 0.708 0.702 0.699 0.700 0.700 0.700 0.702 0.706 0.701 0.700 0.703 0.703 0.702 0.698 0.695 0.696 0.696 0.694 0.691 0.691 0.689 0.691 0.692 0.697 0.695 0.697 0.692 0.688 0.685 0.692 0.692 0.694 0.695 0.692 0.689 0.687 0.690 0.698 0.696 0.694 0.693 0.692 0.690 0.688 0.687 0.685 0.683 0.682 0.684 0.688 0.690 0.691 0.693 0.690 0.689 0.689 0.686 0.684 0.682 0.683 0.686 0.690 0.691 0.692 0.689 0.692
0.720 0.719 0.715 0.714 0.716 0.717 0.710 0.705 0.700 0.702 0.703 0.705 0.705 0.704 0.707 0.704 0.701 0.703 0.702 0.703 0.698 0.696 0.696 0.695 0.693 0.694 0.693 0.689 0.691 0.694 0.699 0.696 0.694 0.691 0.687 0.686 0.689 0.693 0.697 0.694 0.692 0.689 0.688 0.692 0.698 0.694 0.692 0.691 0.689 0.690 0.689 0.686 0.685 0.683 0.683 0.684 0.689 0.692 0.690 0.693 0.691 0.692 0.689 0.686 0.684 0.682 0.682 0.685 0.687 0.689 0.695 0.691 0.694
0.719 0.718 0.711 0.715 0.717 0.714 0.708 0.702 0.704 0.700 0.706 0.707 0.707 0.706 0.707 0.702 0.701 0.700 0.699 0.697 0.696 0.695 0.696 0.697 0.694 0.692 0.693 0.689 0.694 0.696 0.698 0.694 0.691 0.689 0.686 0.687 0.691 0.691 0.693 0.693 0.692 0.690 0.688 0.690 0.695 0.695 0.693 0.691 0.690 0.689 0.688 0.689 0.686 0.682 0.683 0.685 0.689 0.691 0.692 0.695 0.691 0.688 0.686 0.685 0.684 0.683 0.682 0.684 0.685 0.688 0.691 0.690 0.692
0.715 0.713 0.710 0.714 0.716 0.712 0.706 0.701 0.705 0.698 0.703 0.707 0.708 0.707 0.703 0.697 0.697 0.698 0.699 0.698 0.696 0.696 0.698 0.698 0.697 0.694 0.690 0.692 0.695 0.697 0.694 0.692 0.690 0.687 0.687 0.687 0.691 0.693 0.692 0.694 0.692 0.691 0.689 0.690 0.694 0.694 0.692 0.693 0.693 0.691 0.692 0.688 0.685 0.682 0.683 0.687 0.689 0.689 0.692 0.693 0.690 0.688 0.688 0.687 0.685 0.684 0.682 0.683 0.685 0.688 0.688 0.689 0.692
0.713 0.711 0.710 0.715 0.712 0.706 0.702 0.702 0.705 0.699 0.699 0.702 0.703 0.702 0.703 0.698 0.694 0.700 0.699 0.697 0.696 0.695 0.696 0.700 0.696 0.693 0.692 0.695 0.696 0.697 0.694 0.691 0.688 0.688 0.690 0.689 0.689 0.694 0.694 0.695 0.692 0.690 0.689 0.692 0.694 0.693 0.694 0.692 0.692 0.692 0.690 0.689 0.686 0.683 0.684 0.688 0.692 0.692 0.691 0.694 0.690 0.690 0.690 0.688 0.686 0.683 0.683 0.683 0.684 0.687 0.686 0.686 0.687
0.711 0.708 0.711 0.709 0.708 0.703 0.701 0.703 0.705 0.702 0.697 0.698 0.699 0.700 0.703 0.696 0.692 0.695 0.695 0.696 0.694 0.692 0.695 0.697 0.700 0.696 0.694 0.696 0.698 0.695 0.692 0.688 0.690 0.691 0.692 0.690 0.688 0.694 0.694 0.694 0.691 0.691 0.694 0.696 0.696 0.695 0.692 0.689 0.688 0.690 0.689 0.689 0.687 0.683 0.686 0.689 0.690 0.691 0.693 0.692 0.690 0.692 0.691 0.689 0.686 0.684 0.685 0.684 0.682 0.684 0.685 0.686 0.689
0.711 0.706 0.707 0.703 0.702 0.700 0.702 0.705 0.708 0.700 0.701 0.700 0.699 0.701 0.699 0.695 0.690 0.694 0.694 0.692 0.691 0.692 0.693 0.696 0.699 0.698 0.696 0.699 0.695 0.691 0.689 0.690 0.693 0.695 0.693 0.691 0.689 0.690 0.695 0.696 0.694 0.693 0.692 0.692 0.693 0.696 0.693 0.691 0.688 0.686 0.687 0.688 0.686 0.685 0.684 0.687 0.689 0.691 0.691 0.693 0.692 0.692 0.690 0.688 0.686 0.686 0.688 0.686 0.683 0.684 0.685 0.687 0.689
0.708 0.707 0.708 0.705 0.701 0.699 0.703 0.705 0.707 0.702 0.703 0.702 0.699 0.696 0.697 0.694 0.689 0.690 0.693 0.691 0.690 0.694 0.695 0.700 0.694 0.695 0.691 0.691 0.693 0.690 0.692 0.691 0.695 0.696 0.693 0.689 0.691 0.693 0.695 0.694 0.694 0.694 0.693 0.692 0.689 0.691 0.689 0.686 0.685 0.685 0.685 0.685 0.685 0.687 0.686 0.686 0.689 0.691 0.692 0.694 0.693 0.691 0.689 0.687 0.687 0.689 0.690 0.687 0.685 0.684 0.686 0.690 0.689
0.701 0.701 0.701 0.700 0.698 0.697 0.699 0.702 0.706 0.703 0.701 0.698 0.695 0.692 0.692 0.691 0.688 0.689 0.689 0.689 0.692 0.693 0.697 0.698 0.694 0.691 0.692 0.691 0.689 0.692 0.694 0.694 0.696 0.693 0.690 0.691 0.693 0.695 0.693 0.691 0.691 0.691 0.692 0.690 0.689 0.687 0.686 0.686 0.686 0.688 0.688 0.687 0.690 0.688 0.684 0.686 0.688 0.691 0.692 0.693 0.692 0.690 0.688 0.687 0.689 0.693 0.689 0.687 0.684 0.684 0.687 0.689 0.691
0.702 0.702 0.702 0.699 0.700 0.696 0.696 0.697 0.700 0.698 0.696 0.695 0.693 0.692 0.689 0.689 0.687 0.691 0.691 0.693 0.694 0.692 0.695 0.697 0.691 0.694 0.695 0.694 0.691 0.693 0.696 0.696 0.694 0.691 0.692 0.693 0.693 0.693 0.690 0.689 0.689 0.689 0.689 0.687 0.686 0.685 0.686 0.688 0.689 0.691 0.690 0.689 0.691 0.689 0.685 0.686 0.690 0.689 0.690 0.693 0.691 0.689 0.690 0.688 0.690 0.693 0.690 0.690 0.686 0.685 0.688 0.689 0.691
0.696 0.698 0.698 0.699 0.700 0.696 0.694 0.694 0.697 0.697 0.696 0.695 0.693 0.692 0.692 0.691 0.686 0.691 0.689 0.692 0.695 0.694 0.696 0.697 0.691 0.695 0.696 0.694 0.692 0.692 0.696 0.697 0.694 0.696 0.693 0.691 0.690 0.690 0.687 0.687 0.686 0.686 0.686 0.686 0.687 0.688 0.687 0.690 0.691 0.693 0.690 0.690 0.693 0.690 0.685 0.688 0.692 0.693 0.692 0.692 0.690 0.691 0.692 0.689 0.690 0.698 0.693 0.690 0.687 0.684 0.687 0.688 0.691
0.695 0.696 0.696 0.697 0.696 0.695 0.695 0.693 0.692 0.693 0.693 0.692 0.692 0.690 0.689 0.689 0.686 0.685 0.690 0.689 0.694 0.697 0.699 0.697 0.692 0.696 0.697 0.696 0.690 0.693 0.697 0.696 0.696 0.697 0.693 0.689 0.687 0.687 0.687 0.689 0.686 0.689 0.690 0.693 0.689 0.690 0.687 0.690 0.692 0.694 0.689 0.692 0.694 0.689 0.685 0.688 0.691 0.694 0.694 0.694 0.691 0.692 0.691 0.689 0.695 0.693 0.691 0.688 0.685 0.685 0.687 0.687 0.690
0.696 0.697 0.696 0.697 0.695 0.694 0.694 0.693 0.691 0.690 0.691 0.691 0.689 0.688 0.685 0.684 0.684 0.685 0.691 0.691 0.689 0.693 0.696 0.696 0.693 0.698 0.697 0.693 0.692 0.694 0.698 0.694 0.693 0.690 0.687 0.687 0.688 0.689 0.690 0.691 0.687 0.692 0.694 0.692 0.689 0.690 0.688 0.690 0.693 0.692 0.691 0.694 0.693 0.690 0.686 0.685 0.689 0.690 0.690 0.693 0.693 0.694 0.690 0.692 0.694 0.691 0.689 0.687 0.686 0.685 0.686 0.688 0.690
0.690 0.692 0.697 0.697 0.696 0.695 0.697 0.696 0.694 0.691 0.689 0.687 0.687 0.687 0.687 0.686 0.684 0.684 0.687 0.693 0.690 0.693 0.695 0.696 0.693 0.700 0.698 0.694 0.694 0.694 0.694 0.692 0.688 0.688 0.689 0.688 0.692 0.690 0.693 0.694 0.690 0.689 0.694 0.692 0.691 0.691 0.689 0.690 0.695 0.695 0.695 0.695 0.691 0.688 0.689 0.688 0.686 0.687 0.688 0.689 0.691 0.693 0.694 0.694 0.692 0.689 0.687 0.689 0.688 0.686 0.686 0.689 0.691
0.687 0.689 0.692 0.692 0.692 0.691 0.693 0.693 0.694 0.694 0.691 0.689 0.689 0.689 0.689 0.687 0.683 0.683 0.687 0.691 0.690 0.691 0.695 0.699 0.695 0.698 0.697 0.696 0.696 0.696 0.693 0.687 0.690 0.691 0.690 0.690 0.691 0.695 0.694 0.693 0.690 0.688 0.693 0.693 0.694 0.693 -999.000 -999.000 -999.000 -999.000 0.694 0.693 0.689 0.689 0.693 -999.000 -999.000 0.686 0.693 0.692 0.693 0.692 0.693 0.690 0.690 0.690 0.689 0.691 0.690 0.687 0.686 0.688 0.689
0.684 0.686 0.688 0.687 0.688 0.688 0.689 0.690 0.690 0.691 0.693 0.693 0.691 0.690 0.688 0.686 0.683 0.682 0.683 0.686 0.687 0.690 0.696 0.697 0.700 0.694 0.692 0.692 0.690 0.690 0.688 0.691 0.695 0.692 0.689 0.690 0.693 0.692 0.691 0.692 0.693 0.689 0.696 -999.000 -999.000 -999.000 -999.000 -999.000 -999.000 -999.000 0.692 0.690 0.689 0.693 -999.000 -999.000 -999.000 0.687 0.689 0.692 0.694 0.696 0.695 0.695 0.695 0.694 0.690 0.694 0.691 0.688 0.686 0.687 0.690
0.683 0.684 0.683 0.684 0.684 0.684 0.685 0.687 0.688 0.689 0.690 0.692 0.690 0.687 0.686 0.684 0.682 0.681 0.683 0.685 0.685 0.688 0.693 0.694 0.699 0.695 0.695 0.696 0.693 0.692 0.692 0.695 0.693 0.691 0.689 0.689 0.691 0.690 0.693 0.695 0.691 0.691 0.696 -999.000 -999.000 -999.000 -999.000 -999.000 -999.000 -999.000 -999.000 0.691 0.690 0.693 -999.000 -999.000 -999.000 0.688 0.687 0.689 0.691 0.692 0.695 0.694 0.698 0.695 0.691 0.693 0.691 0.688 0.686 0.687 0.691
0.685 0.683 0.683 0.684 0.681 0.681 0.683 0.683 0.684 0.686 0.690 0.689 0.688 0.686 0.682 0.681 0.681 0.681 0.683 0.687 0.688 0.691 0.691 0.689 0.696 0.696 0.698 0.697 0.695 0.697 0.696 0.693 0.692 0.690 0.688 0.688 0.688 0.690 0.697 0.694 0.692 0.691 0.696 -999.000 -999.000 -999.000 -999.000 -999.000 -999.000 -999.000 -999.000 -999.000 0.693 0.696 -999.000 -999.000 -999.000 0.690 0.687 0.688 0.688 0.690 0.691 0.693 0.695 0.693 0.693 0.695 0.692 0.690 0.689 0.686 0.689
0.689 0.684 0.684 0.683 0.683 0.681 0.680 0.681 0.683 0.685 0.687 0.688 0.686 0.684 0.683 0.680 0.679 0.681 0.684 0.690 0.693 0.692 0.689 0.688 0.690 0.693 0.694 0.696 0.696 0.692 0.692 0.693 0.692 0.691 0.689 0.687 0.687 0.691 0.695 0.694 0.691 0.692 0.696 -999.000 -999.000 -999.000 -999.000 -999.000 -999.000 -999.000 -999.000 -999.000 -999.000 -999.000 -999.000 -999.000 -999.000 0.691 0.687 0.691 0.690 0.688 0.689 0.692 0.694 0.697 0.696 0.696 0.693 0.691 0.688 0.687 0.687
0.689 0.686 0.686 0.684 0.684 0.684 0.681 0.679 0.681 0.684 0.686 0.688 0.685 0.683 0.682 0.680 0.679 0.680 0.685 0.691 0.691 0.692 0.689 0.687 0.686 0.689 0.689 0.691 0.695 0.692 0.688 0.692 0.692 0.690 0.688 0.686 0.686 0.687 0.690 0.693 0.691 0.692 -999.000 -999.000 -999.000 -999.000 -999.000 -999.000 -999.000 -999.000 -999.000 -999.000 -999.000 -999.000 -999.000 -999.000 -999.000 0.690 0.687 0.693 0.692 0.690 0.689 0.689 0.691 0.692 0.693 0.694 0.692 0.691 0.689 0.688 0.688
0.690 0.688 0.687 0.684 0.685 0.683 0.682 0.681 0.679 0.682 0.685 0.687 0.685 0.683 0.681 0.680 0.679 0.679 0.683 0.687 0.689 0.692 0.689 0.687 0.685 0.684 0.688 0.691 0.696 0.692 0.688 0.690 0.692 0.690 0.689 0.686 0.686 0.686 0.689 0.692 0.694 -999.000 -999.000 -999.000 -999.000 -999.000 -999.000 -999.000 -999.000 -999.000 -999.000 -999.000 -999.000 -999.000 -999.000 -999.000 -999.000 0.690 0.688 0.693 0.694 0.690 0.692 0.689 0.689 0.689 0.690 0.693 0.694 0.689 0.691 0.689 0.689
0.687 0.686 0.684 0.682 0.684 0.686 0.681 0.681 0.678 0.679 0.682 0.685 0.687 0.685 0.682 0.680 0.678 0.678 0.681 0.684 0.686 0.691 0.690 0.688 0.685 0.682 0.688 0.693 0.695 0.690 0.686 0.693 0.690 0.691 0.689 0.686 0.686 0.685 0.688 0.693 0.693 -999.000 -999.000 -999.000 -999.000 -999.000 -999.000 -999.000 -999.000 -999.000 -999.000 -999.000 -999.000 -999.000 -999.000 -999.000 -999.000 0.690 0.688 0.694 0.695 0.694 0.693 0.689 0.691 0.693 0.690 0.692 0.692 0.692 0.692 0.689 0.690
0.688 0.687 0.685 0.685 0.687 0.686 0.685 0.682 0.679 0.677 0.679 0.682 0.685 0.687 0.683 0.681 0.679 0.677 0.678 0.681 0.683 0.687 0.685 0.684 0.683 0.681 0.686 0.693 0.694 0.689 0.685 0.688 0.687 0.689 0.690 0.687 0.685 0.684 0.684 0.688 0.692 -999.000 -999.000 -999.000 -999.000 -999.000 -999.000 -999.000 -999.000 -999.000 -999.000 -999.000 -999.000 -999.000 -999.000 -999.000 -999.000 0.692 0.688 0.690 0.692 0.695 0.693 0.689 0.693 0.695 0.692 0.690 0.695 0.692 0.690 0.691 0.692
0.693 0.690 0.689 0.691 0.690 0.689 0.684 0.683 0.680 0.677 0.677 0.679 0.681 0.684 0.684 0.682 0.681 0.679 0.677 0.677 0.680 0.683 0.681 0.681 0.681 0.682 0.684 0.689 0.692 0.690 0.687 0.684 0.687 0.690 0.690 0.687 0.685 0.683 0.683 0.684 0.688 0.694 -999.000 -999.000 -999.000 -999.000 -999.000 -999.000 -999.000 -999.000 -999.000 -999.000 -999.000 -999.000 -999.000 -999.000 -999.000 0.693 0.690 0.688 0.691 0.695 0.693 0.690 0.692 0.695 0.694 0.691 0.695 0.692 0.691 0.692 0.694
0.689 0.691 0.688 0.687 0.686 0.685 0.682 0.680 0.678 0.677 0.675 0.677 0.679 0.681 0.684 0.683 0.682 0.680 0.678 0.677 0.678 0.680 0.680 0.681 0.686 0.685 0.685 0.687 0.688 0.691 0.687 0.683 0.687 0.693 0.689 0.689 0.688 0.687 0.684 0.683 0.686 0.690 0.692 -999.000 -999.000 -999.000 -999.000 -999.000 -999.000 -999.000 -999.000 -999.000 -999.000 -999.000 -999.000 -999.000 -999.000 0.694 0.691 0.690 0.690 0.695 0.694 0.690 0.692 0.694 0.695 0.694 0.694 0.692 0.690 0.690 0.691
0.684 0.690 0.686 0.684 0.683 0.682 0.679 0.677 0.679 0.678 0.675 0.674 0.677 0.679 0.681 0.684 0.682 0.680 0.677 0.676 0.677 0.679 0.681 0.683 0.682 0.685 0.689 0.691 0.691 0.690 0.687 0.683 0.687 0.690 0.689 0.691 0.689 0.686 0.682 0.681 0.684 0.687 0.689 -999.000 -999.000 -999.000 -999.000 -999.000 -999.000 -999.000 -999.000 -999.000 -999.000 -999.000 -999.000 -999.000 -999.000 0.695 0.694 0.691 0.689 0.693 0.694 0.692 0.695 0.695 0.695 0.693 0.692 0.691 0.688 0.689 0.687
0.687 0.689 0.686 0.685 0.683 0.681 0.681 0.682 0.680 0.676 0.676 0.674 0.674 0.677 0.679 0.680 0.682 0.680 0.677 0.676 0.676 0.679 0.684 0.687 0.687 0.685 0.686 0.688 0.693 0.692 0.686 0.683 0.684 0.685 0.687 0.689 0.689 0.686 0.683 0.681 0.683 0.688 0.694 -999.000 -999.000 -999.000 -999.000 -999.000 -999.000 -999.000 -999.000 -999.000 -999.000 -999.000 -999.000 -999.000 -999.000 -999.000 0.694 0.690 0.689 0.693 0.695 0.694 0.695 0.696 0.694 0.690 0.689 0.688 0.690 0.689 0.685
0.685 0.684 0.684 0.685 0.685 0.684 0.681 0.685 0.679 0.680 0.677 0.675 0.673 0.673 0.676 0.678 0.681 0.680 0.677 0.675 0.675 0.679 0.680 0.683 0.684 0.685 0.686 0.691 0.692 0.687 0.684 0.682 0.688 0.690 0.692 0.692 0.689 0.686 0.683 0.681 0.683 0.687 0.694 -999.000 -999.000 -999.000 -999.000 -999.000 -999.000 -999.000 -999.000 -999.000 -999.000 -999.000 -999.000 -999.000 -999.000 0.696 0.692 0.692 0.691 0.692 0.693 0.695 0.696 0.693 0.694 0.695 0.691 0.692 0.691 0.688 0.685
0.685 0.684 0.680 0.681 0.679 0.678 0.680 0.682 0.680 0.682 0.678 0.674 0.674 0.672 0.673 0.675 0.678 0.679 0.676 0.675 0.675 0.677 0.678 0.678 0.680 0.682 0.684 0.686 0.688 0.687 0.684 0.682 0.688 0.687 0.691 0.690 0.687 0.684 0.683 0.680 0.682 0.687 0.692 -999.000 -999.000 -999.000 -999.000 -999.000 -999.000 -999.000 -999.000 -999.000 -999.000 -999.000 -999.000 -999.000 -999.000 -999.000 0.692 0.695 0.693 0.695 0.694 0.696 0.694 0.695 0.695 0.694 0.693 0.688 0.688 0.687 0.685
