Source/meteoio/tests/2D_interpolations/2009-01-19T12.00.00_TA_ref.asc
ncols               386
nrows               229
xllcorner    479500.000
yllcorner     73500.000
cellsize       1000.000
NODATA_value -999
[rows 174 to 202 of 229, columns 132 to 197 of 386]
288.335 287.970 287.240 286.746 287.017 287.609 287.637 287.591 287.501 287.518 287.483 286.866 284.946 284.238 285.754 287.323 287.335 287.294 287.287 287.259 287.176 287.024 287.004 286.567 285.401 285.368 286.960 286.685 286.417 283.759 283.949 283.575 283.745 279.035 274.935 275.858 274.438 271.496 270.634 269.328 266.196 264.749 -999.000 263.997 265.166 -999.000 -999.000 -999.000 -999.000 -999.000 -999.000 -999.000 -999.000 -999.000 -999.000 -999.000 -999.000 -999.000 -999.000 -999.000 -999.000 -999.000 -999.000 -999.000 -999.000 266.724
286.293 286.063 285.953 285.577 286.235 286.939 287.031 286.635 283.834 283.454 281.128 281.332 279.415 278.243 280.429 281.861 283.222 284.133 282.950 283.722 283.669 284.930 287.044 287.075 286.979 285.714 283.549 281.184 280.187 276.423 276.939 277.410 280.266 279.963 280.759 278.498 276.472 276.163 272.731 268.708 264.948 -999.000 -999.000 -999.000 -999.000 -999.000 -999.000 -999.000 -999.000 -999.000 -999.000 -999.000 -999.000 -999.000 -999.000 -999.000 -999.000 -999.000 -999.000 -999.000 -999.000 -999.000 -999.000 -999.000 -999.000 -999.000
279.258 273.989 281.326 282.024 278.705 283.211 282.916 280.473 281.606 282.679 277.432 275.867 274.456 275.888 277.945 280.692 280.919 279.880 277.538 277.524 277.425 278.785 286.970 283.073 278.953 279.994 276.738 277.560 279.260 273.597 268.317 269.742 276.334 279.286 275.619 274.098 271.541 271.339 272.145 265.878 -999.000 -999.000 -999.000 -999.000 -999.000 -999.000 -999.000 -999.000 -999.000 -999.000 -999.000 -999.000 -999.000 -999.000 -999.000 -999.000 -999.000 -999.000 -999.000 -999.000 -999.000 -999.000 -999.000 -999.000 -999.000 -999.000
272.598 279.258 277.258 276.934 273.492 276.327 275.788 274.410 278.849 278.805 271.739 268.345 270.281 272.882 276.636 277.144 277.935 279.051 277.200 275.545 277.688 279.352 286.255 283.318 281.205 274.798 270.243 275.348 276.958 271.229 265.037 270.011 275.852 274.298 276.295 270.097 270.015 267.112 265.337 -999.000 -999.000 -999.000 -999.000 -999.000 -999.000 -999.000 -999.000 -999.000 -999.000 -999.000 -999.000 -999.000 -999.000 -999.000 -999.000 -999.000 -999.000 -999.000 -999.000 -999.000 -999.000 -999.000 -999.000 -999.000 -999.000 -999.000
274.674 269.173 268.753 273.605 266.601 272.051 267.831 270.422 275.369 279.860 272.192 265.533 266.987 270.636 273.464 273.259 275.712 275.451 275.562 273.799 275.297 281.085 286.706 282.800 278.166 275.349 270.508 270.997 275.170 269.404 265.957 270.129 271.412 268.795 276.764 269.331 266.899 263.490 259.490 -999.000 -999.000 -999.000 -999.000 -999.000 -999.000 -999.000 -999.000 -999.000 -999.000 -999.000 -999.000 -999.000 -999.000 -999.000 -999.000 -999.000 -999.000 -999.000 -999.000 -999.000 -999.000 -999.000 -999.000 -999.000 -999.000 -999.000
272.076 267.692 267.133 268.284 267.831 268.160 265.559 267.060 272.097 277.323 272.332 264.428 264.759 267.713 272.622 269.237 270.074 271.871 272.303 271.045 273.265 281.407 286.676 281.355 278.499 274.406 271.621 269.893 274.183 268.602 265.591 265.965 267.724 269.728 274.149 272.098 265.923 263.349 262.131 -999.000 -999.000 -999.000 -999.000 -999.000 -999.000 -999.000 -999.000 -999.000 -999.000 -999.000 -999.000 -999.000 -999.000 -999.000 -999.000 -999.000 -999.000 -999.000 -999.000 -999.000 -999.000 -999.000 -999.000 -999.000 -999.000 -999.000
274.716 271.590 267.367 266.516 265.029 264.372 266.009 268.344 272.108 277.071 269.154 266.425 263.493 267.899 271.307 265.443 264.939 268.159 271.495 272.700 273.163 280.728 285.609 279.970 277.574 275.535 270.534 270.329 274.902 269.615 265.478 268.050 271.149 271.836 271.123 269.873 266.775 262.749 259.988 257.534 257.322 -999.000 -999.000 -999.000 -999.000 -999.000 -999.000 -999.000 -999.000 -999.000 -999.000 -999.000 -999.000 -999.000 -999.000 -999.000 -999.000 -999.000 -999.000 -999.000 -999.000 -999.000 -999.000 -999.000 -999.000 -999.000
274.184 269.789 265.587 265.566 262.996 263.061 265.975 265.050 267.560 275.497 268.908 261.949 264.534 266.489 268.138 264.787 265.480 267.232 270.648 275.761 276.394 280.200 284.666 277.406 277.226 274.511 269.996 268.022 274.114 269.885 267.385 268.836 273.212 272.167 268.554 264.066 261.135 261.050 256.722 259.697 258.439 267.723 -999.000 -999.000 -999.000 -999.000 -999.000 -999.000 -999.000 -999.000 -999.000 -999.000 -999.000 -999.000 -999.000 -999.000 -999.000 -999.000 -999.000 -999.000 -999.000 -999.000 -999.000 -999.000 -999.000 -999.000
273.916 270.170 268.161 267.332 265.366 262.883 262.284 263.940 268.329 274.998 268.973 263.037 261.661 265.104 266.231 263.387 263.795 266.702 270.846 276.808 280.328 284.663 283.059 278.871 272.276 272.043 268.743 265.331 272.008 269.032 267.145 269.453 273.677 270.796 268.862 265.770 266.713 263.674 261.087 263.942 265.047 262.369 -999.000 -999.000 -999.000 -999.000 -999.000 -999.000 -999.000 -999.000 -999.000 -999.000 -999.000 -999.000 -999.000 -999.000 -999.000 -999.000 -999.000 -999.000 -999.000 -999.000 -999.000 -999.000 -999.000 -999.000
276.338 273.553 271.408 267.560 266.341 264.184 264.620 266.203 269.507 274.615 269.837 266.377 263.519 260.614 263.380 264.343 269.928 270.227 275.295 280.043 284.279 281.273 285.293 277.985 273.203 267.404 266.720 263.897 268.919 268.928 263.219 268.792 272.565 274.415 274.737 271.879 269.421 265.431 265.042 269.332 269.493 268.890 265.762 -999.000 -999.000 -999.000 -999.000 -999.000 -999.000 -999.000 -999.000 -999.000 -999.000 -999.000 -999.000 -999.000 -999.000 -999.000 -999.000 -999.000 -999.000 -999.000 -999.000 -999.000 -999.000 -999.000
278.606 274.148 272.656 269.347 267.282 264.863 266.064 267.623 270.374 273.062 267.622 264.834 261.834 262.854 266.029 268.947 273.849 275.968 280.537 283.317 276.270 273.623 278.909 280.194 273.104 268.536 264.620 262.984 267.221 268.990 263.608 267.011 265.001 267.107 274.268 275.084 269.310 267.761 262.583 271.747 275.292 272.699 270.896 -999.000 -999.000 -999.000 -999.000 -999.000 -999.000 -999.000 -999.000 -999.000 -999.000 -999.000 -999.000 -999.000 -999.000 -999.000 -999.000 -999.000 -999.000 -999.000 -999.000 -999.000 -999.000 -999.000
279.221 273.666 267.161 268.086 263.082 261.498 264.649 267.090 273.260 269.124 267.270 263.966 261.177 261.558 263.030 264.711 270.949 278.435 282.794 277.163 274.511 270.860 271.209 282.799 277.097 272.139 265.610 261.639 262.296 265.995 264.891 261.413 264.375 269.756 273.110 276.729 274.924 271.141 268.481 272.602 277.021 278.301 276.664 279.311 -999.000 -999.000 -999.000 -999.000 -999.000 -999.000 -999.000 -999.000 -999.000 -999.000 -999.000 -999.000 -999.000 -999.000 -999.000 -999.000 -999.000 -999.000 -999.000 -999.000 -999.000 -999.000
278.740 272.775 266.883 266.954 266.151 262.570 263.775 267.113 273.467 267.321 264.204 260.424 261.916 264.972 267.178 270.843 272.947 282.318 278.047 276.031 272.278 268.634 269.922 278.543 278.387 270.843 265.667 262.906 260.562 260.683 261.835 262.560 266.722 270.348 273.797 273.971 278.104 276.628 273.199 278.264 281.108 275.700 283.295 281.882 -999.000 -999.000 -999.000 -999.000 -999.000 -999.000 -999.000 -999.000 -999.000 -999.000 -999.000 -999.000 -999.000 -999.000 -999.000 -999.000 -999.000 -999.000 -999.000 -999.000 -999.000 -999.000
279.530 274.228 268.508 264.999 264.839 260.441 265.212 268.590 272.989 267.009 263.297 259.268 263.595 263.938 264.267 272.116 278.096 280.905 276.834 273.932 268.446 265.163 269.797 272.603 280.353 272.941 266.917 265.299 264.565 261.808 259.280 257.006 263.977 266.452 267.269 270.397 274.724 280.213 280.355 274.829 270.203 274.468 281.319 276.638 270.293 -999.000 -999.000 -999.000 -999.000 -999.000 -999.000 -999.000 -999.000 -999.000 -999.000 -999.000 -999.000 -999.000 -999.000 -999.000 -999.000 -999.000 -999.000 -999.000 -999.000 -999.000
278.125 277.271 272.630 269.403 265.703 262.294 263.590 267.372 269.436 266.770 262.583 258.779 261.351 259.878 266.611 274.706 281.612 278.441 275.092 268.668 264.166 262.313 263.638 269.273 277.817 273.467 268.493 263.818 260.710 261.731 260.815 254.014 259.154 261.903 265.051 266.338 272.836 279.281 272.992 273.012 271.773 279.258 275.400 268.040 -999.000 -999.000 -999.000 -999.000 -999.000 -999.000 -999.000 -999.000 -999.000 -999.000 -999.000 -999.000 -999.000 -999.000 -999.000 -999.000 -999.000 -999.000 -999.000 -999.000 -999.000 -999.000
273.236 277.246 272.960 268.047 267.055 262.609 259.917 266.511 268.903 263.138 261.379 258.666 261.832 262.911 268.081 277.841 281.252 273.993 273.396 269.138 263.093 261.223 266.821 269.407 271.167 277.851 271.787 266.661 265.043 262.589 259.739 254.193 251.768 259.516 263.972 267.689 275.268 274.705 269.736 272.134 277.107 276.807 274.221 270.717 -999.000 -999.000 -999.000 -999.000 -999.000 -999.000 -999.000 -999.000 -999.000 -999.000 -999.000 -999.000 -999.000 -999.000 -999.000 -999.000 -999.000 -999.000 -999.000 -999.000 -999.000 -999.000
268.468 273.218 277.021 269.775 264.556 263.243 260.670 266.808 267.911 261.994 258.501 257.276 262.907 266.248 271.223 279.277 278.823 271.952 266.982 269.848 263.511 263.970 265.808 261.896 268.183 274.989 275.763 269.990 264.918 261.707 259.171 255.604 254.491 262.183 266.681 270.508 275.822 270.821 266.910 272.059 278.236 273.134 272.112 269.739 -999.000 -999.000 -999.000 -999.000 -999.000 -999.000 -999.000 -999.000 -999.000 -999.000 -999.000 -999.000 -999.000 -999.000 -999.000 -999.000 -999.000 -999.000 -999.000 -999.000 -999.000 -999.000
264.277 268.552 275.821 270.758 266.406 259.644 259.477 264.705 266.269 263.885 260.540 254.882 260.802 265.416 268.708 279.903 277.054 269.490 262.558 267.139 262.411 258.442 259.787 258.159 263.769 271.193 275.970 270.262 265.389 260.639 261.696 258.108 255.344 263.881 267.019 270.600 269.980 270.572 266.024 274.019 276.647 269.079 269.493 268.985 -999.000 -999.000 -999.000 -999.000 -999.000 -999.000 -999.000 -999.000 -999.000 -999.000 -999.000 -999.000 -999.000 -999.000 -999.000 -999.000 -999.000 -999.000 -999.000 -999.000 -999.000 -999.000
265.179 268.329 274.445 273.442 268.521 260.627 255.192 262.137 261.709 260.649 260.100 256.923 261.840 264.921 273.065 280.008 275.150 266.555 260.686 263.488 260.967 257.960 254.123 259.151 266.463 272.499 276.675 271.986 267.107 266.126 261.673 258.420 253.606 260.602 264.232 265.080 267.022 264.944 265.897 276.083 271.004 268.955 267.020 -999.000 -999.000 -999.000 -999.000 -999.000 -999.000 -999.000 -999.000 -999.000 -999.000 -999.000 -999.000 -999.000 -999.000 -999.000 -999.000 -999.000 -999.000 -999.000 -999.000 -999.000 -999.000 -999.000
262.939 267.146 271.927 274.892 269.288 262.702 258.249 258.356 256.810 257.214 258.830 257.140 257.715 262.680 271.008 279.921 276.219 266.132 259.272 257.700 256.752 256.121 254.312 259.349 264.689 269.689 275.632 273.683 270.450 265.851 261.997 257.769 253.775 257.944 262.311 262.513 264.834 262.849 268.198 273.601 268.013 -999.000 -999.000 -999.000 -999.000 -999.000 -999.000 -999.000 -999.000 -999.000 -999.000 -999.000 -999.000 -999.000 -999.000 -999.000 -999.000 -999.000 -999.000 -999.000 -999.000 -999.000 -999.000 -999.000 -999.000 -999.000
260.070 264.773 271.321 275.423 269.618 264.597 263.212 256.945 256.501 252.427 256.046 254.789 256.313 262.538 270.013 279.948 271.893 267.454 262.395 255.826 255.227 254.633 253.792 257.471 263.430 268.508 274.383 274.436 268.618 263.701 261.344 254.615 256.652 254.510 255.922 261.210 263.148 268.132 273.681 269.532 268.419 -999.000 -999.000 -999.000 -999.000 -999.000 -999.000 -999.000 -999.000 -999.000 -999.000 -999.000 -999.000 -999.000 -999.000 -999.000 -999.000 -999.000 -999.000 -999.000 -999.000 -999.000 -999.000 -999.000 -999.000 -999.000
261.558 259.015 267.841 275.151 266.855 262.711 262.992 259.191 256.127 249.959 252.976 256.695 262.985 266.165 270.539 279.187 274.191 267.237 260.753 256.464 248.888 250.264 253.920 259.838 267.541 268.992 273.576 276.300 269.247 262.281 261.323 261.138 258.676 258.445 261.470 264.185 268.994 270.171 270.524 -999.000 -999.000 -999.000 -999.000 -999.000 -999.000 -999.000 -999.000 -999.000 -999.000 -999.000 -999.000 -999.000 -999.000 -999.000 -999.000 -999.000 -999.000 -999.000 -999.000 -999.000 -999.000 -999.000 -999.000 -999.000 -999.000 -999.000
264.703 262.804 267.247 273.588 269.365 265.801 263.323 261.376 256.924 250.348 252.044 257.003 264.591 270.926 277.481 277.140 271.809 263.610 258.116 253.014 252.488 249.222 254.597 260.793 267.862 273.313 273.409 274.822 272.845 267.720 267.407 266.041 262.562 258.816 255.592 259.766 -999.000 -999.000 -999.000 -999.000 -999.000 -999.000 -999.000 -999.000 -999.000 -999.000 -999.000 -999.000 -999.000 -999.000 -999.000 -999.000 -999.000 -999.000 -999.000 -999.000 -999.000 -999.000 -999.000 -999.000 -999.000 -999.000 -999.000 -999.000 -999.000 -999.000
265.823 264.499 267.372 270.801 271.861 268.612 266.009 263.414 260.908 251.302 253.195 257.587 260.121 267.811 276.762 275.890 269.665 263.943 258.123 254.829 248.517 249.776 259.049 265.031 269.513 272.821 270.045 269.281 275.373 269.424 266.606 265.957 264.224 260.827 255.787 -999.000 -999.000 -999.000 -999.000 -999.000 -999.000 -999.000 -999.000 -999.000 -999.000 -999.000 -999.000 -999.000 -999.000 -999.000 -999.000 -999.000 -999.000 -999.000 -999.000 -999.000 -999.000 -999.000 -999.000 -999.000 -999.000 -999.000 -999.000 -999.000 -999.000 -999.000
264.285 259.755 262.696 271.333 266.592 263.366 262.403 262.916 260.387 255.084 260.904 262.249 262.456 269.468 277.377 274.329 271.658 264.865 260.145 256.121 250.184 252.999 258.889 263.509 265.944 267.483 263.887 262.656 274.537 270.901 264.429 257.667 262.165 260.880 -999.000 -999.000 -999.000 -999.000 -999.000 -999.000 -999.000 -999.000 -999.000 -999.000 -999.000 -999.000 -999.000 -999.000 -999.000 -999.000 -999.000 -999.000 -999.000 -999.000 -999.000 -999.000 -999.000 -999.000 -999.000 -999.000 -999.000 -999.000 -999.000 -999.000 -999.000 -999.000
259.597 258.164 263.512 269.816 264.035 254.756 258.765 257.679 254.410 258.760 265.096 267.596 270.289 272.972 278.214 274.605 267.707 262.991 258.098 253.135 254.273 252.067 256.061 260.002 261.776 264.322 259.049 264.619 273.957 270.136 269.487 263.331 260.619 258.437 -999.000 -999.000 -999.000 -999.000 -999.000 -999.000 -999.000 -999.000 -999.000 -999.000 -999.000 -999.000 -999.000 -999.000 -999.000 -999.000 -999.000 -999.000 -999.000 -999.000 -999.000 -999.000 -999.000 -999.000 -999.000 -999.000 -999.000 -999.000 -999.000 -999.000 -999.000 -999.000
255.733 256.562 262.173 267.486 262.253 258.955 255.728 251.880 256.476 259.236 263.982 265.695 265.724 269.357 278.093 274.434 267.775 262.748 261.108 259.571 255.838 248.024 254.054 258.208 259.773 261.108 261.771 264.511 273.186 268.419 265.675 268.126 262.338 256.983 -999.000 -999.000 -999.000 -999.000 -999.000 -999.000 -999.000 -999.000 -999.000 -999.000 -999.000 -999.000 -999.000 -999.000 -999.000 -999.000 -999.000 -999.000 -999.000 -999.000 -999.000 -999.000 -999.000 -999.000 -999.000 -999.000 -999.000 -999.000 -999.000 -999.000 -999.000 -999.000
256.566 254.044 261.645 266.245 265.225 261.532 258.520 252.619 254.764 254.658 261.133 260.798 262.832 270.719 278.002 272.799 269.537 269.305 263.935 260.265 255.090 249.319 253.022 257.206 256.729 259.286 259.903 265.095 271.738 267.767 261.731 266.394 264.505 259.637 -999.000 -999.000 -999.000 -999.000 -999.000 -999.000 -999.000 -999.000 -999.000 -999.000 -999.000 -999.000 -999.000 -999.000 -999.000 -999.000 -999.000 -999.000 -999.000 -999.000 -999.000 -999.000 -999.000 -999.000 -999.000 -999.000 -999.000 -999.000 -999.000 -999.000 -999.000 -999.000
258.698 254.625 254.880 262.699 262.181 262.533 259.926 257.139 257.313 258.666 259.735 258.037 262.559 273.365 276.345 270.471 262.759 267.926 266.093 262.239 258.361 254.812 251.656 254.281 255.851 259.633 261.305 264.386 270.381 266.717 262.052 262.714 266.697 262.408 -999.000 -999.000 -999.000 -999.000 -999.000 -999.000 -999.000 -999.000 -999.000 -999.000 -999.000 -999.000 -999.000 -999.000 -999.000 -999.000 -999.000 -999.000 -999.000 -999.000 -999.000 -999.000 -999.000 -999.000 -999.000 -999.000 -999.000 -999.000 -999.000 -999.000 -999.000 -999.000
