Source/meteoio/tests/2D_interpolations/2009-01-19T12.00.00_PSUM_ref.asc
ncols               386
nrows               229
xllcorner    479500.000
yllcorner     73500.000
cellsize       1000.000
NODATA_value -999
[rows 99 to 131 of 229, columns 292 to 364 of 386]
0.661 0.540 0.804 0.927 0.931 1.142 1.211 1.220 0.909 1.097 1.336 1.446 1.590 1.602 -999.000 -999.000 -999.000 -999.000 -999.000 -999.000 -999.000 -999.000 -999.000 -999.000 -999.000 -999.000 -999.000 -999.000 -999.000 -999.000 -999.000 -999.000 -999.000 -999.000 -999.000 -999.000 -999.000 -999.000 -999.000 -999.000 -999.000 -999.000 -999.000 -999.000 -999.000 -999.000 -999.000 1.796 1.800 1.703 1.647 1.607 1.500 1.624 1.595 1.654 1.541 1.518 1.413 1.035 -999.000 -999.000 -999.000 -999.000 -999.000 -999.000 -999.000 -999.000 -999.000 -999.000 -999.000 -999.000 -999.000
0.656 0.530 0.686 0.881 1.128 1.155 1.165 1.046 0.894 1.220 1.502 1.590 1.600 1.781 1.750 -999.000 -999.000 -999.000 -999.000 -999.000 -999.000 -999.000 -999.000 -999.000 -999.000 -999.000 -999.000 -999.000 -999.000 -999.000 -999.000 -999.000 -999.000 -999.000 -999.000 -999.000 -999.000 -999.000 -999.000 -999.000 -999.000 -999.000 -999.000 -999.000 -999.000 -999.000 -999.000 -999.000 1.746 1.737 1.481 1.799 1.525 1.809 1.685 1.800 1.817 1.624 1.350 1.082 0.715 -999.000 -999.000 -999.000 -999.000 -999.000 -999.000 -999.000 -999.000 -999.000 -999.000 -999.000 -999.000
0.520 0.486 0.693 1.025 1.049 1.030 0.991 0.773 1.030 1.258 1.404 1.633 1.577 1.701 1.679 1.739 -999.000 -999.000 -999.000 -999.000 -999.000 -999.000 -999.000 -999.000 -999.000 -999.000 -999.000 -999.000 -999.000 -999.000 -999.000 -999.000 -999.000 -999.000 -999.000 -999.000 -999.000 -999.000 -999.000 -999.000 -999.000 -999.000 1.683 1.724 1.800 1.890 -999.000 1.829 1.726 1.862 1.642 1.883 1.567 1.885 1.806 1.794 1.786 1.781 1.497 1.084 0.703 -999.000 -999.000 -999.000 -999.000 -999.000 -999.000 -999.000 -999.000 -999.000 -999.000 -999.000 -999.000
0.684 0.548 0.533 0.733 0.821 0.849 0.724 0.914 1.078 1.252 1.399 1.535 1.683 1.724 1.710 1.622 1.541 -999.000 -999.000 -999.000 -999.000 -999.000 -999.000 -999.000 -999.000 -999.000 -999.000 -999.000 -999.000 -999.000 -999.000 -999.000 -999.000 -999.000 -999.000 -999.000 -999.000 -999.000 -999.000 -999.000 -999.000 -999.000 1.705 1.797 1.722 1.811 1.840 1.956 1.891 1.876 1.928 1.947 1.833 2.003 1.895 1.871 1.859 1.659 1.350 0.935 -999.000 -999.000 -999.000 -999.000 -999.000 -999.000 -999.000 -999.000 -999.000 -999.000 -999.000 -999.000 -999.000
0.814 0.736 0.629 0.567 0.588 0.631 0.653 0.733 0.789 0.925 1.125 1.234 1.480 1.586 1.581 1.530 1.256 1.490 1.562 1.727 1.742 1.826 -999.000 -999.000 -999.000 -999.000 -999.000 -999.000 -999.000 -999.000 -999.000 -999.000 -999.000 -999.000 -999.000 -999.000 -999.000 -999.000 -999.000 -999.000 -999.000 -999.000 1.765 1.836 1.784 1.822 1.824 1.760 1.814 1.706 1.833 1.978 1.717 2.012 1.691 1.738 1.678 1.460 1.136 0.923 -999.000 -999.000 -999.000 -999.000 -999.000 -999.000 -999.000 -999.000 -999.000 -999.000 -999.000 -999.000 -999.000
0.933 0.999 0.901 0.785 0.685 0.686 0.696 0.665 0.591 0.676 0.869 1.083 1.297 1.440 1.388 1.252 1.407 1.215 1.621 1.679 1.718 1.786 1.759 -999.000 -999.000 -999.000 -999.000 -999.000 -999.000 -999.000 -999.000 -999.000 -999.000 -999.000 -999.000 -999.000 -999.000 -999.000 -999.000 -999.000 -999.000 1.938 1.867 1.861 1.839 1.861 1.771 1.788 1.714 1.775 1.915 1.984 1.887 1.892 1.847 1.697 1.513 1.288 1.044 0.771 -999.000 -999.000 -999.000 -999.000 -999.000 -999.000 -999.000 -999.000 -999.000 -999.000 -999.000 -999.000 -999.000
0.929 1.225 1.123 1.004 0.754 1.063 0.977 0.900 0.783 0.712 0.670 0.794 1.037 1.199 1.223 1.073 1.343 1.515 1.608 1.681 1.682 1.754 1.706 1.809 1.915 1.974 -999.000 -999.000 -999.000 -999.000 -999.000 -999.000 -999.000 -999.000 -999.000 -999.000 -999.000 -999.000 -999.000 -999.000 -999.000 1.956 1.908 1.994 1.798 1.700 1.699 1.602 1.682 1.670 1.811 1.863 1.850 1.811 1.689 1.505 1.216 1.048 0.795 -999.000 -999.000 -999.000 -999.000 -999.000 -999.000 -999.000 -999.000 -999.000 -999.000 -999.000 -999.000 -999.000 -999.000
0.949 1.260 1.310 1.128 0.982 1.211 1.195 1.084 1.019 0.921 0.824 0.676 0.725 0.889 0.939 1.093 1.385 1.522 1.667 1.655 1.652 1.835 1.847 1.718 1.911 1.644 1.966 -999.000 -999.000 -999.000 -999.000 -999.000 -999.000 -999.000 -999.000 -999.000 -999.000 -999.000 -999.000 -999.000 -999.000 -999.000 2.013 1.926 1.736 1.834 1.717 1.433 1.509 1.515 1.636 1.802 1.790 1.753 1.456 1.326 1.081 0.958 0.715 -999.000 -999.000 -999.000 -999.000 -999.000 -999.000 -999.000 -999.000 -999.000 -999.000 -999.000 -999.000 -999.000 -999.000
1.217 1.421 1.393 1.372 1.203 1.354 1.353 1.220 1.127 1.068 0.991 0.920 0.808 0.726 0.790 1.001 1.155 1.383 1.477 1.656 1.496 1.597 1.771 1.563 1.845 1.810 1.913 1.942 -999.000 -999.000 -999.000 -999.000 -999.000 -999.000 -999.000 -999.000 -999.000 -999.000 -999.000 -999.000 -999.000 2.021 2.036 1.997 1.893 1.805 1.675 1.611 1.241 1.218 1.612 1.726 1.563 1.597 1.349 1.118 0.922 0.726 0.944 1.210 -999.000 -999.000 -999.000 -999.000 -999.000 -999.000 -999.000 -999.000 -999.000 -999.000 -999.000 -999.000 -999.000
1.491 1.477 1.503 1.497 1.433 1.543 1.493 1.442 1.235 1.258 1.240 1.214 1.015 0.933 0.803 0.861 1.027 1.184 1.206 1.220 1.511 1.573 1.573 1.422 1.567 1.492 1.808 1.791 -999.000 -999.000 -999.000 -999.000 -999.000 -999.000 -999.000 -999.000 -999.000 -999.000 2.124 1.947 2.010 1.937 1.978 1.862 1.854 1.864 1.623 1.571 1.308 1.182 1.392 1.517 1.549 1.434 1.061 0.933 0.727 0.980 1.200 1.438 -999.000 -999.000 -999.000 -999.000 -999.000 -999.000 -999.000 -999.000 -999.000 -999.000 -999.000 -999.000 -999.000
1.565 1.525 1.581 1.577 1.556 1.534 1.498 1.515 1.495 1.502 1.468 1.432 1.303 1.095 0.885 0.816 0.836 0.875 0.911 0.968 1.025 1.243 1.170 1.156 1.123 1.215 1.628 1.803 1.911 2.052 2.095 -999.000 -999.000 -999.000 -999.000 -999.000 -999.000 2.035 1.949 2.003 1.857 2.015 1.963 1.919 2.044 1.811 1.689 1.753 1.248 1.017 1.318 1.408 1.394 1.221 1.091 0.831 0.826 1.203 1.488 1.572 -999.000 -999.000 -999.000 -999.000 -999.000 -999.000 -999.000 -999.000 -999.000 -999.000 -999.000 -999.000 -999.000
1.527 1.553 1.553 1.537 1.522 1.563 1.619 1.602 1.631 1.610 1.591 1.490 1.325 1.192 0.952 1.058 0.981 1.021 1.084 1.117 0.925 1.087 1.353 1.507 1.340 1.251 1.626 1.928 1.938 2.026 2.051 2.138 -999.000 2.015 1.958 2.005 2.000 1.966 1.896 1.903 1.849 1.879 1.923 1.909 1.854 1.792 1.924 1.523 1.428 1.115 0.980 1.059 1.139 1.039 1.055 0.756 0.958 1.391 1.670 -999.000 -999.000 -999.000 -999.000 -999.000 -999.000 -999.000 -999.000 -999.000 -999.000 -999.000 -999.000 -999.000 -999.000
1.397 1.486 1.497 1.518 1.536 1.583 1.617 1.719 1.784 1.664 1.646 1.530 1.223 1.072 1.042 1.201 1.323 1.443 1.455 1.272 1.099 1.189 1.395 1.687 1.671 1.759 1.845 1.763 1.901 2.109 2.047 2.107 2.001 2.004 2.079 1.968 2.058 1.881 1.674 1.831 1.646 2.026 1.798 1.983 1.822 1.748 1.729 1.643 1.478 1.267 1.135 1.010 0.806 0.784 0.746 0.905 1.294 1.534 1.692 -999.000 -999.000 -999.000 -999.000 -999.000 -999.000 -999.000 -999.000 -999.000 -999.000 -999.000 -999.000 -999.000 -999.000
1.130 1.328 1.420 1.418 1.205 1.500 1.606 1.676 1.640 1.800 1.625 1.489 1.137 1.109 1.179 1.164 1.471 1.501 1.644 1.620 1.501 1.218 1.497 1.648 1.664 1.675 1.644 1.887 2.008 1.834 2.045 2.056 1.859 1.977 1.870 1.713 1.840 1.919 1.701 1.777 1.643 1.818 1.770 1.861 1.729 1.608 1.518 1.437 1.236 1.148 1.052 0.906 0.763 0.962 1.152 1.147 1.428 1.665 1.812 -999.000 -999.000 -999.000 -999.000 -999.000 -999.000 -999.000 -999.000 -999.000 -999.000 -999.000 -999.000 -999.000 -999.000
0.955 1.121 1.245 1.219 1.374 1.451 1.615 1.773 1.762 1.760 1.537 1.397 1.113 1.125 1.373 1.420 1.639 1.735 1.678 1.803 1.627 1.606 1.587 1.625 1.887 1.967 2.008 2.021 1.995 1.857 2.038 1.726 1.941 1.908 1.842 1.852 1.831 1.823 1.665 1.697 1.709 1.825 1.735 1.704 1.552 1.462 1.317 1.162 1.063 0.957 0.871 0.763 0.916 1.245 1.365 1.554 1.666 1.694 1.788 -999.000 -999.000 -999.000 -999.000 -999.000 -999.000 -999.000 -999.000 -999.000 -999.000 -999.000 -999.000 -999.000 -999.000
0.909 0.918 0.945 1.047 1.201 1.524 1.658 1.724 1.747 1.633 1.520 1.216 1.069 1.236 1.302 1.459 1.497 1.713 1.842 1.744 1.654 1.593 1.577 1.641 1.562 1.571 1.761 1.852 1.762 1.860 1.892 1.873 1.846 1.659 1.817 1.724 1.838 1.677 1.657 1.629 1.510 1.578 1.616 1.519 1.385 1.218 0.970 0.985 0.846 0.786 0.837 1.054 0.930 1.339 1.580 1.390 1.797 1.716 -999.000 -999.000 -999.000 -999.000 -999.000 -999.000 -999.000 -999.000 -999.000 -999.000 -999.000 -999.000 -999.000 -999.000 -999.000
1.244 0.927 1.152 1.264 1.400 1.521 1.600 1.510 1.603 1.541 1.372 1.114 1.102 1.119 1.174 1.261 1.573 1.604 1.761 1.897 1.856 1.749 1.633 1.646 1.818 1.892 1.902 1.995 2.005 1.811 1.858 1.802 1.813 1.802 1.730 1.693 1.638 1.798 1.535 1.258 1.428 1.451 1.254 1.220 1.202 1.030 0.896 0.829 0.846 0.941 1.149 1.310 1.197 1.042 1.488 1.557 1.866 -999.000 -999.000 -999.000 -999.000 -999.000 -999.000 -999.000 -999.000 -999.000 -999.000 -999.000 -999.000 -999.000 -999.000 -999.000 -999.000
1.223 0.949 1.221 1.448 1.559 1.650 1.732 1.709 1.589 1.407 1.120 1.060 1.102 1.283 1.337 1.456 1.247 1.598 1.719 1.788 1.735 1.729 1.798 1.600 1.754 1.881 1.881 1.931 1.948 1.626 1.754 1.781 1.587 1.573 1.647 1.556 1.517 1.621 1.478 1.412 1.307 1.188 1.126 1.032 0.914 0.824 0.816 0.972 1.019 1.111 1.412 1.432 1.452 1.068 1.230 1.686 1.659 -999.000 -999.000 -999.000 -999.000 -999.000 -999.000 -999.000 -999.000 -999.000 -999.000 -999.000 -999.000 -999.000 -999.000 -999.000 -999.000
1.163 0.999 1.318 1.547 1.615 1.674 1.632 1.636 1.471 1.175 1.055 1.295 1.361 1.091 1.453 1.416 1.561 1.636 1.657 1.823 1.792 1.849 1.876 1.538 1.934 1.790 1.772 1.912 1.931 1.676 1.588 1.245 1.470 1.509 1.417 1.369 1.367 1.268 1.265 1.200 1.115 0.960 0.973 0.889 0.994 1.048 0.971 1.090 1.172 1.474 1.805 1.618 1.637 1.406 1.243 1.238 1.724 1.861 -999.000 -999.000 -999.000 -999.000 -999.000 -999.000 -999.000 -999.000 -999.000 -999.000 -999.000 -999.000 -999.000 -999.000 -999.000
1.132 1.185 1.512 1.713 1.698 1.791 1.672 1.566 1.369 1.067 1.140 1.459 1.385 1.477 1.136 1.528 1.553 1.618 1.702 1.706 1.760 1.927 1.925 1.761 1.879 1.715 1.840 1.793 1.898 1.771 1.537 1.354 1.226 1.118 1.062 1.100 1.087 1.010 0.991 0.985 0.992 0.939 0.963 1.011 1.092 1.164 0.945 1.285 1.488 1.839 1.637 1.595 1.908 1.731 1.440 1.709 1.770 1.797 -999.000 -999.000 -999.000 -999.000 -999.000 -999.000 -999.000 -999.000 -999.000 -999.000 -999.000 -999.000 -999.000 -999.000 -999.000
1.114 1.503 1.538 1.722 1.675 1.717 1.621 1.450 1.204 1.056 1.284 1.504 1.527 1.596 1.272 1.274 1.567 1.585 1.715 1.781 1.850 1.901 1.911 1.941 1.857 1.829 1.756 1.728 1.446 1.468 1.123 1.128 0.966 0.959 1.006 1.007 1.061 1.037 1.105 1.098 1.022 1.158 1.205 1.152 1.208 1.330 1.184 1.252 1.586 1.802 2.068 1.980 1.835 1.846 1.750 1.737 1.729 1.830 -999.000 -999.000 -999.000 -999.000 -999.000 -999.000 -999.000 -999.000 -999.000 -999.000 -999.000 -999.000 -999.000 -999.000 -999.000
1.218 1.350 1.839 1.678 1.836 1.613 1.420 1.190 1.042 1.140 1.139 1.489 1.613 1.522 1.559 1.215 1.599 1.601 1.728 1.815 1.873 1.662 2.021 1.611 1.576 1.599 1.577 1.609 1.509 1.370 1.077 1.044 1.071 1.260 1.398 1.337 1.261 1.328 1.401 1.196 1.316 1.345 1.133 1.420 1.706 1.332 1.592 1.509 1.590 1.934 1.966 2.078 2.080 2.014 1.885 1.911 1.804 -999.000 -999.000 -999.000 -999.000 -999.000 -999.000 -999.000 -999.000 -999.000 -999.000 -999.000 -999.000 -999.000 -999.000 -999.000 -999.000
1.563 1.683 1.735 1.704 1.579 1.479 1.205 1.067 1.104 1.287 1.361 1.208 1.581 1.660 1.722 1.554 1.243 1.634 1.676 1.905 1.931 1.698 1.901 1.676 1.758 1.261 1.662 1.222 1.113 1.051 1.009 1.248 1.445 1.446 1.730 1.411 1.779 1.574 1.530 1.245 1.423 1.606 1.579 1.673 1.991 1.398 1.719 1.193 1.630 1.761 1.784 1.945 1.866 2.023 2.028 1.908 -999.000 -999.000 -999.000 -999.000 -999.000 -999.000 -999.000 -999.000 -999.000 -999.000 -999.000 -999.000 -999.000 -999.000 -999.000 -999.000 -999.000
1.680 1.814 1.701 1.741 1.670 1.483 1.163 1.009 1.229 1.428 1.440 1.181 1.508 1.627 1.754 1.496 1.621 1.651 1.752 1.693 1.952 1.910 1.781 1.744 1.661 1.701 1.529 1.597 1.381 1.258 0.986 1.397 1.593 1.671 1.957 1.590 1.991 1.649 1.741 1.745 1.532 1.742 1.695 1.621 1.841 1.655 1.632 1.116 1.460 1.616 1.774 1.919 1.851 1.817 1.820 -999.000 -999.000 -999.000 -999.000 -999.000 -999.000 -999.000 -999.000 -999.000 -999.000 -999.000 -999.000 -999.000 -999.000 -999.000 -999.000 -999.000 -999.000
1.662 1.540 1.687 1.608 1.492 1.395 1.195 1.048 1.377 1.547 1.535 1.557 1.547 1.658 1.610 1.819 1.603 1.657 1.730 1.745 1.942 1.870 1.663 1.788 1.649 1.891 1.794 1.731 1.524 1.246 0.994 1.449 1.713 1.826 1.969 1.953 1.924 1.684 1.842 1.871 1.714 1.716 1.826 1.803 1.804 1.720 1.588 1.163 1.471 1.483 1.658 1.715 1.909 2.028 2.077 1.985 -999.000 -999.000 -999.000 -999.000 -999.000 -999.000 -999.000 -999.000 -999.000 -999.000 -999.000 -999.000 -999.000 -999.000 -999.000 -999.000 -999.000
1.779 1.722 1.639 1.471 1.544 1.267 1.062 1.167 1.475 1.682 1.628 1.596 1.271 1.603 1.722 1.875 1.649 1.702 1.748 1.736 1.899 1.777 1.772 1.884 1.837 1.916 1.923 1.786 1.631 1.150 1.071 1.369 1.571 1.729 1.960 1.781 1.881 1.894 1.843 1.862 1.703 1.843 1.840 1.687 1.733 1.708 1.568 1.429 1.450 1.222 1.580 1.540 1.633 1.806 1.952 2.002 -999.000 -999.000 -999.000 -999.000 -999.000 -999.000 -999.000 -999.000 -999.000 -999.000 -999.000 -999.000 -999.000 -999.000 -999.000 -999.000 -999.000
1.620 1.498 1.368 1.376 1.362 1.203 0.952 1.226 1.430 1.825 1.622 1.728 1.630 1.576 1.624 1.686 1.733 1.711 1.766 1.771 1.895 1.860 1.977 1.824 1.966 1.940 1.783 1.865 1.487 1.417 1.098 1.103 1.563 1.717 1.790 1.780 1.927 1.866 1.847 2.024 1.876 1.641 1.782 1.672 1.734 1.682 1.567 1.515 1.587 1.517 1.601 1.703 1.706 1.817 1.810 -999.000 -999.000 -999.000 -999.000 -999.000 -999.000 -999.000 -999.000 -999.000 -999.000 -999.000 -999.000 -999.000 -999.000 -999.000 -999.000 -999.000 -999.000
1.470 1.332 1.025 1.050 1.217 1.004 1.041 1.191 1.563 1.662 1.824 1.732 1.690 1.634 1.755 1.816 1.783 1.768 1.819 1.870 1.861 1.923 1.957 1.965 1.891 2.009 1.944 1.800 1.713 1.520 1.150 1.004 1.275 1.441 1.563 1.696 1.759 1.599 1.815 1.872 1.982 1.934 1.903 1.791 1.672 1.764 1.770 1.575 1.711 1.582 1.660 1.668 1.708 1.852 1.884 -999.000 -999.000 -999.000 -999.000 -999.000 -999.000 -999.000 -999.000 -999.000 -999.000 -999.000 -999.000 -999.000 -999.000 -999.000 -999.000 -999.000 -999.000
1.244 1.211 0.976 0.908 0.983 1.113 1.276 1.230 1.563 1.812 1.793 1.709 1.821 1.735 1.741 1.888 1.880 1.835 1.950 1.841 2.004 1.984 2.079 2.045 2.016 2.060 1.929 1.823 1.515 1.472 1.167 1.013 1.033 1.083 1.233 1.485 1.556 1.707 1.796 1.758 1.911 1.760 1.721 1.828 1.908 1.584 1.922 1.804 1.870 1.650 1.725 1.657 1.630 1.668 -999.000 -999.000 -999.000 -999.000 -999.000 -999.000 -999.000 -999.000 -999.000 -999.000 -999.000 -999.000 -999.000 -999.000 -999.000 -999.000 -999.000 -999.000 -999.000
1.072 0.902 0.794 1.042 1.187 1.459 1.385 1.617 1.604 1.696 1.847 1.964 1.902 1.685 1.729 1.983 1.892 1.871 1.989 1.825 2.008 1.925 1.970 1.940 1.981 1.857 1.770 1.848 1.544 1.396 1.033 1.156 1.282 1.221 1.215 1.218 1.462 1.599 1.620 1.786 1.829 1.637 1.861 1.763 1.768 1.985 1.717 1.810 1.957 1.742 1.770 1.734 1.722 1.756 -999.000 -999.000 -999.000 -999.000 -999.000 -999.000 -999.000 -999.000 -999.000 -999.000 -999.000 -999.000 -999.000 -999.000 -999.000 -999.000 -999.000 -999.000 -999.000
0.770 0.776 1.049 1.335 1.535 1.696 1.590 1.762 1.769 1.839 1.804 1.933 1.772 2.014 1.958 1.898 1.789 1.833 1.931 1.774 2.128 1.943 2.083 2.000 2.025 1.890 1.659 1.490 1.203 1.044 1.126 1.373 1.477 1.438 1.428 1.259 1.407 1.444 1.491 1.582 1.501 1.660 1.674 1.769 1.773 1.933 1.959 1.909 1.827 1.815 1.755 1.716 1.669 1.843 -999.000 -999.000 -999.000 -999.000 -999.000 -999.000 -999.000 -999.000 -999.000 -999.000 -999.000 -999.000 -999.000 -999.000 -999.000 -999.000 -999.000 -999.000 -999.000
0.796 1.013 1.234 1.386 1.473 1.638 1.632 1.799 1.514 1.857 1.925 1.743 1.871 1.965 1.792 1.993 1.810 1.877 1.833 1.813 1.892 1.899 2.033 1.962 1.644 1.733 1.632 1.225 1.071 1.120 1.426 1.401 1.564 1.618 1.453 1.469 1.175 1.266 1.354 1.241 1.261 1.524 1.520 1.572 1.682 1.471 1.923 1.798 1.816 1.889 1.762 1.723 1.739 1.813 1.906 -999.000 -999.000 -999.000 -999.000 -999.000 -999.000 -999.000 -999.000 -999.000 -999.000 -999.000 -999.000 -999.000 -999.000 -999.000 -999.000 -999.000 -999.000
0.755 0.925 1.177 1.398 1.565 1.637 1.600 1.778 1.889 1.910 1.686 1.847 1.882 1.902 1.752 1.982 1.955 1.848 1.695 1.767 1.620 1.767 1.665 1.817 1.871 1.493 1.423 1.117 1.189 1.321 1.604 1.581 1.575 1.260 1.564 1.553 1.239 1.149 1.334 1.232 1.497 1.583 1.549 1.592 1.634 1.660 1.722 1.750 1.781 1.762 1.737 1.620 1.756 1.849 1.923 -999.000 -999.000 -999.000 -999.000 -999.000 -999.000 -999.000 -999.000 -999.000 -999.000 -999.000 -999.000 -999.000 -999.000 -999.000 -999.000 -999.000 -999.000
