Source/meteoio/tests/2D_interpolations/2009-01-19T12.00.00_RSWR_ref.asc
ncols               386
nrows               229
xllcorner    479500.000
yllcorner     73500.000
cellsize       1000.000
NODATA_value -999
[rows 174 to 202 of 229, columns 132 to 197 of 386]
144.098 144.405 144.713 145.025 145.332 145.631 145.927 146.219 146.511 146.806 147.101 147.398 147.696 147.995 148.296 148.598 148.896 149.194 149.489 149.784 150.078 150.371 150.662 150.952 151.241 151.527 151.811 152.093 152.372 152.648 152.921 153.191 153.458 153.721 153.981 154.236 154.489 154.748 155.004 155.262 155.525 155.781 -999.000 156.274 156.511 -999.000 -999.000 -999.000 -999.000 -999.000 -999.000 -999.000 -999.000 -999.000 -999.000 -999.000 -999.000 -999.000 -999.000 -999.000 -999.000 -999.000 -999.000 -999.000 -999.000 160.052
144.062 144.372 144.683 144.996 145.308 145.609 145.908 146.199 146.492 146.786 147.081 147.378 147.676 147.976 148.273 148.570 148.866 149.160 149.454 149.747 150.039 150.329 150.619 150.907 151.193 151.476 151.758 152.036 152.312 152.586 152.856 153.124 153.389 153.648 153.907 154.160 154.411 154.662 154.916 155.167 155.421 -999.000 -999.000 -999.000 -999.000 -999.000 -999.000 -999.000 -999.000 -999.000 -999.000 -999.000 -999.000 -999.000 -999.000 -999.000 -999.000 -999.000 -999.000 -999.000 -999.000 -999.000 -999.000 -999.000 -999.000 -999.000
144.023 144.336 144.649 144.964 145.280 145.584 145.885 146.178 146.471 146.766 147.062 147.359 147.655 147.950 148.245 148.539 148.832 149.125 149.417 149.709 149.999 150.288 150.575 150.860 151.144 151.425 151.703 151.979 152.253 152.523 152.791 153.056 153.318 153.576 153.831 154.084 154.333 154.579 154.827 155.075 -999.000 -999.000 -999.000 -999.000 -999.000 -999.000 -999.000 -999.000 -999.000 -999.000 -999.000 -999.000 -999.000 -999.000 -999.000 -999.000 -999.000 -999.000 -999.000 -999.000 -999.000 -999.000 -999.000 -999.000 -999.000 -999.000
143.981 144.297 144.613 144.930 145.251 145.556 145.860 146.156 146.451 146.746 147.040 147.334 147.628 147.921 148.214 148.506 148.799 149.090 149.381 149.670 149.959 150.245 150.530 150.813 151.094 151.372 151.648 151.921 152.192 152.460 152.725 152.987 153.247 153.503 153.757 154.009 154.255 154.499 154.740 -999.000 -999.000 -999.000 -999.000 -999.000 -999.000 -999.000 -999.000 -999.000 -999.000 -999.000 -999.000 -999.000 -999.000 -999.000 -999.000 -999.000 -999.000 -999.000 -999.000 -999.000 -999.000 -999.000 -999.000 -999.000 -999.000 -999.000
143.940 144.259 144.577 144.897 145.219 145.529 145.835 146.133 146.426 146.720 147.013 147.305 147.598 147.890 148.182 148.473 148.764 149.055 149.344 149.631 149.918 150.202 150.485 150.765 151.043 151.319 151.592 151.863 152.131 152.396 152.658 152.918 153.175 153.430 153.682 153.932 154.176 154.418 154.656 -999.000 -999.000 -999.000 -999.000 -999.000 -999.000 -999.000 -999.000 -999.000 -999.000 -999.000 -999.000 -999.000 -999.000 -999.000 -999.000 -999.000 -999.000 -999.000 -999.000 -999.000 -999.000 -999.000 -999.000 -999.000 -999.000 -999.000
143.898 144.220 144.540 144.862 145.185 145.497 145.804 146.104 146.397 146.690 146.982 147.275 147.567 147.859 148.150 148.440 148.730 149.018 149.306 149.592 149.876 150.158 150.438 150.716 150.992 151.265 151.536 151.804 152.069 152.331 152.591 152.849 153.104 153.358 153.608 153.856 154.098 154.337 154.573 -999.000 -999.000 -999.000 -999.000 -999.000 -999.000 -999.000 -999.000 -999.000 -999.000 -999.000 -999.000 -999.000 -999.000 -999.000 -999.000 -999.000 -999.000 -999.000 -999.000 -999.000 -999.000 -999.000 -999.000 -999.000 -999.000 -999.000
143.853 144.177 144.500 144.822 145.146 145.461 145.769 146.071 146.366 146.659 146.952 147.244 147.536 147.827 148.117 148.406 148.694 148.982 149.267 149.551 149.833 150.113 150.391 150.667 150.940 151.211 151.479 151.744 152.007 152.267 152.524 152.780 153.034 153.285 153.533 153.779 154.019 154.255 154.489 154.720 154.946 -999.000 -999.000 -999.000 -999.000 -999.000 -999.000 -999.000 -999.000 -999.000 -999.000 -999.000 -999.000 -999.000 -999.000 -999.000 -999.000 -999.000 -999.000 -999.000 -999.000 -999.000 -999.000 -999.000 -999.000 -999.000
143.805 144.132 144.456 144.781 145.107 145.425 145.733 146.037 146.335 146.628 146.921 147.213 147.504 147.795 148.084 148.372 148.659 148.944 149.228 149.510 149.790 150.068 150.344 150.617 150.887 151.156 151.421 151.684 151.944 152.202 152.457 152.711 152.963 153.213 153.458 153.702 153.940 154.174 154.405 154.633 154.857 155.077 -999.000 -999.000 -999.000 -999.000 -999.000 -999.000 -999.000 -999.000 -999.000 -999.000 -999.000 -999.000 -999.000 -999.000 -999.000 -999.000 -999.000 -999.000 -999.000 -999.000 -999.000 -999.000 -999.000 -999.000
143.757 144.087 144.414 144.740 145.067 145.388 145.698 146.003 146.301 146.597 146.890 147.181 147.472 147.762 148.050 148.337 148.623 148.906 149.188 149.468 149.746 150.022 150.295 150.566 150.834 151.100 151.363 151.623 151.881 152.137 152.391 152.643 152.893 153.140 153.383 153.625 153.861 154.093 154.321 154.547 154.769 154.986 -999.000 -999.000 -999.000 -999.000 -999.000 -999.000 -999.000 -999.000 -999.000 -999.000 -999.000 -999.000 -999.000 -999.000 -999.000 -999.000 -999.000 -999.000 -999.000 -999.000 -999.000 -999.000 -999.000 -999.000
143.710 144.042 144.371 144.699 145.028 145.351 145.662 145.969 146.267 146.564 146.858 147.149 147.440 147.728 148.016 148.302 148.586 148.868 149.148 149.426 149.702 149.975 150.247 150.515 150.781 151.044 151.305 151.563 151.820 152.074 152.326 152.575 152.822 153.067 153.308 153.547 153.782 154.011 154.237 154.461 154.680 154.896 155.107 -999.000 -999.000 -999.000 -999.000 -999.000 -999.000 -999.000 -999.000 -999.000 -999.000 -999.000 -999.000 -999.000 -999.000 -999.000 -999.000 -999.000 -999.000 -999.000 -999.000 -999.000 -999.000 -999.000
143.664 143.998 144.329 144.658 144.989 145.313 145.625 145.934 146.232 146.529 146.825 147.116 147.406 147.695 147.981 148.266 148.548 148.829 149.107 149.383 149.657 149.929 150.198 150.464 150.728 150.989 151.247 151.504 151.759 152.011 152.261 152.508 152.752 152.994 153.233 153.470 153.704 153.930 154.154 154.375 154.592 154.805 155.014 -999.000 -999.000 -999.000 -999.000 -999.000 -999.000 -999.000 -999.000 -999.000 -999.000 -999.000 -999.000 -999.000 -999.000 -999.000 -999.000 -999.000 -999.000 -999.000 -999.000 -999.000 -999.000 -999.000
143.618 143.953 144.286 144.618 144.949 145.276 145.589 145.898 146.197 146.494 146.790 147.083 147.372 147.660 147.945 148.229 148.510 148.789 149.066 149.340 149.612 149.881 150.148 150.413 150.674 150.934 151.191 151.446 151.698 151.948 152.195 152.440 152.682 152.922 153.159 153.393 153.625 153.849 154.070 154.289 154.504 154.715 154.922 155.125 -999.000 -999.000 -999.000 -999.000 -999.000 -999.000 -999.000 -999.000 -999.000 -999.000 -999.000 -999.000 -999.000 -999.000 -999.000 -999.000 -999.000 -999.000 -999.000 -999.000 -999.000 -999.000
143.575 143.911 144.244 144.577 144.910 145.238 145.552 145.861 146.161 146.458 146.754 147.048 147.338 147.625 147.909 148.192 148.472 148.749 149.024 149.297 149.567 149.835 150.099 150.362 150.622 150.880 151.136 151.388 151.638 151.886 152.131 152.373 152.612 152.849 153.084 153.316 153.546 153.769 153.988 154.203 154.416 154.626 154.831 155.032 -999.000 -999.000 -999.000 -999.000 -999.000 -999.000 -999.000 -999.000 -999.000 -999.000 -999.000 -999.000 -999.000 -999.000 -999.000 -999.000 -999.000 -999.000 -999.000 -999.000 -999.000 -999.000
143.533 143.870 144.205 144.537 144.871 145.199 145.514 145.824 146.124 146.422 146.718 147.012 147.303 147.589 147.873 148.154 148.433 148.709 148.983 149.254 149.522 149.788 150.051 150.312 150.571 150.827 151.081 151.331 151.579 151.824 152.066 152.306 152.543 152.777 153.009 153.240 153.467 153.690 153.905 154.119 154.329 154.537 154.740 154.940 155.135 -999.000 -999.000 -999.000 -999.000 -999.000 -999.000 -999.000 -999.000 -999.000 -999.000 -999.000 -999.000 -999.000 -999.000 -999.000 -999.000 -999.000 -999.000 -999.000 -999.000 -999.000
143.493 143.830 144.166 144.500 144.834 145.162 145.476 145.787 146.087 146.385 146.681 146.974 147.265 147.553 147.836 148.116 148.394 148.669 148.941 149.211 149.478 149.743 150.005 150.264 150.521 150.775 151.026 151.274 151.520 151.762 152.002 152.239 152.474 152.706 152.935 153.165 153.389 153.610 153.824 154.035 154.244 154.449 154.651 154.849 -999.000 -999.000 -999.000 -999.000 -999.000 -999.000 -999.000 -999.000 -999.000 -999.000 -999.000 -999.000 -999.000 -999.000 -999.000 -999.000 -999.000 -999.000 -999.000 -999.000 -999.000 -999.000
143.454 143.793 144.128 144.463 144.798 145.125 145.440 145.749 146.049 146.347 146.643 146.936 147.227 147.515 147.799 148.078 148.355 148.629 148.900 149.169 149.435 149.699 149.959 150.217 150.471 150.723 150.972 151.218 151.461 151.701 151.939 152.173 152.405 152.635 152.862 153.089 153.312 153.531 153.744 153.952 154.159 154.362 154.562 154.759 -999.000 -999.000 -999.000 -999.000 -999.000 -999.000 -999.000 -999.000 -999.000 -999.000 -999.000 -999.000 -999.000 -999.000 -999.000 -999.000 -999.000 -999.000 -999.000 -999.000 -999.000 -999.000
143.417 143.757 144.093 144.428 144.763 145.089 145.404 145.713 146.012 146.309 146.605 146.898 147.189 147.476 147.761 148.040 148.317 148.590 148.861 149.129 149.393 149.655 149.914 150.169 150.422 150.672 150.918 151.162 151.403 151.641 151.876 152.108 152.337 152.564 152.789 153.014 153.235 153.452 153.665 153.871 154.075 154.277 154.475 154.671 -999.000 -999.000 -999.000 -999.000 -999.000 -999.000 -999.000 -999.000 -999.000 -999.000 -999.000 -999.000 -999.000 -999.000 -999.000 -999.000 -999.000 -999.000 -999.000 -999.000 -999.000 -999.000
143.382 143.722 144.059 144.394 144.730 145.055 145.370 145.677 145.976 146.273 146.568 146.860 147.150 147.438 147.722 148.004 148.280 148.553 148.822 149.089 149.352 149.612 149.869 150.123 150.373 150.621 150.865 151.107 151.345 151.581 151.813 152.043 152.270 152.495 152.717 152.940 153.160 153.375 153.587 153.791 153.993 154.193 154.390 154.584 -999.000 -999.000 -999.000 -999.000 -999.000 -999.000 -999.000 -999.000 -999.000 -999.000 -999.000 -999.000 -999.000 -999.000 -999.000 -999.000 -999.000 -999.000 -999.000 -999.000 -999.000 -999.000
143.349 143.689 144.026 144.362 144.699 145.023 145.337 145.643 145.941 146.238 146.532 146.824 147.114 147.401 147.685 147.966 148.243 148.515 148.783 149.049 149.311 149.569 149.824 150.076 150.325 150.571 150.813 151.052 151.288 151.521 151.752 151.979 152.204 152.426 152.647 152.867 153.085 153.299 153.509 153.714 153.913 154.111 154.307 -999.000 -999.000 -999.000 -999.000 -999.000 -999.000 -999.000 -999.000 -999.000 -999.000 -999.000 -999.000 -999.000 -999.000 -999.000 -999.000 -999.000 -999.000 -999.000 -999.000 -999.000 -999.000 -999.000
143.318 143.659 143.996 144.333 144.670 144.991 145.305 145.610 145.908 146.205 146.499 146.790 147.079 147.365 147.649 147.929 148.206 148.477 148.745 149.009 149.270 149.527 149.780 150.030 150.277 150.521 150.761 150.998 151.232 151.463 151.691 151.916 152.139 152.359 152.577 152.796 153.012 153.224 153.433 153.638 153.836 -999.000 -999.000 -999.000 -999.000 -999.000 -999.000 -999.000 -999.000 -999.000 -999.000 -999.000 -999.000 -999.000 -999.000 -999.000 -999.000 -999.000 -999.000 -999.000 -999.000 -999.000 -999.000 -999.000 -999.000 -999.000
143.290 143.631 143.969 144.306 144.643 144.963 145.276 145.580 145.878 146.173 146.467 146.758 147.046 147.331 147.613 147.892 148.168 148.441 148.707 148.970 149.229 149.484 149.737 149.985 150.230 150.472 150.710 150.945 151.177 151.405 151.631 151.854 152.075 152.293 152.509 152.726 152.940 153.152 153.358 153.562 153.760 -999.000 -999.000 -999.000 -999.000 -999.000 -999.000 -999.000 -999.000 -999.000 -999.000 -999.000 -999.000 -999.000 -999.000 -999.000 -999.000 -999.000 -999.000 -999.000 -999.000 -999.000 -999.000 -999.000 -999.000 -999.000
143.266 143.606 143.944 144.281 144.618 144.936 145.249 145.550 145.848 146.143 146.436 146.726 147.013 147.298 147.579 147.857 148.131 148.403 148.670 148.932 149.189 149.443 149.694 149.940 150.183 150.423 150.659 150.892 151.122 151.349 151.572 151.793 152.012 152.228 152.443 152.657 152.870 153.080 153.286 -999.000 -999.000 -999.000 -999.000 -999.000 -999.000 -999.000 -999.000 -999.000 -999.000 -999.000 -999.000 -999.000 -999.000 -999.000 -999.000 -999.000 -999.000 -999.000 -999.000 -999.000 -999.000 -999.000 -999.000 -999.000 -999.000 -999.000
143.244 143.584 143.922 144.259 144.594 144.910 145.223 145.523 145.819 146.114 146.406 146.695 146.982 147.265 147.545 147.822 148.096 148.366 148.632 148.894 149.151 149.403 149.652 149.897 150.138 150.376 150.610 150.841 151.069 151.293 151.515 151.734 151.950 152.164 152.378 152.591 -999.000 -999.000 -999.000 -999.000 -999.000 -999.000 -999.000 -999.000 -999.000 -999.000 -999.000 -999.000 -999.000 -999.000 -999.000 -999.000 -999.000 -999.000 -999.000 -999.000 -999.000 -999.000 -999.000 -999.000 -999.000 -999.000 -999.000 -999.000 -999.000 -999.000
143.225 143.565 143.903 144.240 144.571 144.887 145.198 145.496 145.792 146.086 146.377 146.666 146.951 147.233 147.512 147.788 148.060 148.329 148.594 148.856 149.112 149.363 149.611 149.854 150.093 150.329 150.562 150.791 151.017 151.239 151.459 151.676 151.891 152.103 152.315 -999.000 -999.000 -999.000 -999.000 -999.000 -999.000 -999.000 -999.000 -999.000 -999.000 -999.000 -999.000 -999.000 -999.000 -999.000 -999.000 -999.000 -999.000 -999.000 -999.000 -999.000 -999.000 -999.000 -999.000 -999.000 -999.000 -999.000 -999.000 -999.000 -999.000 -999.000
143.209 143.548 143.886 144.224 144.551 144.866 145.173 145.471 145.766 146.059 146.349 146.637 146.921 147.202 147.480 147.755 148.026 148.293 148.557 148.817 149.073 149.325 149.570 149.812 150.050 150.284 150.515 150.742 150.966 151.187 151.405 151.620 151.833 152.044 -999.000 -999.000 -999.000 -999.000 -999.000 -999.000 -999.000 -999.000 -999.000 -999.000 -999.000 -999.000 -999.000 -999.000 -999.000 -999.000 -999.000 -999.000 -999.000 -999.000 -999.000 -999.000 -999.000 -999.000 -999.000 -999.000 -999.000 -999.000 -999.000 -999.000 -999.000 -999.000
143.196 143.535 143.872 144.210 144.532 144.846 145.151 145.448 145.742 146.034 146.322 146.609 146.892 147.172 147.449 147.722 147.992 148.258 148.521 148.779 149.034 149.285 149.531 149.771 150.008 150.240 150.469 150.695 150.917 151.136 151.353 151.566 151.778 151.987 -999.000 -999.000 -999.000 -999.000 -999.000 -999.000 -999.000 -999.000 -999.000 -999.000 -999.000 -999.000 -999.000 -999.000 -999.000 -999.000 -999.000 -999.000 -999.000 -999.000 -999.000 -999.000 -999.000 -999.000 -999.000 -999.000 -999.000 -999.000 -999.000 -999.000 -999.000 -999.000
143.186 143.524 143.861 144.199 144.516 144.829 145.130 145.426 145.719 146.010 146.297 146.583 146.865 147.144 147.419 147.691 147.959 148.224 148.485 148.742 148.995 149.245 149.490 149.731 149.966 150.197 150.425 150.649 150.870 151.088 151.303 151.515 151.725 151.933 -999.000 -999.000 -999.000 -999.000 -999.000 -999.000 -999.000 -999.000 -999.000 -999.000 -999.000 -999.000 -999.000 -999.000 -999.000 -999.000 -999.000 -999.000 -999.000 -999.000 -999.000 -999.000 -999.000 -999.000 -999.000 -999.000 -999.000 -999.000 -999.000 -999.000 -999.000 -999.000
143.179 143.517 143.854 144.187 144.502 144.813 145.111 145.406 145.698 145.987 146.274 146.558 146.838 147.116 147.390 147.660 147.927 148.191 148.450 148.706 148.958 149.206 149.450 149.690 149.926 150.156 150.382 150.605 150.824 151.041 151.254 151.465 151.673 151.878 -999.000 -999.000 -999.000 -999.000 -999.000 -999.000 -999.000 -999.000 -999.000 -999.000 -999.000 -999.000 -999.000 -999.000 -999.000 -999.000 -999.000 -999.000 -999.000 -999.000 -999.000 -999.000 -999.000 -999.000 -999.000 -999.000 -999.000 -999.000 -999.000 -999.000 -999.000 -999.000
143.175 143.512 143.849 144.177 144.491 144.799 145.095 145.388 145.679 145.967 146.252 146.534 146.813 147.090 147.362 147.631 147.897 148.158 148.417 148.671 148.921 149.168 149.411 149.650 149.885 150.115 150.340 150.562 150.780 150.996 151.208 151.416 151.621 151.824 -999.000 -999.000 -999.000 -999.000 -999.000 -999.000 -999.000 -999.000 -999.000 -999.000 -999.000 -999.000 -999.000 -999.000 -999.000 -999.000 -999.000 -999.000 -999.000 -999.000 -999.000 -999.000 -999.000 -999.000 -999.000 -999.000 -999.000 -999.000 -999.000 -999.000 -999.000 -999.000
