Source/meteoio/tests/2D_interpolations/2009-01-19T12.00.00_TSS_ref.asc
ncols               386
nrows               229
xllcorner    479500.000
yllcorner     73500.000
cellsize       1000.000
NODATA_value -999
[rows 174 to 202 of 229, columns 66 to 131 of 386]
-999.000 -999.000 -999.000 -999.000 -999.000 -999.000 -999.000 -999.000 273.676 274.828 275.904 279.412 280.661 283.805 283.859 283.843 283.842 283.823 283.755 282.925 281.829 280.242 276.440 276.334 276.923 276.148 274.888 275.877 274.769 273.329 272.760 270.216 266.249 265.548 263.316 261.689 264.985 271.382 269.372 268.969 269.035 269.548 267.976 270.621 274.219 274.608 273.651 268.027 268.560 273.072 271.164 273.294 275.571 277.619 279.023 275.916 275.209 275.510 276.768 278.996 279.930 280.976 282.035 282.408 282.524 282.477
-999.000 -999.000 -999.000 -999.000 -999.000 -999.000 -999.000 -999.000 -999.000 -999.000 273.664 276.873 277.145 282.907 283.836 283.846 283.843 283.835 283.796 283.724 283.337 280.561 278.038 278.598 278.321 276.455 276.516 274.855 273.328 271.516 270.874 274.057 273.075 270.935 269.686 269.252 271.480 272.732 274.408 275.046 272.990 268.995 268.668 270.275 272.365 275.441 275.282 268.546 271.239 274.424 272.711 275.249 276.663 278.995 277.983 276.203 275.932 276.592 277.499 279.666 281.769 282.344 282.441 282.637 282.521 282.311
-999.000 -999.000 -999.000 -999.000 -999.000 -999.000 -999.000 -999.000 -999.000 -999.000 272.422 275.612 276.128 281.533 283.805 283.819 283.804 283.804 283.781 283.729 283.587 281.654 279.865 280.819 279.143 277.937 276.792 276.587 275.851 275.677 276.080 274.893 270.635 271.224 270.359 270.841 273.004 274.901 276.068 274.001 268.424 267.935 270.128 271.146 273.847 275.786 276.452 271.444 272.761 276.267 275.586 276.998 278.270 280.041 279.189 277.159 277.655 278.638 279.389 281.495 282.594 282.725 282.496 282.253 278.875 277.497
-999.000 -999.000 -999.000 -999.000 -999.000 -999.000 -999.000 -999.000 -999.000 -999.000 273.501 275.228 274.786 279.295 282.736 283.692 283.809 283.805 283.797 283.676 283.489 282.886 282.489 279.962 278.037 277.282 279.086 277.465 275.502 274.292 272.235 268.625 270.339 270.634 269.723 269.044 272.468 274.431 276.059 274.629 269.803 268.643 270.867 273.822 276.802 277.653 275.438 274.197 276.480 278.143 277.200 278.332 279.673 280.831 277.777 278.869 280.732 280.919 282.020 282.775 282.775 282.760 282.100 278.841 275.065 271.969
-999.000 -999.000 -999.000 -999.000 -999.000 -999.000 -999.000 -999.000 -999.000 -999.000 273.676 274.007 272.847 276.126 280.416 281.320 283.748 283.780 283.765 283.613 283.444 283.037 282.688 282.315 280.523 280.938 277.799 274.165 273.224 272.627 270.717 272.698 270.108 268.667 267.279 269.404 272.817 269.466 274.316 277.616 271.204 270.289 272.884 275.735 277.438 280.125 275.125 276.680 278.219 279.208 278.998 279.805 281.443 280.588 279.393 281.387 282.766 282.852 282.837 282.784 282.608 279.528 279.640 279.720 276.452 276.523
-999.000 -999.000 -999.000 -999.000 -999.000 -999.000 -999.000 -999.000 -999.000 272.780 272.436 271.489 272.664 274.968 277.886 281.219 283.646 283.715 283.740 283.728 283.594 282.424 281.923 281.984 278.898 278.196 279.332 278.200 277.356 273.910 274.338 270.857 265.833 265.139 269.075 271.664 269.898 267.750 274.588 277.918 272.013 271.824 275.597 277.907 279.388 278.128 278.312 278.560 279.736 280.524 280.094 280.710 282.765 282.082 282.795 282.909 282.795 282.863 282.108 281.636 279.881 276.483 277.079 280.279 278.611 275.777
-999.000 -999.000 -999.000 -999.000 -999.000 -999.000 -999.000 -999.000 274.420 274.371 273.506 274.117 273.894 274.542 278.512 281.370 283.161 283.649 283.732 283.717 283.677 283.559 283.355 281.127 276.784 275.773 275.827 275.980 274.736 274.623 271.729 268.330 265.693 267.548 269.273 268.984 266.226 269.965 273.774 277.664 275.978 274.929 276.510 278.952 281.701 280.029 280.077 280.468 280.845 280.809 281.904 282.943 282.938 282.927 282.934 282.565 282.005 280.438 279.561 277.581 276.365 274.979 276.696 276.326 280.643 275.060
-999.000 -999.000 -999.000 -999.000 -999.000 -999.000 -999.000 273.622 274.343 276.319 276.605 276.082 277.042 276.193 279.535 281.904 281.415 282.291 281.729 283.731 283.703 283.374 282.915 281.596 276.946 274.266 273.690 271.680 275.087 270.715 266.271 266.614 267.256 267.577 266.748 264.369 265.197 267.092 272.148 276.779 278.834 278.036 279.422 280.584 282.051 280.600 281.200 280.965 282.436 282.920 282.967 282.955 282.953 282.441 279.717 279.539 278.294 277.290 275.709 276.456 272.876 272.049 275.231 273.801 278.847 277.102
-999.000 -999.000 -999.000 -999.000 -999.000 -999.000 -999.000 273.305 275.969 273.730 273.600 273.716 275.409 278.753 281.329 279.973 278.573 279.228 278.523 282.723 283.512 282.617 282.309 280.509 274.366 273.318 271.096 271.336 275.104 269.526 267.450 267.741 269.415 270.590 269.784 271.906 269.043 268.696 274.404 277.618 279.417 280.291 281.927 282.388 282.831 282.794 281.178 282.911 282.863 283.002 282.944 282.874 282.071 277.495 276.893 276.526 275.403 273.076 273.311 276.582 271.917 269.173 271.021 274.452 277.629 276.784
-999.000 -999.000 -999.000 -999.000 -999.000 -999.000 -999.000 274.317 274.179 272.330 274.077 275.634 277.799 280.846 279.081 277.807 274.838 276.460 278.239 280.807 281.629 283.590 282.876 276.729 273.468 271.709 267.512 272.067 273.945 268.581 267.462 269.346 268.272 273.084 274.371 276.296 277.780 276.962 274.723 279.700 280.361 283.039 283.077 283.027 282.963 282.904 283.038 283.054 283.014 282.940 281.992 280.394 281.415 277.236 274.249 273.502 273.669 270.519 269.998 273.553 272.470 268.668 269.184 272.194 275.868 277.740
-999.000 -999.000 -999.000 -999.000 -999.000 -999.000 272.822 274.216 272.842 273.141 274.858 275.356 278.434 279.960 278.074 274.298 273.323 273.645 277.789 280.194 283.430 283.641 281.067 276.627 275.292 269.676 266.735 270.173 267.497 267.063 268.299 272.341 271.301 273.188 276.633 279.000 279.830 279.913 276.707 279.921 282.955 283.024 283.095 283.084 283.079 283.068 283.073 282.193 280.597 279.562 278.754 279.575 282.125 277.129 274.655 272.220 270.464 269.031 268.634 271.865 270.568 266.397 268.170 271.552 274.333 277.617
-999.000 -999.000 -999.000 -999.000 -999.000 -999.000 271.906 272.453 271.283 272.805 274.362 277.200 279.846 277.954 275.861 273.484 272.372 274.379 277.398 279.391 283.408 283.580 282.028 277.154 272.753 268.330 266.940 268.007 267.613 268.038 268.889 271.463 274.798 276.218 276.286 277.719 278.807 281.488 281.965 282.756 283.085 283.085 283.090 283.085 283.085 281.786 280.346 278.931 277.677 276.690 276.598 278.471 281.404 277.772 274.673 272.363 270.047 268.187 266.603 267.955 268.992 265.450 267.822 269.183 272.267 276.335
-999.000 -999.000 -999.000 -999.000 -999.000 -999.000 270.188 271.236 271.575 272.661 274.732 277.887 279.932 276.387 276.226 271.509 271.952 276.334 275.778 274.988 280.695 283.164 283.305 278.613 275.520 270.732 265.678 266.075 267.278 269.239 269.653 270.727 273.109 276.707 277.290 279.391 278.824 282.187 282.463 282.875 283.120 283.098 282.103 280.280 279.242 280.542 277.116 275.773 274.766 274.081 274.401 277.136 281.554 277.584 275.464 274.222 273.256 269.481 266.079 267.668 267.818 266.429 265.439 267.902 271.866 275.177
-999.000 -999.000 -999.000 -999.000 -999.000 -999.000 270.210 273.140 274.644 275.276 276.270 278.673 278.191 273.557 271.776 272.789 269.524 273.003 270.595 274.667 277.571 282.329 283.008 281.690 276.989 274.307 270.024 267.897 267.644 267.045 269.582 271.620 272.194 275.660 279.677 281.556 283.001 282.889 282.927 283.115 283.081 280.324 277.572 276.737 278.358 279.587 277.234 273.807 271.502 271.080 272.786 276.074 280.516 278.712 275.912 273.623 270.974 268.677 265.906 267.673 266.157 265.810 267.594 268.357 271.063 274.365
-999.000 -999.000 -999.000 -999.000 -999.000 270.281 272.682 272.982 271.714 275.281 278.529 278.635 274.739 274.158 270.051 267.594 265.136 269.401 271.928 277.095 279.219 279.977 283.224 282.592 277.425 271.593 270.463 269.119 268.448 265.752 270.622 273.955 271.616 276.912 280.839 283.104 283.167 283.147 283.103 282.413 278.359 276.576 275.283 275.228 275.227 278.364 275.614 275.518 271.160 270.389 272.518 275.930 279.593 280.393 275.786 272.731 269.675 267.179 265.134 266.289 264.687 265.564 266.480 269.052 273.168 274.444
-999.000 -999.000 -999.000 -999.000 -999.000 272.460 272.974 272.472 274.310 276.906 277.866 275.246 272.114 270.011 267.548 263.224 264.264 270.840 275.036 275.797 273.852 279.652 283.329 283.328 278.933 272.500 268.606 269.526 270.803 270.176 274.928 276.541 277.250 281.968 283.191 283.174 283.158 283.152 282.131 277.557 274.126 273.412 272.597 272.199 274.931 276.811 273.246 271.087 269.944 269.699 273.552 277.631 278.087 278.568 278.341 274.931 272.888 268.038 265.623 264.865 263.579 265.266 266.938 269.241 273.852 270.134
-999.000 -999.000 -999.000 -999.000 -999.000 274.372 275.333 275.217 275.647 277.459 277.922 272.987 268.705 267.689 262.950 265.431 267.654 268.698 270.643 272.399 272.545 276.495 282.123 283.324 280.269 275.036 271.196 268.674 274.555 276.417 278.975 280.768 282.213 283.198 283.185 283.176 283.181 281.704 277.165 278.790 274.391 273.272 269.552 269.261 273.505 275.022 270.618 269.124 267.772 270.087 275.344 277.563 274.849 276.536 278.518 277.116 272.842 269.771 267.370 265.068 264.888 265.166 265.844 269.465 271.816 266.756
-999.000 -999.000 -999.000 -999.000 -999.000 272.149 273.478 274.930 275.480 273.457 275.092 273.840 267.129 267.772 266.854 269.288 270.807 270.503 269.965 269.622 267.713 275.508 280.693 283.323 280.845 276.642 271.257 273.966 278.644 280.448 282.798 283.217 283.179 283.195 283.170 282.883 280.976 277.598 275.373 277.305 277.431 273.188 270.926 268.358 272.260 274.096 270.533 267.572 267.269 269.493 275.209 274.825 271.189 272.443 274.509 278.282 275.040 272.427 270.343 267.584 264.950 265.627 265.453 265.236 270.937 265.961
-999.000 -999.000 -999.000 -999.000 -999.000 270.069 272.889 271.853 270.664 268.021 270.401 272.000 270.081 268.765 265.422 269.544 271.522 271.523 271.224 275.108 275.768 276.551 279.897 283.302 283.173 278.339 274.000 277.616 280.964 282.927 283.235 283.191 283.146 282.085 281.456 280.266 277.495 275.095 273.779 275.016 273.768 274.272 270.800 267.403 270.904 272.573 269.107 266.812 267.289 268.950 274.349 274.102 269.643 268.732 270.087 274.499 277.549 273.005 268.319 265.964 263.416 263.583 264.152 265.607 269.610 266.862
-999.000 -999.000 -999.000 -999.000 -999.000 -999.000 -999.000 -999.000 -999.000 -999.000 270.679 270.350 269.060 265.965 262.331 268.140 271.384 269.800 267.920 267.936 270.504 273.644 279.147 282.275 283.297 282.080 278.147 281.730 283.133 283.242 283.245 283.242 282.609 278.768 278.636 275.343 273.608 270.905 271.083 273.001 271.252 270.730 270.236 268.356 271.075 271.704 267.815 264.951 267.023 270.287 273.866 272.873 270.149 266.567 268.772 272.043 275.101 275.072 270.612 268.968 265.411 263.083 265.432 266.452 268.931 266.774
-999.000 -999.000 -999.000 -999.000 -999.000 -999.000 -999.000 -999.000 -999.000 -999.000 -999.000 -999.000 -999.000 265.652 265.104 263.906 266.107 267.844 265.817 270.372 272.605 276.837 279.300 281.278 283.285 283.257 282.972 283.251 283.253 283.253 283.245 283.059 279.568 276.090 276.219 272.662 270.333 268.547 269.564 270.168 272.145 266.669 267.817 267.864 271.497 270.453 266.794 264.659 265.955 269.379 273.267 272.344 269.095 265.400 268.023 268.580 272.371 275.259 274.735 270.713 267.316 266.424 264.212 266.785 268.931 265.809
-999.000 -999.000 -999.000 -999.000 -999.000 -999.000 -999.000 -999.000 -999.000 -999.000 -999.000 -999.000 -999.000 268.051 267.747 267.239 271.117 271.348 270.746 271.182 275.666 278.549 281.977 276.972 282.532 283.246 283.232 283.249 283.252 283.254 282.621 278.901 274.742 273.000 271.429 269.461 269.797 270.555 271.535 269.107 269.688 268.422 266.972 269.260 269.758 270.339 266.443 264.685 263.674 267.053 270.721 273.353 267.734 263.497 266.625 269.356 272.543 273.110 276.014 273.026 270.544 268.175 264.662 265.963 267.861 265.830
-999.000 -999.000 -999.000 -999.000 -999.000 -999.000 -999.000 -999.000 -999.000 -999.000 -999.000 -999.000 266.083 271.100 267.554 268.070 269.107 269.079 269.925 275.983 277.813 281.339 275.946 274.020 277.799 280.955 283.185 283.215 283.244 281.689 278.316 274.825 273.407 274.691 276.385 272.271 272.393 273.885 273.987 271.191 268.705 266.521 266.498 268.540 267.541 269.435 267.597 264.508 262.119 266.880 269.841 273.358 269.411 265.590 266.472 269.755 267.180 270.981 274.465 275.719 272.637 269.266 265.876 262.879 265.649 268.124
-999.000 -999.000 -999.000 -999.000 -999.000 -999.000 -999.000 -999.000 -999.000 -999.000 -999.000 -999.000 266.757 271.483 270.605 267.668 267.437 269.974 271.348 275.224 280.326 275.731 273.336 276.145 279.852 283.046 283.113 281.263 278.812 276.251 274.792 273.601 275.756 277.216 278.624 275.296 276.392 275.405 274.754 272.290 269.313 266.168 264.376 266.937 264.638 265.462 267.104 265.645 263.868 266.239 268.662 272.599 269.909 265.306 267.248 268.529 264.677 267.426 270.893 275.798 273.654 270.052 267.080 265.453 263.596 266.749
-999.000 -999.000 -999.000 -999.000 -999.000 -999.000 -999.000 -999.000 -999.000 -999.000 -999.000 -999.000 267.393 271.483 270.421 266.725 270.801 272.353 275.242 276.299 278.185 272.061 274.447 278.185 282.238 281.475 278.783 278.772 277.542 276.741 278.479 275.713 278.365 280.277 279.942 280.328 279.795 278.017 274.919 271.748 268.511 267.756 266.792 262.845 264.048 263.251 265.748 265.775 263.644 262.756 266.608 271.089 270.123 265.655 265.772 266.151 265.686 267.273 270.858 274.892 273.162 270.508 267.858 266.332 265.480 264.520
-999.000 -999.000 -999.000 -999.000 -999.000 -999.000 -999.000 -999.000 -999.000 -999.000 -999.000 -999.000 267.856 270.041 271.357 267.059 270.504 274.664 279.323 277.062 272.733 272.173 277.690 280.482 282.352 280.052 282.017 281.138 279.863 280.678 281.303 281.321 281.159 281.064 279.836 276.473 280.065 280.070 277.195 273.496 269.907 269.279 268.060 265.644 262.036 262.260 264.523 263.677 263.612 264.598 266.891 268.010 264.227 264.067 262.592 262.668 265.806 268.475 271.766 275.220 274.394 272.790 271.101 267.950 262.667 262.624
-999.000 -999.000 -999.000 -999.000 -999.000 -999.000 -999.000 -999.000 -999.000 -999.000 -999.000 266.099 267.591 269.665 271.483 271.483 272.928 276.648 276.538 276.090 271.250 273.321 278.165 276.313 278.376 280.822 280.041 276.833 273.737 273.506 276.862 279.539 280.830 277.483 275.052 273.831 277.303 278.957 279.784 276.085 272.957 270.554 267.202 263.598 264.105 264.805 263.094 262.971 262.434 264.597 265.453 268.011 264.332 259.736 260.596 261.829 264.697 267.732 272.412 271.376 270.457 271.511 272.389 268.025 264.328 261.575
-999.000 -999.000 -999.000 -999.000 -999.000 -999.000 -999.000 -999.000 -999.000 -999.000 -999.000 268.927 267.807 269.907 -999.000 -999.000 274.780 278.003 273.647 274.183 274.605 275.499 273.668 272.687 272.643 274.505 278.913 272.747 268.828 268.988 273.761 278.645 279.589 275.584 271.225 272.993 275.898 277.715 279.312 279.537 277.153 273.269 269.871 265.028 267.194 265.930 262.928 262.632 263.054 265.891 267.289 268.011 263.701 262.138 260.945 263.713 264.802 267.111 271.939 269.107 264.093 267.106 271.283 270.002 266.463 262.744
-999.000 -999.000 -999.000 -999.000 -999.000 -999.000 -999.000 -999.000 -999.000 -999.000 -999.000 268.125 266.258 -999.000 -999.000 -999.000 -999.000 275.411 272.235 273.542 275.121 270.569 270.873 270.045 270.700 275.464 276.214 275.569 270.301 267.759 273.936 278.570 278.964 274.397 270.442 271.870 274.065 275.410 276.527 278.265 278.204 277.396 271.501 267.250 269.212 266.353 265.727 263.124 264.217 264.273 266.544 268.011 266.008 262.615 261.892 263.565 267.917 269.034 272.418 267.995 264.813 261.459 267.403 271.166 266.344 264.603
