Source/meteoio/tests/2D_interpolations/2009-01-19T12.00.00_RSWR_ref.asc
ncols               386
nrows               229
xllcorner    479500.000
yllcorner     73500.000
cellsize       1000.000
NODATA_value -999
[rows 145 to 173 of 229, columns 264 to 329 of 386]
183.645 183.666 183.687 183.711 183.741 183.778 183.827 183.884 183.949 184.019 184.093 184.172 184.257 184.346 184.438 184.534 184.632 184.732 184.831 184.937 185.054 185.176 185.308 185.443 185.582 185.714 185.845 185.978 186.110 186.252 186.392 186.531 186.668 186.805 186.940 187.075 187.207 187.336 187.462 187.584 187.699 187.808 187.910 188.003 188.087 188.161 188.225 188.278 188.320 188.348 188.365 188.371 188.365 188.350 188.325 188.290 188.249 -999.000 -999.000 -999.000 -999.000 -999.000 -999.000 -999.000 -999.000 -999.000
183.407 183.437 183.464 183.496 183.533 183.577 183.628 183.690 183.760 183.835 183.914 183.997 184.085 184.176 184.270 184.367 184.465 184.563 184.661 184.768 184.883 185.004 185.132 185.264 185.400 185.534 185.663 185.791 185.917 186.047 186.183 186.319 186.454 186.586 186.716 186.844 186.969 187.092 187.211 187.325 187.435 187.538 187.634 187.723 187.803 187.874 187.936 187.987 188.028 188.057 188.075 188.083 188.081 188.069 188.048 188.019 187.984 -999.000 -999.000 -999.000 -999.000 -999.000 -999.000 -999.000 -999.000 -999.000
183.161 183.200 183.236 183.276 183.321 183.371 183.427 183.493 183.567 183.647 183.732 183.819 183.910 184.003 184.099 184.197 184.294 184.392 184.488 184.596 184.710 184.830 184.956 185.085 185.218 185.352 185.479 185.605 185.728 185.849 185.975 186.104 186.237 186.366 186.493 186.616 186.737 186.854 186.967 187.076 187.180 187.278 187.369 187.454 187.530 187.599 187.658 187.708 187.749 187.778 187.797 187.807 187.808 187.800 187.784 187.760 187.730 -999.000 -999.000 -999.000 -999.000 -999.000 -999.000 -999.000 -999.000 -999.000
182.910 182.957 183.002 183.051 183.104 183.161 183.223 183.292 183.371 183.456 183.545 183.638 183.732 183.828 183.926 184.024 184.122 184.219 184.314 184.423 184.535 184.655 184.779 184.905 185.034 185.167 185.294 185.418 185.539 185.657 185.775 185.896 186.019 186.144 186.269 186.390 186.508 186.621 186.730 186.834 186.934 187.027 187.115 187.196 187.269 187.335 187.393 187.442 187.482 187.511 187.532 187.544 187.547 187.542 187.530 187.510 187.485 -999.000 -999.000 -999.000 -999.000 -999.000 -999.000 -999.000 -999.000 -999.000
182.654 182.708 182.764 182.822 182.883 182.948 183.016 183.090 183.173 183.262 183.356 183.453 183.552 183.651 183.750 183.849 183.947 184.043 184.141 184.250 184.360 184.480 184.601 184.725 184.851 184.980 185.108 185.230 185.350 185.466 185.581 185.696 185.810 185.928 186.043 186.162 186.278 186.389 186.496 186.597 186.693 186.784 186.868 186.947 187.018 187.082 187.138 187.186 187.226 187.255 187.277 187.290 187.296 187.294 187.285 187.269 187.246 -999.000 -999.000 -999.000 -999.000 -999.000 -999.000 -999.000 -999.000 -999.000
182.391 -999.000 -999.000 -999.000 -999.000 182.731 182.807 182.886 182.972 183.066 -999.000 -999.000 183.368 183.471 183.572 183.672 183.771 183.866 183.967 184.075 184.186 184.304 184.423 184.544 184.667 184.794 184.922 185.041 185.160 185.274 185.386 185.499 185.610 185.721 185.830 185.940 186.048 186.155 186.261 186.361 186.456 186.544 186.627 186.703 186.773 186.836 186.891 186.939 186.978 187.008 187.030 187.045 187.052 187.052 187.045 187.032 187.011 -999.000 -999.000 -999.000 -999.000 -999.000 -999.000 -999.000 -999.000 -999.000
-999.000 -999.000 -999.000 -999.000 -999.000 182.512 182.595 182.681 182.771 -999.000 -999.000 -999.000 183.182 183.288 183.392 183.494 183.593 183.688 183.792 183.900 184.012 184.129 184.246 184.364 184.485 184.608 184.734 184.853 184.969 185.082 185.192 185.302 185.411 185.519 185.625 185.729 185.830 185.932 186.030 186.124 186.216 186.304 186.386 186.462 186.531 186.593 186.648 186.695 186.734 186.764 186.787 186.802 186.811 186.812 186.806 186.794 186.774 -999.000 -999.000 -999.000 -999.000 -999.000 -999.000 -999.000 -999.000 -999.000
-999.000 -999.000 -999.000 -999.000 -999.000 -999.000 182.382 182.474 182.569 -999.000 -999.000 -999.000 182.994 183.103 183.211 183.314 183.414 183.510 183.618 183.725 183.839 183.954 184.069 184.185 184.303 184.423 184.546 184.665 184.779 184.891 184.998 185.105 185.212 185.317 185.421 185.523 185.623 185.719 185.812 185.902 185.989 186.072 186.149 186.221 186.287 186.347 186.402 186.450 186.488 186.519 186.542 186.558 186.568 186.573 186.571 186.563 186.550 -999.000 -999.000 -999.000 -999.000 -999.000 -999.000 -999.000 -999.000 -999.000
-999.000 -999.000 -999.000 -999.000 -999.000 -999.000 -999.000 182.266 182.366 -999.000 -999.000 -999.000 182.804 182.916 183.026 183.133 183.234 183.334 183.443 183.551 183.665 183.779 183.893 184.007 184.122 184.239 184.359 184.479 184.590 184.701 184.806 184.910 185.014 185.117 185.219 185.319 185.417 185.511 185.603 185.690 185.774 185.853 185.927 185.996 186.060 186.119 186.172 186.219 186.256 186.287 186.312 186.330 186.342 186.349 186.351 186.347 186.338 -999.000 -999.000 -999.000 -999.000 -999.000 -999.000 -999.000 -999.000 -999.000
-999.000 -999.000 -999.000 -999.000 -999.000 -999.000 -999.000 -999.000 -999.000 -999.000 -999.000 -999.000 182.615 182.729 182.841 182.949 183.052 183.158 183.268 183.378 183.493 183.605 183.718 183.830 183.943 184.058 184.174 184.294 184.403 184.511 184.615 184.717 184.819 184.919 185.019 185.116 185.212 185.305 185.394 185.480 185.563 185.641 185.714 185.782 185.845 185.903 185.955 186.000 186.038 186.069 186.095 186.115 186.129 186.137 186.141 186.138 186.131 -999.000 -999.000 -999.000 -999.000 -999.000 -999.000 -999.000 -999.000 -999.000
-999.000 -999.000 -999.000 -999.000 -999.000 -999.000 -999.000 -999.000 -999.000 -999.000 -999.000 -999.000 182.425 182.541 182.655 182.764 182.868 182.982 183.093 183.206 183.320 183.433 183.544 183.655 183.766 183.878 183.992 184.109 184.218 184.324 184.427 184.526 184.625 184.723 184.821 184.916 185.010 185.101 185.189 185.273 185.354 185.431 185.503 185.571 185.633 185.690 185.742 185.786 185.824 185.856 185.882 185.903 185.918 185.928 185.933 185.932 185.927 -999.000 -999.000 -999.000 -999.000 -999.000 -999.000 -999.000 -999.000 -999.000
-999.000 -999.000 -999.000 -999.000 -999.000 -999.000 -999.000 -999.000 -999.000 -999.000 -999.000 -999.000 182.235 182.354 182.469 182.579 182.688 182.804 182.918 183.035 183.149 183.261 183.371 183.481 183.590 183.700 183.812 183.926 184.035 184.139 184.241 184.338 184.434 184.530 184.625 184.719 184.810 184.900 184.986 185.069 185.148 185.224 185.295 185.362 185.424 185.480 185.532 185.576 185.614 185.646 185.673 185.694 185.711 185.722 185.728 185.729 185.726 185.718 -999.000 -999.000 -999.000 -999.000 -999.000 -999.000 -999.000 -999.000
-999.000 -999.000 -999.000 -999.000 -999.000 -999.000 -999.000 -999.000 -999.000 -999.000 -999.000 -999.000 182.045 182.166 182.282 182.393 182.509 182.626 182.744 182.863 182.978 183.090 183.200 183.308 183.416 183.524 183.634 183.746 183.855 183.957 184.058 184.153 184.247 184.341 184.434 184.525 184.615 184.702 184.786 184.868 184.946 185.020 185.091 185.157 185.218 185.274 185.325 185.368 185.407 185.439 185.467 185.489 185.507 185.519 185.526 185.529 185.528 185.522 185.514 185.503 -999.000 185.470 185.446 185.419 185.388 -999.000
-999.000 -999.000 -999.000 -999.000 -999.000 -999.000 -999.000 -999.000 -999.000 -999.000 -999.000 -999.000 181.857 181.979 182.096 182.209 182.330 182.449 182.570 182.690 182.807 182.920 183.030 183.137 183.244 183.351 183.459 183.568 183.677 183.778 183.878 183.971 184.063 184.154 184.245 184.335 184.423 184.508 184.591 184.671 184.748 184.821 184.890 184.956 185.016 185.072 185.122 185.165 185.204 185.237 185.265 185.288 185.307 185.320 185.329 185.334 185.335 185.331 185.325 185.317 185.305 185.289 185.269 185.245 185.218 -999.000
-999.000 -999.000 -999.000 -999.000 -999.000 -999.000 -999.000 -999.000 -999.000 -999.000 -999.000 -999.000 181.669 181.793 181.911 182.030 182.153 182.274 182.398 182.518 182.635 182.749 182.860 182.968 183.074 183.180 183.286 183.393 183.503 183.602 183.700 183.792 183.882 183.972 184.061 184.149 184.235 184.319 184.400 184.479 184.554 184.626 184.695 184.759 184.819 184.874 184.924 184.967 185.005 185.039 185.068 185.092 185.111 185.126 185.137 185.143 185.146 185.144 185.141 185.135 185.125 185.113 185.096 185.075 185.052 185.026
-999.000 -999.000 -999.000 -999.000 -999.000 -999.000 -999.000 -999.000 -999.000 -999.000 -999.000 -999.000 181.483 181.607 181.725 181.852 181.977 182.102 182.227 182.348 182.465 182.579 182.690 182.799 182.906 183.010 183.115 183.221 183.330 183.429 183.525 183.617 183.705 183.793 183.881 183.967 184.051 184.134 184.214 184.291 184.365 184.436 184.504 184.567 184.627 184.682 184.730 184.773 184.812 184.846 184.875 184.900 184.921 184.937 184.949 184.957 184.962 184.962 184.961 184.957 184.951 184.941 184.927 184.910 184.890 184.867
-999.000 -999.000 -999.000 -999.000 -999.000 -999.000 -999.000 -999.000 -999.000 -999.000 -999.000 -999.000 181.298 181.423 181.547 181.677 181.803 181.932 182.057 182.178 182.296 182.410 182.521 182.629 182.736 182.842 182.947 183.052 183.159 183.259 183.354 183.445 183.532 183.619 183.705 183.789 183.872 183.953 184.032 184.108 184.181 184.251 184.318 184.381 184.440 184.494 184.542 184.585 184.624 184.658 184.688 184.714 184.735 184.753 184.767 184.776 184.783 184.785 184.786 184.785 184.781 184.774 184.763 184.749 184.731 -999.000
-999.000 -999.000 -999.000 -999.000 -999.000 -999.000 -999.000 -999.000 -999.000 -999.000 -999.000 -999.000 -999.000 181.240 181.372 181.503 181.633 181.764 181.890 182.011 182.129 182.242 182.353 182.462 182.568 182.673 182.778 182.884 182.991 183.091 183.186 183.276 183.362 183.448 183.532 183.615 183.697 183.777 183.855 183.930 184.002 184.071 184.137 184.199 184.258 184.311 184.359 184.402 184.441 184.476 184.506 184.533 184.555 184.574 184.589 184.601 184.609 184.613 184.616 184.617 184.615 184.611 184.603 184.591 -999.000 -999.000
-999.000 -999.000 -999.000 -999.000 -999.000 -999.000 -999.000 -999.000 -999.000 -999.000 -999.000 -999.000 180.932 181.063 181.199 181.332 181.467 181.598 181.724 181.846 181.963 182.077 182.188 182.296 182.402 182.506 182.611 182.716 182.823 182.925 183.020 183.110 183.195 183.280 183.364 183.446 183.526 183.605 183.682 183.756 183.828 183.896 183.961 184.023 184.081 -999.000 -999.000 184.224 184.263 -999.000 -999.000 184.357 184.381 184.400 184.417 184.430 184.439 184.446 184.450 184.453 184.454 184.452 184.447 -999.000 -999.000 -999.000
-999.000 -999.000 -999.000 -999.000 -999.000 -999.000 -999.000 -999.000 -999.000 -999.000 -999.000 -999.000 -999.000 180.891 181.029 181.166 181.302 181.434 181.561 181.683 181.800 181.914 182.025 182.132 182.238 182.342 182.446 182.550 182.657 182.759 182.854 182.946 183.031 183.115 183.198 183.280 183.360 183.438 183.513 183.587 183.658 183.726 183.790 183.852 -999.000 -999.000 -999.000 -999.000 -999.000 -999.000 -999.000 184.186 184.211 184.232 184.249 184.264 184.275 184.283 184.289 184.294 184.297 184.297 184.294 -999.000 -999.000 -999.000
-999.000 -999.000 -999.000 -999.000 -999.000 -999.000 -999.000 -999.000 -999.000 -999.000 -999.000 -999.000 -999.000 -999.000 -999.000 181.003 181.141 181.273 181.400 181.522 181.640 181.754 181.864 181.971 182.076 182.180 182.283 182.387 182.493 182.596 182.690 182.781 182.866 182.951 183.034 183.116 183.196 183.273 183.349 183.422 -999.000 -999.000 -999.000 -999.000 -999.000 -999.000 -999.000 -999.000 -999.000 -999.000 -999.000 -999.000 184.045 184.067 184.086 184.102 184.114 184.124 184.131 184.138 184.143 184.145 -999.000 -999.000 -999.000 -999.000
-999.000 -999.000 -999.000 -999.000 -999.000 -999.000 -999.000 -999.000 -999.000 -999.000 -999.000 -999.000 -999.000 -999.000 -999.000 -999.000 180.982 181.114 181.241 181.364 181.482 181.596 181.706 181.813 181.917 182.020 182.123 182.226 182.332 182.435 182.528 182.620 182.704 182.788 182.871 182.953 183.033 183.110 183.186 -999.000 -999.000 -999.000 -999.000 -999.000 -999.000 -999.000 -999.000 -999.000 -999.000 -999.000 -999.000 -999.000 -999.000 183.907 183.927 183.943 183.957 183.968 183.976 183.984 183.989 183.992 -999.000 -999.000 -999.000 -999.000
-999.000 -999.000 -999.000 -999.000 -999.000 -999.000 -999.000 -999.000 -999.000 -999.000 -999.000 -999.000 -999.000 -999.000 -999.000 -999.000 180.825 180.958 181.086 181.209 181.326 181.440 181.550 181.657 181.761 181.864 181.966 182.069 182.174 182.277 182.370 182.461 -999.000 -999.000 -999.000 -999.000 182.871 -999.000 -999.000 -999.000 -999.000 -999.000 -999.000 -999.000 -999.000 -999.000 -999.000 -999.000 -999.000 -999.000 -999.000 -999.000 -999.000 183.748 183.768 183.785 183.800 183.812 183.821 183.830 183.837 183.841 -999.000 -999.000 -999.000 -999.000
-999.000 -999.000 -999.000 -999.000 -999.000 -999.000 -999.000 -999.000 -999.000 -999.000 -999.000 -999.000 -999.000 -999.000 -999.000 -999.000 180.672 180.805 180.933 181.056 181.174 181.288 181.397 181.504 181.608 181.710 181.812 181.915 182.019 182.122 182.214 182.305 -999.000 -999.000 -999.000 -999.000 -999.000 -999.000 -999.000 -999.000 -999.000 -999.000 -999.000 -999.000 -999.000 -999.000 -999.000 -999.000 -999.000 -999.000 -999.000 -999.000 183.565 183.590 183.611 183.629 183.645 183.658 183.668 183.679 183.687 183.693 -999.000 -999.000 -999.000 -999.000
-999.000 -999.000 -999.000 -999.000 -999.000 -999.000 -999.000 -999.000 -999.000 -999.000 -999.000 -999.000 -999.000 -999.000 -999.000 -999.000 -999.000 180.655 180.783 180.906 181.024 181.138 181.247 181.354 181.457 181.559 181.661 181.763 181.868 181.970 182.062 182.153 -999.000 -999.000 -999.000 -999.000 -999.000 -999.000 -999.000 -999.000 -999.000 -999.000 -999.000 -999.000 -999.000 -999.000 -999.000 -999.000 -999.000 -999.000 -999.000 -999.000 -999.000 183.435 183.457 183.476 183.493 183.507 183.519 183.531 183.541 183.549 183.554 -999.000 -999.000 -999.000
-999.000 -999.000 -999.000 -999.000 -999.000 -999.000 -999.000 -999.000 -999.000 -999.000 -999.000 -999.000 -999.000 -999.000 -999.000 -999.000 -999.000 -999.000 180.636 180.759 180.877 180.991 181.100 181.207 181.310 181.412 181.513 181.616 181.719 181.821 181.913 182.003 -999.000 -999.000 -999.000 -999.000 -999.000 -999.000 -999.000 -999.000 -999.000 -999.000 -999.000 -999.000 -999.000 -999.000 -999.000 -999.000 -999.000 -999.000 -999.000 -999.000 -999.000 -999.000 183.306 183.327 183.345 183.360 183.373 183.387 183.398 183.407 183.415 183.417 -999.000 -999.000
-999.000 -999.000 -999.000 -999.000 -999.000 -999.000 -999.000 -999.000 -999.000 -999.000 -999.000 -999.000 -999.000 -999.000 -999.000 -999.000 -999.000 -999.000 180.492 180.615 180.733 180.847 180.956 181.062 181.166 181.267 181.369 181.471 181.575 181.676 181.768 181.857 -999.000 -999.000 -999.000 -999.000 -999.000 -999.000 -999.000 -999.000 -999.000 -999.000 -999.000 -999.000 -999.000 -999.000 -999.000 -999.000 -999.000 -999.000 -999.000 -999.000 -999.000 -999.000 183.159 183.180 183.199 183.216 183.231 183.245 183.258 183.269 183.278 183.283 183.285 -999.000
-999.000 -999.000 -999.000 -999.000 -999.000 -999.000 -999.000 -999.000 -999.000 -999.000 -999.000 -999.000 -999.000 -999.000 -999.000 -999.000 -999.000 -999.000 -999.000 -999.000 -999.000 180.705 180.815 180.921 181.024 181.126 181.228 181.330 -999.000 181.534 181.625 181.715 -999.000 -999.000 -999.000 -999.000 -999.000 -999.000 -999.000 -999.000 -999.000 -999.000 -999.000 -999.000 -999.000 -999.000 -999.000 -999.000 -999.000 -999.000 -999.000 -999.000 -999.000 -999.000 183.015 183.038 183.058 183.075 183.091 183.108 183.122 183.134 183.145 183.151 183.155 183.157
-999.000 -999.000 -999.000 -999.000 -999.000 -999.000 -999.000 -999.000 -999.000 -999.000 -999.000 -999.000 -999.000 -999.000 -999.000 -999.000 -999.000 -999.000 -999.000 -999.000 -999.000 -999.000 -999.000 -999.000 -999.000 180.987 181.089 -999.000 -999.000 -999.000 -999.000 -999.000 -999.000 -999.000 -999.000 -999.000 -999.000 -999.000 -999.000 -999.000 -999.000 -999.000 -999.000 -999.000 -999.000 -999.000 -999.000 -999.000 -999.000 -999.000 -999.000 -999.000 -999.000 -999.000 -999.000 182.898 182.919 182.938 182.955 182.973 182.989 183.002 183.014 183.022 183.028 183.031
