Source/meteoio/tests/2D_interpolations/2009-01-19T12.00.00_RSWR_ref.asc
ncols               386
nrows               229
xllcorner    479500.000
yllcorner     73500.000
cellsize       1000.000
NODATA_value -999
[rows 29 to 57 of 229, columns 132 to 197 of 386]
-999.000 -999.000 -999.000 -999.000 -999.000 -999.000 -999.000 -999.000 -999.000 -999.000 -999.000 -999.000 -999.000 -999.000 -999.000 -999.000 -999.000 -999.000 -999.000 -999.000 -999.000 -999.000 -999.000 -999.000 -999.000 -999.000 -999.000 -999.000 -999.000 -999.000 -999.000 -999.000 -999.000 -999.000 -999.000 -999.000 -999.000 -999.000 -999.000 -999.000 -999.000 -999.000 -999.000 -999.000 178.867 178.936 179.006 179.074 179.142 179.209 179.275 179.341 179.406 -999.000 -999.000 -999.000 -999.000 -999.000 -999.000 -999.000 -999.000 -999.000 -999.000 -999.000 -999.000 -999.000
-999.000 -999.000 -999.000 -999.000 -999.000 -999.000 -999.000 -999.000 -999.000 -999.000 -999.000 -999.000 -999.000 -999.000 -999.000 -999.000 -999.000 -999.000 -999.000 -999.000 -999.000 -999.000 -999.000 -999.000 -999.000 -999.000 -999.000 -999.000 -999.000 -999.000 -999.000 -999.000 -999.000 -999.000 -999.000 -999.000 -999.000 -999.000 -999.000 -999.000 -999.000 -999.000 178.759 178.832 178.903 178.974 179.044 179.113 179.182 179.250 179.317 179.383 179.448 -999.000 -999.000 -999.000 -999.000 -999.000 -999.000 -999.000 -999.000 -999.000 -999.000 -999.000 -999.000 -999.000
175.280 -999.000 -999.000 -999.000 175.638 175.726 -999.000 -999.000 -999.000 -999.000 -999.000 -999.000 -999.000 -999.000 -999.000 -999.000 -999.000 -999.000 -999.000 -999.000 177.053 177.140 177.225 -999.000 -999.000 -999.000 -999.000 -999.000 -999.000 -999.000 -999.000 -999.000 -999.000 -999.000 -999.000 -999.000 -999.000 -999.000 -999.000 -999.000 -999.000 178.724 178.796 178.868 178.940 179.012 179.083 179.153 179.223 179.291 179.359 179.426 179.492 179.557 -999.000 -999.000 -999.000 -999.000 -999.000 -999.000 -999.000 -999.000 -999.000 -999.000 -999.000 -999.000
175.280 175.370 -999.000 175.551 175.641 175.730 175.819 -999.000 -999.000 -999.000 -999.000 -999.000 -999.000 -999.000 -999.000 -999.000 -999.000 176.812 176.901 176.989 177.077 177.164 177.250 177.335 -999.000 -999.000 -999.000 -999.000 -999.000 -999.000 -999.000 -999.000 -999.000 -999.000 -999.000 -999.000 -999.000 -999.000 178.538 178.613 178.687 178.761 178.834 178.907 178.979 179.051 179.122 179.193 179.263 179.333 179.402 179.470 179.537 179.603 179.668 -999.000 -999.000 -999.000 -999.000 -999.000 -999.000 -999.000 -999.000 -999.000 -999.000 -999.000
175.279 175.371 175.462 175.553 175.644 175.734 175.826 -999.000 -999.000 -999.000 -999.000 -999.000 -999.000 -999.000 -999.000 -999.000 -999.000 176.833 176.923 177.012 177.100 177.188 177.274 177.360 -999.000 -999.000 -999.000 -999.000 -999.000 -999.000 -999.000 -999.000 -999.000 -999.000 -999.000 -999.000 -999.000 -999.000 178.574 178.650 178.725 178.800 178.873 178.947 179.020 179.092 179.163 179.234 179.305 179.375 179.445 179.514 179.582 179.649 179.715 179.780 179.844 179.908 179.970 180.032 180.093 180.153 180.212 180.270 180.327 180.383
175.278 175.370 175.463 175.554 175.646 -999.000 -999.000 -999.000 -999.000 -999.000 -999.000 -999.000 -999.000 -999.000 -999.000 -999.000 176.763 176.855 176.945 177.034 177.123 177.211 177.298 177.385 -999.000 -999.000 -999.000 -999.000 -999.000 -999.000 -999.000 -999.000 -999.000 -999.000 178.297 178.377 178.455 178.533 178.611 178.687 178.763 178.839 178.913 178.988 179.061 179.134 179.206 179.277 179.348 179.419 179.489 179.559 179.627 179.695 179.763 179.829 179.894 179.958 180.021 180.083 180.144 180.205 180.265 180.323 180.381 180.437
175.276 175.370 175.463 175.556 175.651 -999.000 -999.000 -999.000 -999.000 -999.000 -999.000 -999.000 -999.000 -999.000 176.597 176.691 176.783 176.875 176.966 177.056 177.146 177.234 177.322 177.410 177.497 -999.000 -999.000 177.754 177.838 177.922 178.005 178.088 178.170 178.251 178.332 178.412 178.491 178.570 178.648 178.726 178.803 178.879 178.954 179.029 179.103 179.177 179.250 179.322 179.393 179.464 179.535 179.605 179.674 179.743 179.810 179.877 179.944 180.009 180.072 180.135 180.197 180.258 180.318 180.377 180.435 180.493
175.274 175.369 175.464 175.560 175.656 175.752 -999.000 -999.000 -999.000 176.133 176.231 176.329 176.425 176.521 176.616 176.710 176.803 176.895 176.987 177.077 177.168 177.257 177.346 177.435 177.522 177.609 177.696 177.782 177.867 177.952 178.036 178.120 178.203 178.285 178.366 178.447 178.528 178.608 178.687 178.765 178.843 178.920 178.996 179.072 179.147 179.221 179.295 179.368 179.440 179.511 179.582 179.652 179.722 179.791 179.860 179.927 179.994 180.060 180.125 180.188 180.251 180.312 180.373 180.432 180.491 180.549
175.272 175.369 175.466 175.563 175.660 175.757 175.854 175.950 176.048 176.148 176.247 176.344 176.441 176.538 176.633 176.728 176.822 176.915 177.007 177.099 177.190 177.280 177.370 177.459 177.548 177.636 177.723 177.810 177.897 177.982 178.068 178.152 178.236 178.319 178.402 178.484 178.565 178.646 178.726 178.805 178.884 178.962 179.039 179.116 179.192 179.267 179.341 179.415 179.488 179.560 179.631 179.702 179.772 179.841 179.910 179.978 180.046 180.112 180.177 180.242 180.306 180.368 180.429 180.489 180.548 180.606
175.271 175.370 175.468 175.567 175.665 175.763 175.860 175.961 176.062 176.162 176.261 176.359 176.457 176.554 176.650 176.745 176.840 176.934 177.027 177.120 177.212 177.303 177.394 177.484 177.574 177.663 177.751 177.839 177.926 178.013 178.099 178.185 178.270 178.354 178.438 178.521 178.603 178.685 178.766 178.846 178.926 179.005 179.083 179.161 179.237 179.313 179.389 179.463 179.537 179.610 179.682 179.753 179.823 179.893 179.962 180.031 180.099 180.165 180.231 180.296 180.361 180.424 180.486 180.546 180.606 180.664
175.270 175.370 175.470 175.570 175.669 175.768 175.871 175.973 176.074 176.175 176.275 176.374 176.472 176.570 176.667 176.763 176.858 176.953 177.047 177.140 177.233 177.326 177.417 177.509 177.599 177.689 177.779 177.868 177.956 178.044 178.132 178.218 178.304 178.390 178.474 178.559 178.642 178.725 178.807 178.888 178.969 179.049 179.128 179.206 179.284 179.361 179.437 179.512 179.587 179.660 179.733 179.805 179.876 179.946 180.016 180.085 180.153 180.220 180.287 180.352 180.417 180.480 180.543 180.605 180.665 180.724
175.270 175.371 175.472 175.572 175.673 175.777 175.881 175.984 176.086 176.187 176.288 176.387 176.486 176.585 176.682 176.779 176.876 176.971 177.066 177.161 177.255 177.348 177.441 177.533 177.625 177.716 177.807 177.897 177.987 178.076 178.164 178.252 178.339 178.426 178.512 178.597 178.681 178.765 178.848 178.931 179.012 179.093 179.174 179.253 179.332 179.409 179.486 179.563 179.638 179.712 179.786 179.859 179.930 180.001 180.071 180.140 180.208 180.276 180.343 180.409 180.474 180.538 180.601 180.663 180.724 180.784
175.269 175.371 175.473 175.576 175.681 175.786 175.891 175.994 176.097 176.199 176.300 176.400 176.500 176.599 176.698 176.796 176.893 176.990 177.086 177.181 177.276 177.371 177.465 177.558 177.651 177.743 177.835 177.926 178.017 178.107 178.196 178.285 178.373 178.461 178.548 178.635 178.720 178.805 178.889 178.973 179.056 179.138 179.219 179.300 179.379 179.458 179.536 179.614 179.690 179.765 179.840 179.913 179.986 180.057 180.128 180.198 180.266 180.334 180.401 180.468 180.533 180.597 180.661 180.723 180.784 180.844
175.268 175.371 175.475 175.582 175.689 175.794 175.899 176.003 176.107 176.209 176.311 176.413 176.514 176.614 176.713 176.812 176.910 177.008 177.105 177.201 177.297 177.393 177.488 177.582 177.676 177.769 177.862 177.955 178.047 178.138 178.229 178.319 178.408 178.497 178.585 178.673 178.760 178.846 178.931 179.016 179.100 179.183 179.265 179.347 179.428 179.508 179.587 179.665 179.742 179.818 179.894 179.968 180.042 180.114 180.186 180.256 180.325 180.393 180.461 180.527 180.593 180.658 180.722 180.784 180.846 180.905
175.266 175.372 175.481 175.588 175.695 175.802 175.907 176.012 176.116 176.219 176.322 176.425 176.526 176.627 176.727 176.827 176.926 177.024 177.122 177.220 177.317 177.414 177.510 177.606 177.701 177.796 177.890 177.984 178.077 178.169 178.261 178.353 178.443 178.534 178.623 178.712 178.800 178.887 178.974 179.060 179.145 179.229 179.312 179.395 179.477 179.558 179.638 179.717 179.795 179.872 179.948 180.024 180.098 180.171 180.243 180.314 180.385 180.454 180.521 180.588 180.654 180.719 180.782 180.845 180.906 180.966
175.266 175.376 175.485 175.593 175.701 175.808 175.914 176.020 176.125 176.229 176.333 176.436 176.538 176.639 176.740 176.841 176.941 177.041 177.140 177.239 177.337 177.435 177.533 177.630 177.726 177.822 177.918 178.013 178.107 178.201 178.295 178.387 178.479 178.571 178.661 178.751 178.841 178.929 179.017 179.104 179.190 179.276 179.360 179.444 179.527 179.609 179.690 179.770 179.849 179.927 180.004 180.080 180.155 180.229 180.302 180.374 180.445 180.514 180.582 180.649 180.714 180.779 180.843 180.906 180.968 181.028
175.268 175.378 175.488 175.597 175.705 175.813 175.920 176.026 176.132 176.237 176.341 176.445 176.548 176.651 176.753 176.855 176.956 177.057 177.158 177.258 177.358 177.457 177.556 177.654 177.752 177.850 177.946 178.043 178.139 178.234 178.329 178.423 178.516 178.609 178.701 178.792 178.883 178.972 179.061 179.150 179.237 179.324 179.409 179.494 179.578 179.661 179.743 179.824 179.904 179.983 180.061 180.138 180.214 180.289 180.362 180.434 180.505 180.574 180.642 180.709 180.775 180.840 180.904 180.967 181.029 181.089
175.269 175.380 175.491 175.600 175.709 175.817 175.925 176.032 176.138 176.244 176.349 176.454 176.559 176.662 176.766 176.869 176.972 177.074 177.176 177.277 177.379 177.479 177.579 177.679 177.778 177.877 177.976 178.073 178.171 178.267 178.363 178.459 178.553 178.647 178.741 178.833 178.925 179.016 179.107 179.196 179.285 179.373 179.459 179.545 179.630 179.714 179.797 179.879 179.960 180.040 180.119 180.197 180.273 180.348 180.421 180.494 180.565 180.635 180.704 180.771 180.838 180.902 180.965 181.027 181.089 181.149
175.269 175.381 175.492 175.602 175.711 175.820 175.928 176.036 176.144 176.251 176.357 176.463 176.569 176.674 176.779 176.883 176.987 177.091 177.194 177.297 177.400 177.502 177.603 177.705 177.805 177.906 178.005 178.105 178.203 178.301 178.399 178.496 178.592 178.687 178.782 178.876 178.969 179.061 179.153 179.244 179.333 179.422 179.511 179.598 179.684 179.769 179.853 179.936 180.018 180.098 180.177 180.255 180.332 180.407 180.481 180.554 180.626 180.696 180.765 180.832 180.898 180.962 181.026 181.087 181.147 181.207
175.268 175.379 175.491 175.602 175.712 175.822 175.931 176.040 176.149 176.257 176.365 176.472 176.579 176.685 176.792 176.897 177.003 177.108 177.213 177.317 177.421 177.525 177.628 177.731 177.833 177.935 178.036 178.137 178.237 178.336 178.435 178.533 178.631 178.728 178.824 178.919 179.014 179.107 179.200 179.292 179.383 179.473 179.563 179.651 179.738 179.824 179.909 179.993 180.075 180.156 180.235 180.314 180.391 180.467 180.542 180.615 180.686 180.756 180.825 180.892 180.958 181.022 181.084 181.146 181.206 181.266
175.264 175.377 175.489 175.601 175.713 175.823 175.934 176.044 176.154 176.264 176.372 176.481 176.589 176.697 176.805 176.912 177.019 177.125 177.232 177.338 177.443 177.548 177.653 177.757 177.861 177.964 178.067 178.169 178.271 178.372 178.472 178.572 178.671 178.769 178.867 178.963 179.059 179.154 179.248 179.342 179.434 179.525 179.616 179.705 179.793 179.880 179.965 180.049 180.132 180.214 180.294 180.373 180.451 180.527 180.602 180.675 180.746 180.816 180.884 180.951 181.016 181.081 181.144 181.206 181.267 181.327
175.261 175.374 175.487 175.600 175.713 175.825 175.937 176.048 176.159 176.270 176.380 176.490 176.600 176.709 176.818 176.927 177.035 177.143 177.251 177.359 177.466 177.572 177.679 177.785 177.890 177.995 178.099 178.203 178.306 178.408 178.510 178.611 178.712 178.811 178.910 179.008 179.106 179.202 179.298 179.392 179.486 179.578 179.670 179.759 179.848 179.935 180.021 180.106 180.190 180.273 180.354 180.433 180.510 180.586 180.660 180.733 180.804 180.874 180.943 181.010 181.077 181.142 181.206 181.269 181.330 181.390
175.256 175.371 175.485 175.599 175.713 175.826 175.939 176.052 176.164 176.276 176.388 176.499 176.610 176.721 176.832 176.942 177.052 177.162 177.271 177.380 177.489 177.597 177.705 177.813 177.920 178.026 178.132 178.237 178.342 178.446 178.549 178.652 178.754 178.855 178.955 179.055 179.153 179.251 179.348 179.444 179.538 179.631 179.723 179.813 179.903 179.991 180.079 180.165 180.249 180.331 180.412 180.491 180.568 180.643 180.718 180.791 180.863 180.934 181.004 181.072 181.139 181.205 181.270 181.333 181.395 181.455
175.251 175.367 175.482 175.598 175.712 175.827 175.941 176.055 176.169 176.283 176.396 176.509 176.621 176.734 176.846 176.958 177.070 177.181 177.292 177.403 177.513 177.623 177.732 177.841 177.950 178.058 178.166 178.272 178.379 178.484 178.589 178.693 178.796 178.899 179.001 179.102 179.202 179.301 179.399 179.495 179.590 179.684 179.777 179.869 179.959 180.049 180.136 180.222 180.306 180.388 180.468 180.547 180.625 180.702 180.777 180.851 180.924 180.996 181.066 181.136 181.203 181.270 181.335 181.399 181.461 181.522
175.246 175.363 175.479 175.596 175.712 175.828 175.944 176.059 176.175 176.289 176.404 176.519 176.633 176.747 176.861 176.974 177.088 177.201 177.313 177.426 177.538 177.649 177.760 177.871 177.981 178.091 178.200 178.308 178.416 178.523 178.630 178.735 178.840 178.944 179.047 179.150 179.251 179.350 179.449 179.546 179.643 179.738 179.832 179.925 180.016 180.105 180.192 180.277 180.361 180.443 180.525 180.605 180.684 180.761 180.838 180.913 180.987 181.060 181.131 181.201 181.270 181.337 181.402 181.467 181.529 181.591
175.240 175.359 175.476 175.594 175.712 175.829 175.946 176.064 176.180 176.297 176.413 176.529 176.645 176.761 176.876 176.991 177.106 177.221 177.335 177.449 177.563 177.676 177.789 177.901 178.013 178.125 178.235 178.345 178.455 178.563 178.671 178.778 178.885 178.990 179.095 179.198 179.299 179.400 179.500 179.598 179.696 179.792 179.887 179.980 180.071 180.159 180.246 180.332 180.417 180.501 180.583 180.664 180.744 180.823 180.901 180.977 181.052 181.125 181.197 181.268 181.338 181.405 181.472 181.536 181.600 181.661
175.235 175.354 175.474 175.593 175.712 175.831 175.949 176.068 176.186 176.304 176.422 176.540 176.657 176.775 176.892 177.009 177.126 177.242 177.358 177.474 177.589 177.704 177.819 177.933 178.046 178.159 178.271 178.383 178.494 178.604 178.714 178.822 178.930 179.036 179.141 179.246 179.349 179.451 179.552 179.651 179.750 179.847 179.941 180.032 180.123 180.213 180.301 180.388 180.474 180.559 180.643 180.725 180.807 180.886 180.965 181.042 181.118 181.193 181.266 181.337 181.407 181.476 181.543 181.608 181.672 181.734
175.230 175.351 175.471 175.592 175.712 175.833 175.953 176.073 176.193 176.313 176.432 176.551 176.671 176.790 176.908 177.027 177.145 177.264 177.381 177.499 177.616 177.733 177.849 177.965 178.080 178.194 178.308 178.422 178.534 178.646 178.757 178.867 178.975 179.082 179.189 179.294 179.399 179.502 179.604 179.705 179.802 179.898 179.992 180.085 180.177 180.268 180.358 180.446 180.534 180.620 180.705 180.788 180.871 180.952 181.031 181.110 181.186 181.262 181.336 181.408 181.479 181.548 181.616 181.682 181.746 181.809
175.225 175.347 175.469 175.591 175.713 175.835 175.957 176.079 176.200 176.322 176.443 176.564 176.685 176.806 176.926 177.046 177.166 177.286 177.406 177.525 177.644 177.762 177.880 177.997 178.114 178.230 178.346 178.461 178.575 178.688 178.800 178.910 179.020 179.129 179.237 179.344 179.449 179.554 179.656 179.754 179.852 179.949 180.044 180.139 180.232 180.325 180.416 180.506 180.594 180.682 180.768 180.853 180.936 181.019 181.099 181.179 181.257 181.333 181.408 181.481 181.553 181.622 181.691 181.757 181.822 181.886
