Source/meteoio/tests/2D_interpolations/2009-01-19T12.00.00_PSUM_ref.asc
ncols               386
nrows               229
xllcorner    479500.000
yllcorner     73500.000
cellsize       1000.000
NODATA_value -999
[rows 165 to 197 of 229, columns 146 to 218 of 386]
1.444 1.712 1.939 1.802 1.986 2.198 2.059 2.055 1.674 2.026 1.537 1.974 1.836 1.749 1.858 1.665 1.482 1.168 1.159 1.271 1.396 1.305 1.102 1.044 0.777 0.803 0.643 0.794 0.767 0.878 1.110 1.285 1.381 1.496 1.566 1.534 1.589 1.617 1.688 1.780 1.804 1.918 -999.000 -999.000 -999.000 -999.000 -999.000 -999.000 -999.000 -999.000 -999.000 -999.000 -999.000 -999.000 1.684 1.564 1.544 1.400 1.088 0.506 1.010 1.105 1.292 1.360 1.493 1.224 1.134 0.864 0.479 0.791 1.019 0.904 1.342
1.543 1.799 1.868 1.948 2.020 2.022 1.869 1.913 1.770 1.892 1.787 1.830 1.776 1.608 1.706 1.442 1.302 1.232 1.279 1.280 1.153 1.021 0.852 0.626 0.593 0.664 0.774 0.974 1.132 0.889 1.126 1.324 1.245 1.116 1.194 1.243 1.627 1.643 1.588 1.676 1.780 -999.000 -999.000 -999.000 -999.000 -999.000 -999.000 -999.000 -999.000 -999.000 -999.000 -999.000 -999.000 -999.000 1.657 1.567 1.374 1.196 1.136 0.604 0.446 0.617 1.026 0.913 1.158 1.148 0.865 0.726 0.487 1.029 1.067 1.290 1.545
1.718 1.629 2.122 1.730 1.897 1.883 1.620 1.727 1.187 1.602 1.613 1.714 1.236 1.369 1.596 1.289 1.034 0.941 1.167 1.167 0.860 0.633 0.573 0.756 0.803 0.836 1.055 1.235 1.354 1.119 1.003 0.984 1.055 1.233 1.150 1.484 1.571 1.677 -999.000 -999.000 -999.000 -999.000 -999.000 -999.000 -999.000 -999.000 -999.000 -999.000 -999.000 -999.000 -999.000 -999.000 -999.000 -999.000 1.559 1.469 1.008 1.044 0.714 1.068 0.918 0.597 0.447 0.908 1.166 0.900 0.604 0.442 0.791 1.084 1.328 1.548 1.330
1.484 1.642 2.045 1.477 1.771 1.745 1.417 1.567 1.054 1.535 1.637 1.610 1.169 1.434 1.478 1.054 0.919 0.858 1.295 0.965 0.708 0.532 0.802 1.126 1.138 1.192 1.254 1.399 1.367 1.378 1.145 0.997 1.317 1.448 1.591 1.674 1.708 1.887 -999.000 -999.000 -999.000 -999.000 -999.000 -999.000 -999.000 -999.000 -999.000 -999.000 -999.000 -999.000 -999.000 -999.000 -999.000 -999.000 1.618 1.503 1.036 0.975 1.152 1.145 1.183 0.901 0.756 0.362 0.609 0.354 0.523 0.695 0.690 1.126 1.302 1.502 1.520
1.457 1.593 1.741 1.264 1.249 1.595 1.445 1.477 0.962 1.456 1.803 1.484 1.235 1.462 1.356 1.180 0.744 0.778 0.938 0.679 0.527 0.857 1.088 1.184 1.485 1.522 1.735 1.573 1.657 1.483 1.280 1.101 1.421 1.515 1.694 1.742 1.808 -999.000 -999.000 -999.000 -999.000 -999.000 -999.000 -999.000 -999.000 -999.000 -999.000 -999.000 -999.000 -999.000 -999.000 -999.000 -999.000 -999.000 1.627 1.543 1.478 1.428 1.467 1.485 1.508 1.214 0.964 0.668 0.309 0.537 0.962 0.795 0.992 1.000 1.418 1.475 1.546
1.267 1.421 1.192 1.308 1.100 1.411 1.472 1.280 0.879 1.314 1.522 1.477 1.496 1.237 1.179 1.138 0.691 0.766 0.580 0.531 0.775 0.920 1.162 1.552 1.685 1.664 1.640 1.640 1.671 1.471 1.243 1.138 1.554 1.803 1.830 -999.000 -999.000 -999.000 -999.000 -999.000 -999.000 -999.000 -999.000 -999.000 -999.000 -999.000 -999.000 -999.000 -999.000 -999.000 -999.000 -999.000 -999.000 1.664 1.651 1.445 1.507 1.391 1.445 1.497 1.289 1.372 1.068 0.762 0.295 0.563 0.739 1.079 1.068 1.370 1.306 1.376 1.125
1.070 1.101 1.238 0.879 1.136 1.178 1.279 1.223 0.796 1.241 1.427 1.447 1.260 0.932 1.152 0.932 0.552 0.491 0.477 0.630 0.844 1.251 1.499 1.595 1.731 1.895 1.848 1.790 1.644 1.546 1.619 1.410 1.768 1.653 1.916 -999.000 -999.000 -999.000 -999.000 -999.000 -999.000 -999.000 -999.000 -999.000 -999.000 -999.000 -999.000 -999.000 -999.000 -999.000 -999.000 -999.000 -999.000 1.540 1.514 1.411 1.361 1.325 1.249 1.130 1.309 1.216 1.012 0.656 0.288 0.850 0.973 1.153 1.257 1.362 1.336 1.362 1.080
0.728 0.769 0.724 0.705 0.876 0.907 0.856 0.900 0.670 1.065 1.128 1.120 1.083 0.877 0.855 0.687 0.464 0.466 0.605 0.654 0.800 1.271 1.444 1.666 1.824 1.762 1.748 1.809 1.677 1.717 1.799 1.488 1.918 1.809 -999.000 -999.000 -999.000 -999.000 -999.000 -999.000 -999.000 -999.000 -999.000 -999.000 -999.000 -999.000 -999.000 -999.000 -999.000 -999.000 -999.000 -999.000 1.562 1.467 1.211 1.014 0.918 0.850 0.854 0.790 1.024 1.079 0.773 0.474 0.282 0.954 1.124 1.103 1.253 1.353 1.388 1.277 1.124
0.436 0.439 0.468 0.510 0.547 0.622 0.590 0.551 0.693 0.869 0.878 0.918 0.826 0.701 0.463 0.459 0.477 0.507 0.611 0.714 1.001 1.238 1.385 1.670 1.662 1.714 1.871 1.792 1.886 1.737 1.891 1.772 1.818 1.855 -999.000 -999.000 -999.000 -999.000 -999.000 -999.000 -999.000 -999.000 -999.000 -999.000 -999.000 -999.000 -999.000 -999.000 -999.000 -999.000 -999.000 -999.000 1.591 1.502 1.161 1.200 1.132 1.087 1.148 0.761 0.588 0.574 0.455 0.529 0.288 0.546 0.850 0.746 1.122 1.105 1.068 1.067 1.243
0.536 0.438 0.436 0.438 0.438 0.438 0.443 0.451 0.451 0.477 0.549 0.549 0.450 0.466 0.481 0.644 0.631 0.653 0.641 0.932 1.184 1.126 1.212 1.403 1.548 1.733 1.801 1.877 -999.000 1.873 1.863 -999.000 -999.000 -999.000 -999.000 -999.000 -999.000 -999.000 -999.000 -999.000 -999.000 -999.000 -999.000 -999.000 -999.000 -999.000 -999.000 -999.000 -999.000 -999.000 -999.000 1.647 1.473 1.395 1.289 1.121 1.172 1.078 0.816 0.571 0.716 0.871 0.841 0.792 0.768 0.267 0.281 0.564 0.671 0.951 0.750 0.936 0.873
0.864 0.775 0.690 0.633 0.705 0.656 0.659 0.580 0.448 0.445 0.450 0.527 0.660 0.805 0.866 1.098 1.064 1.034 0.856 0.873 0.822 0.961 1.085 1.102 1.535 1.660 1.777 -999.000 -999.000 -999.000 -999.000 -999.000 -999.000 -999.000 -999.000 -999.000 -999.000 -999.000 -999.000 -999.000 -999.000 -999.000 -999.000 -999.000 -999.000 -999.000 -999.000 -999.000 -999.000 -999.000 -999.000 -999.000 1.458 1.320 1.125 0.942 0.883 0.809 0.655 0.789 1.057 1.083 1.029 0.953 1.103 0.704 0.523 0.252 0.249 0.426 0.826 0.734 1.132
1.017 0.846 0.831 0.895 1.039 1.039 1.044 0.959 0.451 0.691 0.945 0.880 1.080 1.028 0.922 1.271 1.328 1.264 1.098 0.914 1.140 1.232 1.363 1.477 1.623 1.658 -999.000 -999.000 -999.000 -999.000 -999.000 -999.000 -999.000 -999.000 -999.000 -999.000 -999.000 -999.000 -999.000 -999.000 -999.000 -999.000 -999.000 -999.000 -999.000 -999.000 -999.000 -999.000 -999.000 -999.000 -999.000 -999.000 1.177 1.043 0.992 0.912 1.087 0.934 1.061 0.851 1.209 1.303 1.312 1.112 1.064 0.674 0.927 0.514 0.309 0.243 0.528 0.651 1.094
1.097 1.065 1.015 0.945 1.059 1.160 1.027 0.923 0.494 0.675 0.805 1.201 1.167 1.164 1.063 1.474 1.435 1.558 1.127 1.222 1.097 1.364 1.649 1.726 1.792 -999.000 -999.000 -999.000 -999.000 -999.000 -999.000 -999.000 -999.000 -999.000 -999.000 -999.000 -999.000 -999.000 -999.000 -999.000 -999.000 -999.000 -999.000 -999.000 -999.000 -999.000 -999.000 -999.000 -999.000 -999.000 -999.000 -999.000 -999.000 1.211 1.140 1.126 1.168 1.094 1.283 1.090 1.372 1.444 1.360 1.096 0.959 0.974 1.105 0.869 0.725 0.418 0.242 0.669 0.904
1.292 1.304 1.151 1.167 1.159 1.267 1.174 0.814 0.465 0.706 0.992 1.165 1.372 1.363 1.173 1.545 1.634 1.722 1.575 1.260 1.067 1.430 1.714 1.852 1.896 -999.000 -999.000 -999.000 -999.000 -999.000 -999.000 -999.000 -999.000 -999.000 -999.000 -999.000 -999.000 -999.000 -999.000 -999.000 -999.000 -999.000 -999.000 -999.000 -999.000 -999.000 -999.000 -999.000 -999.000 -999.000 -999.000 -999.000 -999.000 1.382 1.383 1.431 1.415 1.480 1.299 1.381 1.433 1.459 1.319 1.260 1.204 1.283 1.205 1.166 0.694 0.461 0.237 0.385 0.711
1.635 1.514 1.559 1.492 1.430 1.335 1.298 0.793 0.466 0.794 0.970 1.223 1.449 1.396 1.233 1.553 1.665 1.632 1.554 1.449 1.227 1.599 1.747 2.001 2.182 -999.000 -999.000 -999.000 -999.000 -999.000 -999.000 -999.000 -999.000 -999.000 -999.000 -999.000 -999.000 -999.000 -999.000 -999.000 -999.000 -999.000 -999.000 -999.000 -999.000 -999.000 -999.000 -999.000 -999.000 -999.000 -999.000 -999.000 -999.000 1.445 1.397 1.435 1.320 1.412 1.478 1.435 1.362 1.313 1.105 1.106 1.306 1.314 1.209 1.011 0.602 0.775 0.342 0.223 0.328
1.793 1.616 1.642 1.623 1.525 1.396 1.303 0.834 0.531 0.879 1.026 1.151 1.446 1.465 1.187 1.580 1.631 1.705 1.617 1.526 1.560 1.740 1.959 2.107 2.194 2.245 2.205 -999.000 -999.000 -999.000 -999.000 -999.000 -999.000 -999.000 -999.000 -999.000 -999.000 -999.000 -999.000 -999.000 -999.000 -999.000 -999.000 -999.000 -999.000 -999.000 -999.000 -999.000 -999.000 -999.000 -999.000 -999.000 -999.000 -999.000 1.433 1.423 1.352 1.112 1.090 1.180 0.983 1.075 1.012 1.163 1.181 1.113 1.189 0.948 1.052 1.062 0.595 0.322 0.213
1.877 1.813 1.894 1.729 1.504 1.142 1.102 0.866 0.588 1.037 1.047 1.214 1.536 1.476 1.235 1.584 1.664 1.602 1.286 1.516 1.608 1.634 1.704 2.035 1.866 2.228 1.915 2.036 -999.000 -999.000 -999.000 -999.000 -999.000 -999.000 -999.000 -999.000 -999.000 -999.000 -999.000 -999.000 -999.000 -999.000 -999.000 -999.000 -999.000 -999.000 -999.000 -999.000 -999.000 -999.000 -999.000 -999.000 -999.000 -999.000 -999.000 1.325 1.124 1.030 0.869 0.825 0.766 0.698 0.748 0.912 0.931 1.067 0.986 1.140 1.111 1.010 0.817 0.667 0.237
2.009 1.789 1.712 1.588 1.379 1.076 0.858 0.588 0.686 0.945 1.232 1.522 1.692 1.526 1.716 1.646 1.684 1.621 1.256 1.403 1.527 1.617 1.932 2.022 1.935 2.044 1.924 1.752 -999.000 -999.000 -999.000 -999.000 -999.000 -999.000 -999.000 -999.000 -999.000 -999.000 -999.000 -999.000 -999.000 -999.000 -999.000 -999.000 -999.000 -999.000 -999.000 -999.000 -999.000 -999.000 -999.000 -999.000 -999.000 -999.000 -999.000 -999.000 -999.000 1.248 1.191 1.188 1.084 0.992 0.985 0.802 0.594 0.716 0.793 1.098 1.071 1.041 0.736 0.793 0.571
1.896 1.701 1.738 1.420 1.170 0.875 0.612 0.797 0.547 0.999 1.294 1.515 1.813 1.664 1.789 1.779 1.529 1.751 1.629 1.208 1.187 1.547 1.715 1.831 1.848 1.823 1.657 1.664 1.685 -999.000 -999.000 -999.000 -999.000 -999.000 -999.000 -999.000 -999.000 -999.000 -999.000 -999.000 -999.000 -999.000 -999.000 -999.000 -999.000 -999.000 -999.000 -999.000 -999.000 -999.000 -999.000 -999.000 -999.000 -999.000 -999.000 -999.000 -999.000 -999.000 -999.000 1.288 1.180 1.119 1.188 1.164 0.983 0.638 0.940 0.934 0.797 0.910 0.596 0.867 0.766
2.080 1.835 1.260 1.128 0.844 0.671 1.107 1.270 0.942 0.861 1.248 1.560 1.784 1.823 1.929 1.935 1.726 1.935 1.585 1.393 1.215 1.163 1.417 1.687 1.359 1.591 1.143 1.372 1.357 -999.000 -999.000 -999.000 -999.000 -999.000 -999.000 -999.000 -999.000 -999.000 -999.000 -999.000 -999.000 -999.000 -999.000 -999.000 -999.000 -999.000 -999.000 -999.000 -999.000 -999.000 -999.000 -999.000 -999.000 -999.000 -999.000 -999.000 -999.000 -999.000 -999.000 1.037 1.180 0.926 0.853 0.826 0.796 0.654 0.614 0.908 0.686 0.630 0.507 0.828 0.909
1.755 1.481 1.333 0.974 0.704 1.051 1.215 1.357 1.159 0.699 1.051 1.573 1.819 1.872 1.910 2.060 2.021 1.780 1.759 1.636 1.391 1.061 1.171 1.467 1.401 1.324 1.035 0.955 1.055 0.889 -999.000 -999.000 -999.000 -999.000 -999.000 -999.000 -999.000 -999.000 -999.000 -999.000 -999.000 -999.000 -999.000 -999.000 -999.000 -999.000 -999.000 -999.000 -999.000 -999.000 -999.000 -999.000 -999.000 -999.000 -999.000 -999.000 -999.000 -999.000 -999.000 -999.000 0.805 0.719 0.664 0.686 0.627 0.460 0.397 0.478 0.348 0.292 0.310 0.381 0.668
1.923 1.677 1.248 0.733 0.997 1.121 1.472 1.540 1.379 0.961 0.970 1.401 1.716 1.934 1.904 1.960 2.128 2.094 1.995 1.719 1.243 1.231 0.973 1.063 1.274 0.959 0.782 1.115 0.643 0.729 -999.000 -999.000 -999.000 -999.000 -999.000 -999.000 -999.000 -999.000 -999.000 -999.000 -999.000 -999.000 -999.000 -999.000 -999.000 -999.000 -999.000 -999.000 -999.000 -999.000 -999.000 -999.000 -999.000 -999.000 -999.000 -999.000 -999.000 -999.000 -999.000 -999.000 -999.000 0.811 0.952 1.109 0.942 0.853 0.716 0.610 0.675 0.637 0.602 0.303 0.527
1.623 1.460 0.994 0.820 1.071 1.250 1.649 1.676 1.703 1.334 0.847 1.402 1.684 1.997 2.189 2.174 2.180 1.923 2.153 1.851 1.625 1.464 1.182 0.841 0.831 1.171 1.064 1.191 0.765 1.053 1.327 -999.000 -999.000 -999.000 -999.000 -999.000 -999.000 -999.000 -999.000 -999.000 -999.000 -999.000 -999.000 -999.000 -999.000 -999.000 -999.000 -999.000 -999.000 -999.000 -999.000 -999.000 -999.000 -999.000 -999.000 -999.000 -999.000 -999.000 -999.000 -999.000 -999.000 -999.000 1.183 1.058 1.036 1.007 0.987 0.826 0.854 0.730 0.476 0.312 0.177
1.702 1.204 0.776 0.971 1.178 1.507 1.738 1.788 1.630 1.448 1.004 1.272 1.570 1.748 1.809 2.119 2.423 2.036 2.371 2.070 1.867 1.496 1.322 0.898 1.178 1.328 1.211 0.894 1.131 1.217 -999.000 -999.000 -999.000 -999.000 -999.000 -999.000 -999.000 -999.000 -999.000 -999.000 -999.000 -999.000 -999.000 -999.000 -999.000 -999.000 -999.000 -999.000 -999.000 -999.000 -999.000 -999.000 -999.000 -999.000 -999.000 -999.000 -999.000 -999.000 -999.000 -999.000 -999.000 -999.000 0.891 1.073 0.853 0.693 0.516 0.657 0.527 0.441 0.329 0.367 0.455
1.557 1.009 0.797 1.246 1.282 1.727 1.806 1.820 1.996 1.751 1.445 1.000 1.483 1.709 2.016 2.155 2.365 2.277 1.911 2.138 1.864 1.555 1.147 1.181 1.339 1.373 1.028 1.045 1.204 1.461 -999.000 -999.000 -999.000 -999.000 -999.000 -999.000 -999.000 -999.000 -999.000 -999.000 -999.000 -999.000 -999.000 -999.000 -999.000 -999.000 -999.000 -999.000 -999.000 -999.000 -999.000 -999.000 -999.000 -999.000 -999.000 -999.000 -999.000 -999.000 -999.000 -999.000 -999.000 -999.000 -999.000 0.654 0.693 0.486 0.417 0.334 0.434 0.457 0.395 0.605 0.801
1.530 0.919 0.947 1.389 1.527 1.917 1.907 2.132 2.186 1.715 1.676 1.176 1.127 1.624 1.869 2.054 2.265 2.364 2.192 2.280 1.882 1.600 1.112 1.474 1.376 1.382 0.957 1.276 1.463 1.504 -999.000 -999.000 -999.000 -999.000 -999.000 -999.000 -999.000 -999.000 -999.000 -999.000 -999.000 -999.000 -999.000 -999.000 -999.000 -999.000 -999.000 -999.000 -999.000 -999.000 -999.000 -999.000 -999.000 -999.000 -999.000 -999.000 -999.000 -999.000 -999.000 -999.000 -999.000 -999.000 -999.000 -999.000 0.342 0.416 0.430 0.393 0.548 0.705 0.655 0.591 0.825
1.330 0.880 1.055 1.585 1.592 2.082 2.011 2.011 2.254 1.845 1.699 1.452 1.114 1.502 1.772 1.849 2.301 2.428 2.141 2.320 1.899 1.722 1.592 1.712 1.429 1.219 1.055 1.356 1.571 1.597 -999.000 -999.000 -999.000 -999.000 -999.000 -999.000 -999.000 -999.000 -999.000 -999.000 -999.000 -999.000 -999.000 -999.000 -999.000 -999.000 -999.000 -999.000 -999.000 -999.000 -999.000 -999.000 -999.000 -999.000 -999.000 -999.000 -999.000 -999.000 -999.000 -999.000 -999.000 -999.000 -999.000 -999.000 0.602 0.629 0.602 0.578 0.688 0.777 0.973 0.974 0.748
1.504 0.872 1.172 1.647 1.820 2.280 2.290 2.398 2.090 2.191 1.972 1.560 1.069 1.452 1.668 2.015 2.147 2.393 2.014 2.285 2.000 1.790 1.823 1.700 1.483 1.091 1.396 1.558 1.653 -999.000 -999.000 -999.000 -999.000 -999.000 -999.000 -999.000 -999.000 -999.000 -999.000 -999.000 -999.000 -999.000 -999.000 -999.000 -999.000 -999.000 -999.000 -999.000 -999.000 -999.000 -999.000 -999.000 -999.000 -999.000 -999.000 -999.000 -999.000 -999.000 -999.000 -999.000 -999.000 -999.000 -999.000 -999.000 -999.000 0.845 0.888 0.829 0.902 0.907 0.749 0.742 0.508
1.472 0.877 1.105 1.709 1.903 2.193 2.329 2.518 2.311 2.308 1.938 1.546 1.133 1.253 1.674 1.912 2.183 2.391 2.217 2.392 2.308 2.001 1.963 1.587 1.582 1.244 1.470 -999.000 -999.000 -999.000 -999.000 -999.000 -999.000 -999.000 -999.000 -999.000 -999.000 -999.000 -999.000 -999.000 -999.000 -999.000 -999.000 -999.000 -999.000 -999.000 -999.000 -999.000 -999.000 -999.000 -999.000 -999.000 -999.000 -999.000 -999.000 -999.000 -999.000 -999.000 -999.000 -999.000 -999.000 -999.000 -999.000 -999.000 -999.000 1.022 1.146 -999.000 1.117 1.045 0.724 0.446 0.309
1.465 0.874 1.301 1.776 2.213 2.313 2.658 2.726 2.384 2.137 1.892 1.573 1.210 1.206 1.586 1.844 2.186 1.953 2.427 2.099 1.908 1.975 1.765 1.722 1.240 1.518 1.587 -999.000 -999.000 -999.000 -999.000 -999.000 -999.000 -999.000 -999.000 -999.000 -999.000 -999.000 -999.000 -999.000 -999.000 -999.000 -999.000 -999.000 -999.000 -999.000 -999.000 -999.000 -999.000 -999.000 -999.000 -999.000 -999.000 -999.000 -999.000 -999.000 -999.000 -999.000 -999.000 -999.000 -999.000 -999.000 -999.000 -999.000 -999.000 -999.000 -999.000 -999.000 -999.000 1.107 0.741 0.302 0.174
1.345 0.921 1.230 1.854 2.209 2.586 2.239 2.508 2.484 2.237 1.977 1.523 1.259 1.089 1.550 1.621 1.944 2.179 2.249 2.375 2.466 2.227 1.917 1.618 1.522 -999.000 -999.000 -999.000 -999.000 -999.000 -999.000 -999.000 -999.000 -999.000 -999.000 -999.000 -999.000 -999.000 -999.000 -999.000 -999.000 -999.000 -999.000 -999.000 -999.000 -999.000 -999.000 -999.000 -999.000 -999.000 -999.000 -999.000 -999.000 -999.000 -999.000 -999.000 -999.000 -999.000 -999.000 -999.000 -999.000 -999.000 -999.000 -999.000 -999.000 -999.000 -999.000 -999.000 -999.000 -999.000 -999.000 0.350 0.132
1.027 1.047 1.503 1.804 2.175 2.425 2.937 2.485 2.403 2.028 1.767 1.276 1.269 1.180 1.541 1.691 1.957 2.071 2.144 2.201 2.010 2.148 -999.000 -999.000 -999.000 -999.000 -999.000 -999.000 -999.000 -999.000 -999.000 -999.000 -999.000 -999.000 -999.000 -999.000 -999.000 -999.000 -999.000 -999.000 -999.000 -999.000 -999.000 -999.000 -999.000 -999.000 -999.000 -999.000 -999.000 -999.000 -999.000 -999.000 -999.000 -999.000 -999.000 -999.000 -999.000 -999.000 -999.000 -999.000 -999.000 -999.000 -999.000 -999.000 -999.000 -999.000 -999.000 -999.000 -999.000 -999.000 -999.000 -999.000 -999.000
1.070 1.124 1.534 1.907 2.210 2.629 2.389 2.385 2.569 2.152 1.807 1.668 1.598 1.477 1.145 1.558 1.823 2.046 2.179 2.260 2.236 -999.000 -999.000 -999.000 -999.000 -999.000 -999.000 -999.000 -999.000 -999.000 -999.000 -999.000 -999.000 -999.000 -999.000 -999.000 -999.000 -999.000 -999.000 -999.000 -999.000 -999.000 -999.000 -999.000 -999.000 -999.000 -999.000 -999.000 -999.000 -999.000 -999.000 -999.000 -999.000 -999.000 -999.000 -999.000 -999.000 -999.000 -999.000 -999.000 -999.000 -999.000 -999.000 -999.000 -999.000 -999.000 -999.000 -999.000 -999.000 -999.000 -999.000 -999.000 -999.000
