Source/meteoio/tests/2D_interpolations/2009-01-19T12.00.00_TA_ref.asc
ncols               386
nrows               229
xllcorner    479500.000
yllcorner     73500.000
cellsize       1000.000
NODATA_value -999
[rows 116 to 144 of 229, columns 198 to 263 of 386]
270.354 267.018 267.039 270.742 273.747 269.659 266.884 265.269 264.661 267.730 275.060 276.637 280.712 284.537 287.372 285.736 279.818 274.883 266.482 268.020 267.850 265.988 272.899 274.899 270.459 262.816 264.479 265.802 264.396 261.061 263.341 262.801 260.408 262.499 261.110 253.938 261.885 268.368 268.156 260.544 263.181 266.115 264.639 264.937 266.569 267.186 268.678 272.126 273.237 276.107 277.156 272.214 269.561 270.216 275.257 271.704 274.052 276.637 276.748 276.246 278.823 281.190 280.158 280.761 282.250 284.292
273.927 267.300 270.324 275.271 270.517 263.646 261.989 271.692 273.280 276.015 279.725 281.325 279.572 278.830 282.717 287.222 284.595 280.523 276.736 270.041 267.943 260.457 263.123 262.118 259.413 263.522 267.569 273.040 268.619 264.984 263.833 260.472 263.131 265.316 261.742 255.670 260.536 264.687 256.220 256.823 260.417 263.718 269.758 271.645 273.450 269.943 266.969 269.831 274.814 275.426 279.487 274.638 272.922 274.186 275.479 273.219 272.781 277.989 279.386 279.123 281.152 281.915 282.895 282.984 285.534 281.678
275.826 272.445 274.619 276.689 265.823 259.156 267.968 273.429 271.841 271.355 271.470 274.410 270.672 275.092 279.873 286.310 286.343 280.705 272.296 265.751 263.958 263.517 266.328 267.389 268.591 268.505 274.224 269.683 263.486 261.436 262.374 266.236 264.814 268.177 260.876 256.515 255.858 262.273 256.724 262.515 266.043 268.732 267.779 267.902 272.086 275.122 269.205 271.039 274.556 274.574 278.223 278.412 276.429 278.529 276.699 276.203 276.264 277.327 283.161 282.489 282.699 284.075 284.838 283.986 285.011 282.480
280.265 279.725 278.594 274.468 267.803 263.512 263.958 266.981 269.166 268.681 267.454 266.163 266.812 271.007 278.221 283.756 286.699 281.044 273.239 264.888 265.558 266.617 269.138 270.497 272.147 275.257 273.372 265.554 257.414 262.424 257.723 267.240 267.909 268.901 263.058 262.145 260.731 265.133 264.991 257.972 261.306 262.942 264.445 265.755 268.000 274.719 273.551 273.335 275.525 277.419 279.123 281.452 281.456 280.986 280.442 280.164 279.929 280.758 283.910 284.924 285.153 285.165 282.934 282.593 281.617 276.699
274.255 275.658 268.682 265.836 262.658 260.569 262.096 261.729 260.290 262.094 266.344 269.381 273.042 269.962 272.221 278.713 286.652 281.859 274.354 271.405 273.129 272.382 272.332 276.489 277.938 275.452 271.079 265.344 261.508 266.932 262.339 265.610 271.458 268.323 264.265 265.773 259.140 263.078 266.686 264.669 264.168 264.895 268.364 269.101 272.918 275.023 277.383 276.550 277.613 280.287 281.141 282.543 284.337 284.537 284.607 284.628 284.510 284.877 284.922 284.513 283.062 278.979 279.199 277.437 279.432 276.394
267.259 267.705 265.465 261.947 262.551 262.586 260.121 267.103 265.373 263.969 265.273 265.127 271.962 275.482 277.120 281.601 286.209 283.232 279.302 278.057 278.100 276.428 279.377 278.142 273.099 269.350 269.122 266.181 263.107 265.528 270.164 266.185 271.107 267.639 264.136 261.274 263.378 263.808 268.255 270.983 269.012 270.257 271.896 273.687 277.333 278.761 278.316 277.602 278.111 281.732 284.255 281.913 279.767 280.207 280.635 281.702 283.049 284.746 283.743 282.478 277.027 275.065 274.229 274.068 276.968 274.515
263.345 261.980 263.204 267.773 267.383 266.662 261.347 267.424 269.176 262.890 267.629 271.999 273.019 276.644 280.448 284.215 285.059 280.036 279.766 282.240 279.741 278.718 274.694 271.371 266.778 261.006 267.935 263.702 263.224 263.749 266.956 272.082 274.909 270.429 265.106 265.385 266.977 268.793 267.124 271.579 275.406 273.987 275.884 277.702 278.135 280.707 282.007 282.761 283.553 283.270 279.022 278.439 278.128 277.054 276.297 277.274 280.421 282.837 283.315 277.838 274.168 271.456 269.650 270.877 273.597 273.109
268.245 265.204 268.346 271.223 270.375 263.743 264.677 266.815 273.192 270.713 267.904 271.062 272.344 277.837 284.832 283.553 278.534 273.395 272.599 279.962 274.303 271.209 268.620 265.460 262.961 264.548 268.281 261.256 262.044 266.853 267.035 267.330 269.315 275.660 268.560 267.443 269.173 271.574 275.179 275.654 280.372 280.363 279.851 280.607 282.597 283.274 281.447 279.636 279.111 278.300 277.123 276.659 275.405 273.917 273.818 275.920 277.987 280.640 284.294 278.438 276.946 274.934 271.836 266.645 266.172 268.851
269.110 271.585 270.442 268.842 273.060 269.485 267.344 266.207 269.468 272.171 274.262 268.878 276.065 280.388 285.116 278.569 273.798 266.135 268.217 275.856 274.473 271.242 267.920 262.466 257.144 262.880 266.432 261.783 265.265 264.239 262.119 264.733 266.728 274.791 270.172 269.562 273.833 275.112 279.530 280.509 282.540 282.881 282.775 282.313 279.843 277.560 277.461 277.733 277.057 276.877 273.708 274.359 272.230 270.982 272.267 274.553 277.040 279.485 284.011 281.444 280.890 277.210 274.730 268.135 264.169 267.134
270.950 271.713 272.597 274.556 275.947 273.667 273.204 270.345 268.458 267.248 274.117 274.188 276.869 282.090 281.368 275.304 266.901 258.229 267.569 272.500 274.811 264.728 259.454 263.589 258.899 261.521 262.214 261.420 262.311 265.545 264.481 267.712 267.547 275.017 274.451 273.848 276.426 278.845 281.586 282.568 280.546 279.128 279.255 276.772 275.266 272.785 273.883 275.238 273.778 274.648 272.321 270.767 270.962 272.556 274.831 276.927 278.389 282.407 280.642 277.894 276.805 274.525 271.655 266.123 264.760 268.032
272.245 265.749 266.944 268.963 270.539 275.427 277.501 276.167 274.570 269.688 269.400 276.688 281.111 282.708 274.296 275.987 269.037 263.093 265.084 269.529 273.360 267.052 263.203 266.335 263.132 261.173 263.172 265.726 266.925 266.289 269.700 270.212 274.055 276.981 276.943 280.191 280.881 282.166 282.229 278.661 274.712 274.764 276.764 272.814 271.802 269.841 271.537 272.966 270.575 272.483 272.713 269.839 272.675 274.333 277.172 278.816 280.778 282.869 279.486 276.100 270.902 271.492 269.111 262.292 267.978 273.139
268.379 265.399 259.414 262.556 265.905 266.452 270.072 276.420 279.034 277.803 272.500 277.190 283.662 275.084 270.519 272.362 268.445 265.103 265.418 267.494 268.999 267.907 264.016 268.026 260.170 262.409 265.957 269.377 268.295 270.697 271.477 273.789 277.753 280.517 280.667 279.482 279.763 279.573 279.736 275.022 270.829 272.437 273.792 270.492 267.729 267.861 271.174 271.922 268.948 269.347 269.209 271.551 274.469 276.106 278.860 279.248 283.186 281.225 278.566 276.255 276.381 272.362 269.168 266.484 268.799 272.897
259.993 264.464 260.728 260.119 261.864 265.995 271.131 270.179 271.241 276.483 280.722 281.587 279.853 272.235 270.143 273.499 265.258 264.006 263.454 265.662 265.652 264.246 264.434 269.053 261.525 264.590 266.773 269.485 274.215 276.113 276.801 279.294 280.603 276.995 276.098 275.341 275.684 273.767 279.664 273.290 270.782 268.578 269.400 268.315 265.035 266.964 270.883 267.689 270.162 268.669 269.542 271.931 274.442 277.498 279.550 281.958 281.655 277.988 276.109 277.228 273.649 271.241 270.064 265.428 269.088 272.979
260.361 266.345 263.634 257.965 263.714 266.426 266.288 264.124 265.399 270.040 277.452 282.012 277.083 269.242 267.698 272.838 268.894 264.686 258.260 260.792 263.599 267.564 264.946 270.499 266.588 266.439 270.863 272.571 275.725 277.509 278.777 279.967 276.116 273.038 271.754 271.636 269.702 271.770 278.479 273.296 271.319 266.490 265.845 264.893 264.289 265.250 269.244 266.446 268.002 268.813 270.953 273.161 275.765 278.273 281.632 281.739 279.697 275.887 270.888 276.845 274.327 272.323 268.947 266.090 269.619 273.481
258.708 265.017 268.321 264.765 259.453 260.329 262.730 266.583 270.093 275.098 279.082 279.153 271.211 265.824 264.594 270.261 264.730 260.806 261.446 263.663 263.416 269.740 267.316 271.145 272.012 271.663 270.547 271.241 276.690 277.801 277.689 274.560 269.570 267.677 265.625 268.054 270.587 274.662 276.996 276.989 269.486 263.403 263.785 262.379 264.026 265.750 269.696 265.427 266.816 268.853 271.827 274.809 276.376 280.721 279.493 282.074 277.524 272.147 269.359 272.806 276.125 272.522 268.167 267.541 272.389 275.917
260.171 264.249 267.692 271.020 265.259 260.403 263.272 267.080 267.598 271.461 279.283 277.886 271.185 264.360 263.715 268.351 264.136 263.301 258.627 268.077 265.365 269.326 271.639 273.995 275.095 275.427 275.214 275.845 276.585 277.370 274.912 273.359 273.858 270.373 265.617 267.348 269.352 273.581 272.875 277.926 272.761 268.698 263.598 262.550 265.456 265.775 266.319 268.177 269.479 270.430 274.075 277.659 278.769 279.108 273.851 280.966 276.699 270.808 266.270 268.329 272.196 270.519 265.710 269.161 273.275 277.989
260.909 261.026 264.058 267.950 272.597 266.303 267.382 269.443 271.426 272.305 277.838 275.558 268.907 267.148 260.566 263.031 263.706 263.982 264.235 266.501 270.915 271.987 274.783 275.854 274.976 276.144 275.488 275.255 274.837 273.433 277.225 275.277 273.528 269.429 261.158 264.307 267.674 270.047 269.503 273.028 276.986 271.243 267.545 263.823 264.907 266.661 270.259 272.547 274.316 275.439 278.363 277.950 275.988 273.209 270.844 279.355 276.616 272.936 272.312 266.757 270.619 267.803 268.136 271.324 274.830 273.564
264.960 261.386 262.222 267.143 269.468 273.590 270.265 275.180 277.898 279.538 279.812 275.232 270.066 265.191 264.253 265.107 267.114 266.917 269.178 267.486 270.341 272.748 274.143 270.531 271.275 272.191 270.856 271.296 271.297 272.469 275.970 273.178 273.764 267.189 264.217 264.014 266.528 264.511 265.110 269.291 275.927 273.305 267.576 263.868 267.198 268.117 265.614 268.718 272.714 275.535 278.407 272.926 271.722 268.727 272.097 277.157 280.496 274.312 270.419 265.787 263.127 265.718 270.025 272.981 276.993 270.393
271.310 265.892 266.655 267.822 270.657 272.765 277.549 276.642 274.882 272.123 276.222 271.006 266.959 266.685 268.792 268.881 266.836 268.274 267.553 271.931 274.032 270.386 269.158 266.255 272.778 268.808 268.040 267.820 266.721 271.712 276.211 271.345 268.958 271.224 262.244 261.501 262.224 265.318 268.793 269.995 274.580 274.181 265.507 262.142 265.228 267.333 269.668 269.340 273.675 277.493 272.387 272.831 264.501 267.493 269.789 273.365 277.855 270.157 267.241 265.654 264.009 266.800 270.551 274.521 270.721 269.182
268.297 273.211 272.324 272.139 275.427 275.010 271.064 269.727 268.109 270.869 276.805 270.401 268.582 270.476 268.273 264.078 263.777 270.205 272.178 273.025 268.537 265.230 264.492 267.279 272.402 265.955 266.047 265.473 265.328 269.228 275.808 270.731 265.405 269.801 265.020 264.403 267.293 268.292 267.753 266.188 268.450 271.567 268.411 262.809 266.490 268.982 272.604 272.427 275.466 273.719 267.130 269.301 267.242 264.868 267.231 272.948 277.283 270.438 271.200 269.274 263.762 266.798 270.844 274.032 270.534 262.990
268.545 271.206 270.739 270.720 268.239 266.709 264.473 264.178 268.107 272.744 276.357 274.306 272.845 269.128 265.834 260.757 263.547 267.753 267.078 268.289 267.176 261.521 263.990 268.860 268.181 263.972 265.214 262.455 267.009 272.130 274.892 271.229 269.909 268.023 265.350 259.650 264.906 264.670 261.003 260.442 261.061 265.173 268.279 266.237 265.921 267.509 271.998 271.740 273.700 270.219 268.924 263.011 265.292 262.692 268.710 274.187 278.571 267.979 267.466 264.910 263.908 267.294 270.900 273.978 269.912 259.549
268.787 264.236 266.091 263.061 260.974 263.729 264.252 268.151 270.471 276.092 276.283 274.623 275.088 273.456 267.253 263.973 263.825 266.397 263.291 266.514 267.521 263.139 264.687 268.282 267.746 263.999 261.479 266.063 270.234 274.379 270.308 267.514 263.967 262.317 262.259 259.020 261.322 263.248 260.768 261.459 259.768 263.833 266.844 265.565 266.253 268.640 267.715 267.937 274.264 271.028 266.069 259.830 263.604 266.159 269.985 275.268 277.647 272.582 266.609 261.445 264.632 267.547 270.828 273.772 266.736 259.206
261.331 261.217 263.398 262.130 263.738 268.478 270.359 271.893 275.291 275.771 272.903 268.959 268.308 270.354 273.411 266.234 260.320 263.214 267.495 266.043 269.057 260.671 262.776 269.210 264.810 261.586 262.818 266.926 273.062 268.616 271.329 263.420 261.430 260.000 260.092 258.024 262.989 262.995 263.498 264.554 265.931 267.023 267.063 265.559 264.517 267.856 269.712 268.450 274.212 266.947 263.667 261.221 266.459 269.124 273.385 278.027 275.615 269.482 268.595 266.396 265.419 267.760 270.592 273.318 269.473 262.527
263.662 266.373 266.816 267.226 269.235 271.452 275.422 275.896 273.613 274.091 268.745 264.854 263.869 266.439 270.378 270.093 265.462 263.357 265.566 263.390 268.671 261.865 264.173 268.083 262.741 260.082 262.868 267.187 272.151 265.568 273.413 266.252 260.630 258.537 258.322 261.404 267.894 267.448 264.900 263.775 264.539 266.737 266.149 263.474 262.380 263.615 267.045 272.279 269.461 265.365 262.172 265.475 268.187 271.771 276.428 275.433 275.043 269.129 265.915 267.610 264.758 267.210 268.877 271.920 270.215 264.710
266.095 264.885 267.687 272.162 275.009 275.783 273.867 269.867 271.714 271.873 265.265 263.872 259.457 262.348 264.963 269.738 266.632 262.344 265.220 261.048 268.025 261.432 264.144 264.839 259.694 262.068 267.601 270.470 269.522 264.274 270.277 270.086 264.661 263.196 262.982 261.429 266.482 270.729 263.141 263.864 265.140 266.351 267.154 265.043 260.170 264.582 267.615 268.738 265.619 263.282 262.736 265.597 269.663 274.726 273.214 270.500 272.118 272.381 264.634 265.187 263.949 266.582 269.229 271.735 267.087 263.688
268.998 267.767 270.775 274.853 274.114 270.229 268.491 267.013 272.888 270.852 264.815 261.407 260.785 264.835 265.244 267.931 267.456 265.281 263.083 259.686 266.523 261.162 264.872 261.621 263.618 264.344 268.528 270.645 266.959 263.254 265.500 271.278 268.464 267.228 264.844 261.077 268.317 273.847 268.708 267.383 266.459 268.486 270.272 266.266 263.638 260.023 264.056 266.695 263.227 260.798 264.249 268.570 274.279 271.425 268.526 267.340 269.736 273.866 264.513 264.935 265.088 268.752 268.105 264.142 261.341 261.726
271.753 272.768 271.972 274.763 270.068 267.274 264.842 266.490 272.355 265.103 268.393 265.442 261.157 264.326 267.072 267.982 266.087 263.742 262.080 258.902 265.430 258.894 264.583 263.808 267.814 268.520 270.111 267.054 262.894 259.426 267.090 264.728 265.002 265.658 263.022 264.412 269.689 275.974 269.334 269.065 270.356 272.337 270.109 268.820 263.747 260.727 261.042 263.154 260.164 263.838 269.520 272.340 270.007 267.013 264.229 265.924 268.733 272.006 270.073 262.656 261.989 264.154 265.217 266.883 266.687 265.820
267.005 267.478 269.303 273.552 267.050 264.086 266.456 268.095 270.701 265.140 262.738 263.624 260.296 260.800 264.552 266.101 262.227 265.318 262.553 261.945 262.480 260.134 261.949 261.062 263.597 268.082 270.449 264.989 261.670 258.876 263.613 261.785 262.183 265.407 268.302 265.805 270.164 277.361 274.702 269.656 272.568 273.728 267.452 265.254 258.953 265.644 264.246 270.224 270.052 267.230 270.849 267.900 268.845 263.747 262.494 266.224 271.970 268.150 266.077 263.167 263.983 264.209 264.104 265.190 266.937 270.422
264.230 266.342 271.583 270.966 266.839 263.870 266.125 268.555 270.022 265.928 264.017 266.296 265.031 262.833 263.757 262.705 267.042 269.479 262.989 265.148 264.706 266.205 266.258 266.214 267.406 270.034 270.234 267.766 263.198 259.117 261.243 263.183 266.252 269.946 272.977 272.865 274.084 278.286 275.332 274.348 273.849 270.235 268.318 262.571 260.752 265.606 269.634 267.645 268.727 271.586 267.057 264.479 265.143 261.900 266.096 269.715 268.188 265.770 263.277 264.929 267.821 268.177 267.354 266.007 269.872 270.238
