Source/meteoio/tests/2D_interpolations/2009-01-19T12.00.00_RH_ref.asc
ncols               386
nrows               229
xllcorner    479500.000
yllcorner     73500.000
cellsize       1000.000
NODATA_value -999
[rows 165 to 197 of 229, columns 73 to 145 of 386]
0.780 0.780 0.778 0.777 0.776 0.775 0.774 0.773 0.771 0.776 0.782 0.780 0.780 0.779 0.785 0.783 0.774 0.772 0.775 0.769 0.764 0.765 0.768 0.765 0.767 0.770 0.762 0.760 0.757 0.754 0.750 0.752 0.747 0.742 0.739 0.740 0.743 0.745 0.743 0.740 0.741 0.739 0.746 0.746 0.740 0.738 0.739 0.742 0.740 0.741 0.744 0.742 0.740 0.740 0.739 0.739 0.740 0.739 0.738 0.736 0.726 0.716 0.715 0.716 0.718 0.721 0.724 0.721 0.717 0.714 0.709 0.702 0.702
0.792 0.788 0.784 0.780 0.779 0.778 0.777 0.775 0.775 0.784 0.786 0.786 0.786 0.791 0.791 0.780 0.776 0.771 0.769 0.767 0.766 0.769 0.773 0.769 0.766 0.764 0.765 0.762 0.760 0.756 0.754 0.750 0.745 0.742 0.742 0.740 0.746 0.755 0.748 0.740 0.745 0.746 0.747 0.745 0.749 0.744 0.741 0.740 0.742 0.744 0.741 0.742 0.741 0.741 0.741 0.736 0.734 0.735 0.733 0.731 0.723 0.716 0.715 0.719 0.722 0.725 0.720 0.717 0.717 0.712 0.709 0.702 0.703
0.806 0.805 0.795 0.785 0.782 0.781 0.780 0.778 0.779 0.786 0.790 0.790 0.786 0.790 0.788 0.781 0.776 0.771 0.769 0.766 0.766 0.766 0.765 0.764 0.761 0.761 0.760 0.757 0.758 0.759 0.753 0.748 0.745 0.747 0.750 0.747 0.746 0.751 0.749 0.744 0.745 0.750 0.752 0.750 0.747 0.742 0.742 0.745 0.741 0.740 0.739 0.741 0.742 0.736 0.732 0.732 0.734 0.733 0.731 0.723 0.718 0.714 0.718 0.721 0.722 0.721 0.717 0.717 0.717 0.716 0.709 0.702 0.703
0.813 0.803 0.795 0.791 0.785 0.784 0.783 0.781 0.779 0.781 0.788 0.785 0.784 0.790 0.788 0.780 0.774 0.769 0.766 0.766 0.764 0.762 0.761 0.760 0.758 0.757 0.757 0.757 0.756 0.754 0.751 0.749 0.748 0.756 0.755 0.755 0.748 0.755 0.752 0.747 0.751 0.757 0.755 0.749 0.743 0.736 0.734 0.739 0.739 0.739 0.737 0.738 0.736 0.738 0.728 0.729 0.731 0.730 0.731 0.725 0.716 0.715 0.716 0.719 0.719 0.719 0.715 0.716 0.717 0.715 0.709 0.703 0.702
0.810 0.808 0.810 0.803 0.795 0.787 0.786 0.784 0.782 0.782 0.786 0.784 0.788 0.793 0.787 0.780 0.775 0.772 0.774 0.771 0.770 0.768 0.765 0.763 0.761 0.757 0.755 0.755 0.754 0.756 0.757 0.758 0.754 0.755 0.757 0.752 0.750 0.759 0.755 0.758 0.754 0.757 0.752 0.746 0.749 0.744 0.734 0.733 0.733 0.734 0.732 0.737 0.731 0.732 0.730 0.724 0.726 0.726 0.727 0.721 0.716 0.713 0.715 0.715 0.717 0.718 0.713 0.716 0.715 0.712 0.707 0.702 0.701
0.818 0.811 0.805 0.802 0.794 0.791 0.789 0.787 0.786 0.784 0.785 0.785 0.792 0.789 0.785 0.781 0.773 0.774 0.778 0.776 0.777 0.775 0.775 0.770 0.766 0.760 0.757 0.761 0.763 0.763 0.766 0.766 0.756 0.762 0.760 0.754 0.752 0.755 0.756 0.753 0.750 0.753 0.750 0.747 0.744 0.738 0.737 0.730 0.731 0.731 0.735 0.733 0.731 0.729 0.726 0.724 0.723 0.723 0.722 0.722 0.718 0.711 0.712 0.715 0.715 0.714 0.712 0.712 0.711 0.709 0.706 0.699 0.703
0.817 0.818 0.811 0.807 0.801 0.794 0.793 0.791 0.789 0.787 0.785 0.785 0.789 0.787 0.783 0.775 0.780 0.778 0.789 0.784 0.780 0.777 0.775 0.771 0.767 0.764 0.760 0.763 0.768 0.772 0.774 0.767 0.766 0.763 0.757 0.755 0.754 0.755 0.756 0.754 0.750 0.751 0.751 0.750 0.746 0.742 0.736 0.732 0.727 0.733 0.734 0.730 0.728 0.725 0.722 0.721 0.718 0.719 0.717 0.717 0.715 0.711 0.711 0.712 0.712 0.710 0.708 0.709 0.708 0.707 0.704 0.698 0.703
0.825 0.825 0.822 0.816 0.810 0.799 0.796 0.794 0.792 0.790 0.788 0.785 0.786 0.783 0.782 0.783 0.786 0.788 0.789 0.785 0.784 0.779 0.776 0.772 0.771 0.768 0.764 0.760 0.769 0.774 0.775 0.771 0.766 0.762 0.759 0.755 0.752 0.751 0.753 0.750 0.747 0.750 0.746 0.746 0.743 0.738 0.736 0.730 0.727 0.732 0.730 0.728 0.724 0.721 0.718 0.717 0.716 0.714 0.714 0.713 0.711 0.709 0.709 0.709 0.709 0.709 0.708 0.706 0.704 0.704 0.701 0.700 0.699
0.834 0.827 0.822 0.819 0.812 0.805 0.800 0.798 0.796 0.793 0.790 0.788 0.787 0.789 0.787 0.788 0.792 0.789 0.784 0.785 0.781 0.777 0.774 0.773 0.773 0.772 0.776 0.774 0.777 0.780 0.776 0.772 0.767 0.763 0.759 0.756 0.749 0.745 0.748 0.746 0.745 0.748 0.740 0.745 0.739 0.735 0.731 0.727 0.727 0.729 0.728 0.725 0.723 0.720 0.718 0.715 0.714 0.712 0.711 0.711 0.709 0.708 0.707 0.706 0.707 0.706 0.704 0.702 0.701 0.700 0.699 0.698 0.697
-999.000 0.837 0.833 0.828 0.818 0.813 0.804 0.802 0.799 0.796 0.794 0.791 0.789 0.788 0.788 0.793 0.790 0.785 0.784 0.783 0.779 0.778 0.778 0.776 0.779 0.785 0.784 0.787 0.788 0.778 0.762 0.764 0.763 0.761 0.758 0.759 0.752 0.745 0.743 0.743 0.750 0.748 0.739 0.741 0.736 0.732 0.728 0.726 0.728 0.728 0.726 0.724 0.720 0.718 0.716 0.714 0.713 0.712 0.711 0.710 0.709 0.709 0.708 0.707 0.705 0.704 0.703 0.702 0.701 0.700 0.700 0.699 0.699
-999.000 -999.000 -999.000 0.840 0.829 0.826 0.810 0.806 0.803 0.800 0.797 0.794 0.791 0.788 0.790 0.792 0.787 0.785 0.785 0.782 0.782 0.782 0.783 0.782 0.773 0.772 0.773 0.773 0.772 0.765 0.761 0.756 0.753 0.754 0.759 0.758 0.753 0.748 0.742 0.741 0.750 0.744 0.738 0.739 0.734 0.731 0.727 0.727 0.728 0.727 0.725 0.723 0.720 0.717 0.715 0.714 0.713 0.712 0.711 0.711 0.711 0.710 0.709 0.707 0.706 0.705 0.704 0.705 0.704 0.704 0.703 0.703 0.703
-999.000 -999.000 -999.000 0.849 0.838 0.834 0.818 0.810 0.807 0.803 0.800 0.797 0.793 0.790 0.790 0.790 0.785 0.785 0.784 0.783 0.780 0.779 0.776 0.773 0.772 0.778 0.774 0.773 0.770 0.763 0.758 0.754 0.755 0.763 0.762 0.756 0.753 0.746 0.742 0.740 0.745 0.742 0.736 0.735 0.732 0.729 0.726 0.726 0.727 0.725 0.723 0.721 0.718 0.716 0.715 0.714 0.713 0.716 0.716 0.717 0.720 0.713 0.711 0.713 0.708 0.708 0.708 0.706 0.704 0.707 0.707 0.707 0.705
-999.000 -999.000 -999.000 0.852 0.845 0.843 0.828 0.816 0.811 0.807 0.803 0.799 0.796 0.793 0.790 0.787 0.789 0.789 0.787 0.780 0.780 0.781 0.780 0.781 0.786 0.779 0.776 0.775 0.774 0.765 0.759 0.755 0.755 0.761 0.761 0.755 0.749 0.743 0.740 0.741 0.742 0.737 0.733 0.733 0.731 0.728 0.725 0.728 0.725 0.722 0.721 0.719 0.717 0.716 0.715 0.715 0.717 0.720 0.722 0.722 0.716 0.716 0.715 0.717 0.714 0.713 0.713 0.708 0.707 0.712 0.714 0.711 0.707
-999.000 -999.000 -999.000 0.858 0.854 0.854 0.841 0.826 0.820 0.810 0.806 0.802 0.799 0.795 0.792 0.789 0.786 0.786 0.782 0.784 0.788 0.787 0.785 0.786 0.779 0.781 0.781 0.782 0.774 0.765 0.769 0.758 0.751 0.759 0.759 0.753 0.746 0.742 0.737 0.742 0.739 0.735 0.733 0.731 0.729 0.726 0.726 0.726 0.723 0.720 0.719 0.718 0.717 0.716 0.718 0.717 0.716 0.718 0.717 0.721 0.725 0.724 0.718 0.724 0.717 0.720 0.716 0.711 0.707 0.712 0.717 0.714 0.709
-999.000 -999.000 0.871 0.869 0.869 0.861 0.849 0.836 0.824 0.814 0.809 0.805 0.801 0.797 0.795 0.792 0.788 0.791 0.788 0.783 0.781 0.780 0.783 0.779 0.783 0.792 0.790 0.779 0.771 0.772 0.774 0.758 0.751 0.759 0.757 0.749 0.744 0.740 0.740 0.738 0.736 0.734 0.731 0.730 0.729 0.725 0.725 0.723 0.721 0.721 0.719 0.719 0.718 0.719 0.722 0.720 0.715 0.716 0.718 0.723 0.726 0.726 0.723 0.723 0.721 0.723 0.720 0.714 0.709 0.712 0.718 0.716 0.712
-999.000 0.875 0.873 0.873 0.867 0.863 0.856 0.839 0.827 0.818 0.812 0.808 0.803 0.799 0.795 0.791 0.792 0.796 0.795 0.791 0.787 0.786 0.783 0.786 0.790 0.793 0.786 0.779 0.777 0.780 0.770 0.760 0.752 0.753 0.752 0.748 0.743 0.738 0.738 0.736 0.735 0.733 0.731 0.729 0.726 0.725 0.724 0.723 0.722 0.721 0.722 0.722 0.723 0.723 0.724 0.720 0.720 0.714 0.719 0.721 0.723 0.726 0.725 0.726 0.725 0.722 0.719 0.714 0.709 0.715 0.716 0.718 0.713
0.887 0.884 0.875 0.870 0.867 0.859 0.856 0.841 0.829 0.825 0.818 0.814 0.805 0.801 0.797 0.794 0.792 0.797 0.799 0.797 0.797 0.786 0.792 0.799 0.795 0.790 0.786 0.785 0.788 0.783 0.776 0.764 0.754 0.749 0.748 0.744 0.741 0.738 0.738 0.735 0.734 0.731 0.729 0.728 0.727 0.725 0.725 0.726 0.725 0.726 0.726 0.726 0.724 0.728 0.727 0.722 0.723 0.716 0.717 0.721 0.724 0.728 0.727 0.728 0.727 0.723 0.722 0.719 0.711 0.715 0.721 0.717 0.714
0.897 0.887 0.892 0.888 0.881 0.869 0.853 0.840 0.837 0.835 0.827 0.824 0.809 0.803 0.800 0.796 0.795 0.804 0.803 0.804 0.799 0.787 0.796 0.797 0.793 0.786 0.781 0.779 0.772 0.775 0.774 0.760 0.753 0.748 0.745 0.742 0.739 0.737 0.736 0.736 0.732 0.731 0.729 0.728 0.727 0.727 0.730 0.730 0.729 0.729 0.731 0.730 0.724 0.729 0.732 0.728 0.722 0.718 0.717 0.722 0.724 0.725 0.725 0.726 0.727 0.727 0.724 0.718 0.711 0.715 0.720 0.721 0.716
0.903 0.903 0.906 0.893 0.881 0.867 0.851 0.849 0.846 0.847 0.836 0.826 0.815 0.808 0.799 0.796 0.804 0.807 0.807 0.814 0.798 0.790 0.799 0.798 0.790 0.789 0.776 0.771 0.765 0.760 0.759 0.760 0.751 0.748 0.742 0.741 0.739 0.737 0.736 0.734 0.732 0.731 0.730 0.729 0.730 0.727 0.731 0.734 0.733 0.732 0.735 0.734 0.728 0.728 0.733 0.731 0.725 0.720 0.717 0.720 0.721 0.722 0.725 0.725 0.726 0.724 0.722 0.717 0.712 0.715 0.717 0.719 0.721
0.914 0.918 0.911 0.897 0.887 0.868 0.856 0.854 0.858 0.854 0.846 0.829 0.817 0.805 0.800 0.801 0.805 0.804 0.813 0.817 0.803 0.806 0.803 0.797 0.784 0.783 0.776 0.767 0.761 0.757 0.755 0.758 0.751 0.745 0.743 0.741 0.739 0.737 0.736 0.734 0.734 0.734 0.734 0.733 0.731 0.727 0.731 0.733 0.735 0.737 0.737 0.737 0.731 0.731 0.736 0.732 0.726 0.722 0.717 0.718 0.721 0.721 0.723 0.724 0.726 0.723 0.720 0.717 0.713 0.717 0.719 0.721 0.719
0.930 0.933 0.919 0.903 0.884 0.867 0.864 0.862 0.862 0.858 0.845 0.830 0.820 0.806 0.801 0.799 0.805 0.811 0.817 0.817 0.810 0.806 0.802 0.796 0.787 0.777 0.771 0.768 0.763 0.759 0.753 0.750 0.747 0.745 0.743 0.741 0.739 0.738 0.738 0.738 0.738 0.738 0.738 0.736 0.733 0.728 0.731 0.733 0.735 0.737 0.739 0.740 0.737 0.734 0.738 0.733 0.730 0.724 0.718 0.718 0.721 0.727 0.725 0.729 0.730 0.725 0.721 0.714 0.717 0.718 0.720 0.722 0.721
0.938 0.935 0.921 0.903 0.882 0.867 0.869 0.862 0.869 0.860 0.840 0.835 0.831 0.812 0.802 0.797 0.802 0.805 0.812 0.821 0.815 0.808 0.799 0.794 0.789 0.780 0.771 0.767 0.761 0.760 0.752 0.750 0.747 0.745 0.743 0.743 0.743 0.743 0.739 0.742 0.742 0.742 0.742 0.740 0.735 0.728 0.731 0.733 0.733 0.733 0.737 0.741 0.737 0.736 0.737 0.737 0.732 0.725 0.720 0.718 0.723 0.727 0.726 0.726 0.729 0.726 0.721 0.714 0.719 0.721 0.724 0.722 0.717
0.923 0.916 0.907 0.895 0.878 0.871 0.878 0.875 0.864 0.867 0.849 0.850 0.832 0.819 0.804 0.798 0.796 0.801 0.803 0.809 0.810 0.807 0.805 0.795 0.787 0.783 0.773 0.763 0.758 0.754 0.752 0.750 0.747 0.745 0.747 0.749 0.748 0.744 0.741 0.742 0.746 0.747 0.746 0.742 0.736 0.729 0.730 0.732 0.734 0.736 0.739 0.742 0.737 0.739 0.738 0.734 0.731 0.726 0.721 0.718 0.721 0.726 0.728 0.727 0.731 0.725 0.720 0.715 0.720 0.722 0.726 0.720 0.719
0.914 0.919 0.900 0.882 0.875 0.879 0.873 0.880 0.880 0.882 0.860 0.845 0.825 0.815 0.808 0.797 0.794 0.800 0.810 0.808 0.807 0.805 0.808 0.793 0.782 0.784 0.771 0.762 0.756 0.754 0.752 0.749 0.748 0.752 0.753 0.753 0.751 0.749 0.743 0.745 0.743 0.748 0.748 0.743 0.736 0.731 0.728 0.733 0.735 0.739 0.741 0.743 0.740 0.741 0.739 0.736 0.731 0.724 0.721 0.719 0.719 0.722 0.724 0.727 0.729 0.727 0.722 0.719 0.720 0.724 0.727 0.723 0.723
0.907 0.899 0.887 0.879 0.881 0.884 0.884 0.886 0.895 0.883 0.853 0.835 0.828 0.827 0.809 0.797 0.793 0.797 0.807 0.813 0.806 0.799 0.797 0.783 0.777 0.773 0.763 0.758 0.756 0.754 0.752 0.751 0.755 0.759 0.758 0.757 0.756 0.750 0.745 0.749 0.750 0.750 0.749 0.742 0.734 0.733 0.731 0.730 0.733 0.734 0.740 0.743 0.743 0.744 0.739 0.735 0.730 0.723 0.727 0.724 0.719 0.722 0.726 0.725 0.729 0.731 0.723 0.719 0.724 0.725 0.727 0.723 0.720
0.888 0.886 0.877 0.872 0.883 0.892 0.889 0.901 0.883 0.868 0.858 0.846 0.835 0.830 0.815 0.798 0.792 0.794 0.801 0.806 0.808 0.791 0.784 0.776 0.770 0.765 0.761 0.758 0.756 0.754 0.754 0.758 0.754 0.758 0.758 0.763 0.761 0.752 0.748 0.753 0.754 0.755 0.749 0.739 0.735 0.737 0.733 0.730 0.730 0.734 0.737 0.740 0.742 0.741 0.740 0.737 0.730 0.726 0.732 0.729 0.723 0.718 0.724 0.728 0.729 0.731 0.723 0.721 0.726 0.729 0.729 0.722 0.717
0.880 0.878 0.883 0.874 0.874 0.892 0.884 0.881 0.866 0.855 0.850 0.846 0.842 0.842 0.816 0.800 0.791 0.792 0.797 0.805 0.795 0.782 0.776 0.769 0.766 0.763 0.761 0.758 0.756 0.757 0.760 0.761 0.756 0.754 0.758 0.760 0.763 0.754 0.749 0.753 0.757 0.756 0.750 0.739 0.739 0.742 0.739 0.735 0.729 0.731 0.734 0.735 0.738 0.742 0.739 0.738 0.737 0.727 0.734 0.734 0.728 0.720 0.723 0.727 0.733 0.732 0.725 0.723 0.724 0.727 0.733 0.724 0.718
0.883 0.887 0.895 0.883 0.874 0.876 0.875 0.882 0.862 0.850 0.845 0.840 0.825 0.819 0.812 0.801 0.790 0.787 0.793 0.798 0.787 0.778 0.772 0.768 0.766 0.763 0.762 0.761 0.760 0.762 0.764 0.764 0.760 0.760 0.757 0.761 0.765 0.757 0.752 0.756 0.758 0.756 0.751 0.741 0.740 0.745 0.745 0.741 0.734 0.728 0.733 0.739 0.741 0.744 0.743 0.741 0.737 0.729 0.732 0.733 0.728 0.721 0.721 0.725 0.732 0.738 0.728 0.728 0.728 0.728 0.731 0.724 0.719
-999.000 -999.000 -999.000 0.875 0.873 0.873 0.880 0.889 0.862 0.847 0.847 0.848 0.843 0.830 0.818 0.801 0.791 0.786 0.785 0.789 0.779 0.774 0.771 0.768 0.765 0.764 0.767 0.765 0.768 0.769 0.772 0.769 0.763 0.764 0.763 0.762 0.763 0.756 0.753 0.758 0.762 0.756 0.749 0.742 0.742 0.744 0.749 0.744 0.737 0.732 0.730 0.735 0.737 0.741 0.744 0.738 0.736 0.731 0.733 0.736 0.729 0.723 0.720 0.724 0.730 0.735 0.733 0.734 0.733 0.729 0.731 0.729 0.722
-999.000 -999.000 -999.000 -999.000 -999.000 -999.000 0.876 0.873 0.873 0.860 0.850 0.852 0.833 0.823 0.808 0.799 0.792 0.785 0.782 0.779 0.776 0.773 0.770 0.767 0.765 0.768 0.771 0.769 0.773 0.775 0.776 0.772 0.768 0.762 0.771 0.766 0.764 0.756 0.755 0.760 0.763 0.758 0.750 0.743 0.742 0.746 0.751 0.745 0.743 0.735 0.730 0.730 0.734 0.738 0.738 0.741 0.735 0.731 0.734 0.739 0.732 0.724 0.719 0.724 0.728 0.729 0.735 0.735 0.740 0.733 0.734 0.731 0.722
-999.000 -999.000 -999.000 -999.000 -999.000 -999.000 0.862 0.860 0.857 0.841 0.836 0.834 0.828 0.813 0.803 0.793 0.799 0.785 0.781 0.778 0.775 0.772 0.770 0.768 0.771 0.776 0.777 0.777 0.779 0.776 0.772 0.768 0.770 0.767 0.767 0.768 0.761 0.759 0.756 0.761 0.763 0.763 0.755 0.747 0.741 0.749 0.755 0.748 0.742 0.735 0.733 0.728 0.731 0.733 0.736 0.740 0.737 0.732 0.735 0.738 0.740 0.728 0.720 0.727 0.730 0.729 0.733 0.736 0.744 0.738 0.732 0.723 0.719
-999.000 -999.000 -999.000 -999.000 -999.000 0.867 0.848 0.856 0.850 0.843 0.840 0.833 0.814 0.806 0.795 0.803 0.804 0.793 0.784 0.777 0.774 0.771 0.771 0.774 0.778 0.778 0.773 0.768 0.773 0.770 0.765 0.763 0.766 0.769 0.771 0.769 0.763 0.763 0.757 0.759 0.763 0.766 0.755 0.748 0.741 0.746 0.751 0.748 0.741 0.744 0.736 0.730 0.727 0.730 0.734 0.738 0.742 0.736 0.731 0.734 0.735 0.729 0.721 0.724 0.727 0.729 0.730 0.735 0.743 0.740 0.732 0.722 0.715
-999.000 -999.000 -999.000 -999.000 -999.000 0.860 0.842 0.842 0.848 0.845 0.834 0.826 0.813 0.799 0.805 0.807 0.798 0.787 0.779 0.776 0.776 0.778 0.780 0.780 0.780 0.773 0.768 0.764 0.767 0.763 0.762 0.761 0.764 0.767 0.771 0.773 0.766 0.769 0.765 0.760 0.761 0.763 0.756 0.750 0.742 0.745 0.752 0.747 0.743 0.748 0.742 0.735 0.728 0.729 0.733 0.736 0.738 0.740 0.733 0.733 0.733 0.729 0.724 0.722 0.724 0.726 0.728 0.730 0.742 0.738 0.731 0.727 0.718
