Source/meteoio/tests/2D_interpolations/2009-01-19T12.00.00_RH_ref.asc
ncols               386
nrows               229
xllcorner    479500.000
yllcorner     73500.000
cellsize       1000.000
NODATA_value -999
[rows 66 to 98 of 229, columns 73 to 145 of 386]
-999.000 -999.000 -999.000 -999.000 -999.000 -999.000 -999.000 -999.000 -999.000 -999.000 0.700 0.701 0.701 0.701 0.701 0.701 0.701 0.700 0.700 0.700 0.699 0.699 0.699 0.699 0.699 0.698 0.698 0.698 0.697 0.696 0.696 0.695 0.695 0.695 0.695 0.695 0.694 0.693 0.693 0.692 0.691 0.691 0.691 0.690 0.690 0.690 0.690 0.690 0.689 0.690 0.691 0.689 0.688 0.688 0.688 0.687 0.688 0.689 0.688 0.688 0.687 0.687 0.686 0.685 0.684 0.684 0.683 0.682 0.682 0.682 0.682 0.682 0.681
-999.000 -999.000 -999.000 -999.000 -999.000 -999.000 -999.000 -999.000 -999.000 -999.000 0.700 0.701 0.701 0.702 0.702 0.701 0.701 0.701 0.700 0.701 0.700 0.700 0.699 0.699 0.699 0.699 0.699 0.697 0.697 0.697 0.697 0.697 0.697 0.697 0.697 0.696 0.696 0.695 0.694 0.693 0.692 0.691 0.691 0.691 0.691 0.691 0.691 0.692 0.690 0.689 0.689 0.689 0.689 0.689 0.689 0.689 0.688 0.687 0.686 0.686 0.686 0.686 0.685 0.684 0.684 0.683 0.683 0.682 0.682 0.682 0.681 0.681 0.681
-999.000 -999.000 -999.000 -999.000 -999.000 -999.000 -999.000 -999.000 -999.000 -999.000 -999.000 0.701 0.701 0.702 0.702 0.701 0.701 0.701 0.701 0.700 0.700 0.700 0.700 0.699 0.699 0.699 0.698 0.697 0.697 0.698 0.697 0.697 0.698 0.698 0.697 0.695 0.694 0.694 0.694 0.694 0.692 0.693 0.694 0.694 0.693 0.693 0.693 0.692 0.690 0.690 0.691 0.690 0.690 0.691 0.690 0.689 0.687 0.686 0.686 0.686 0.685 0.685 0.684 0.683 0.683 0.683 0.682 0.682 0.682 0.682 0.681 0.681 0.681
-999.000 -999.000 -999.000 -999.000 -999.000 -999.000 -999.000 -999.000 -999.000 -999.000 -999.000 0.701 0.702 0.702 0.702 0.702 0.701 0.701 0.701 0.701 0.700 0.700 0.700 0.700 0.699 0.699 0.699 0.698 0.697 0.697 0.696 0.696 0.696 0.695 0.695 0.694 0.694 0.694 0.694 0.694 0.692 0.693 0.693 0.692 0.692 0.691 0.692 0.692 0.693 0.691 0.691 0.691 0.691 0.689 0.689 0.687 0.686 0.685 0.685 0.685 0.684 0.684 0.684 0.683 0.683 0.683 0.682 0.682 0.682 0.681 0.681 0.681 0.680
-999.000 -999.000 -999.000 -999.000 -999.000 -999.000 -999.000 -999.000 -999.000 -999.000 0.701 0.703 0.703 0.702 0.702 0.702 0.702 0.701 0.701 0.701 0.700 0.700 0.700 0.700 0.700 0.700 0.699 0.697 0.696 0.696 0.696 0.695 0.695 0.694 0.694 0.694 0.693 0.693 0.693 0.692 0.692 0.692 0.692 0.692 0.693 0.693 0.693 0.693 0.692 0.691 0.690 0.688 0.688 0.687 0.687 0.686 0.686 0.685 0.685 0.684 0.684 0.684 0.683 0.683 0.683 0.682 0.682 0.682 0.682 0.681 0.681 0.681 0.680
-999.000 -999.000 -999.000 -999.000 -999.000 -999.000 -999.000 -999.000 -999.000 0.702 0.702 0.703 0.703 0.702 0.702 0.702 0.702 0.701 0.701 0.701 0.701 0.701 0.700 0.699 0.698 0.698 0.698 0.697 0.697 0.696 0.696 0.696 0.695 0.695 0.695 0.694 0.694 0.694 0.694 0.693 0.694 0.694 0.695 0.695 0.695 0.693 0.692 0.690 0.690 0.689 0.688 0.688 0.687 0.687 0.686 0.686 0.685 0.685 0.685 0.684 0.684 0.683 0.683 0.683 0.683 0.682 0.682 0.682 0.681 0.681 0.681 0.681 0.680
-999.000 -999.000 -999.000 -999.000 -999.000 -999.000 -999.000 -999.000 0.702 0.704 0.704 0.703 0.703 0.703 0.703 0.702 0.702 0.701 0.701 0.701 0.700 0.700 0.699 0.699 0.699 0.699 0.699 0.698 0.697 0.696 0.696 0.696 0.696 0.696 0.697 0.697 0.697 0.697 0.696 0.695 0.695 0.695 0.694 0.694 0.693 0.692 0.690 0.689 0.689 0.688 0.688 0.687 0.687 0.686 0.686 0.686 0.685 0.685 0.684 0.684 0.684 0.683 0.683 0.683 0.683 0.682 0.682 0.681 0.681 0.681 0.681 0.680 0.680
-999.000 -999.000 -999.000 -999.000 -999.000 -999.000 -999.000 0.703 0.704 0.704 0.704 0.704 0.704 0.704 0.703 0.702 0.702 0.702 0.702 0.701 0.701 0.701 0.700 0.700 0.700 0.700 0.699 0.698 0.698 0.697 0.698 0.698 0.698 0.698 0.697 0.697 0.696 0.696 0.695 0.694 0.694 0.694 0.694 0.693 0.691 0.690 0.689 0.689 0.688 0.688 0.687 0.687 0.687 0.686 0.686 0.685 0.685 0.685 0.684 0.684 0.684 0.683 0.683 0.683 0.682 0.682 0.682 0.681 0.681 0.681 0.680 0.680 0.680
-999.000 -999.000 -999.000 -999.000 -999.000 0.702 0.704 0.705 0.705 0.704 0.704 0.705 0.704 0.703 0.703 0.703 0.703 0.702 0.702 0.702 0.702 0.702 0.701 0.700 0.698 0.698 0.698 0.698 0.697 0.698 0.698 0.698 0.696 0.696 0.695 0.694 0.695 0.695 0.695 0.695 0.695 0.693 0.691 0.691 0.690 0.690 0.689 0.688 0.688 0.688 0.687 0.687 0.686 0.686 0.686 0.685 0.685 0.685 0.684 0.684 0.684 0.683 0.683 0.683 0.682 0.682 0.682 0.681 0.681 0.681 0.680 0.680 0.680
-999.000 -999.000 -999.000 -999.000 -999.000 0.704 0.705 0.705 0.705 0.705 0.705 0.705 0.704 0.703 0.703 0.703 0.704 0.704 0.703 0.702 0.700 0.699 0.698 0.698 0.698 0.697 0.697 0.697 0.698 0.697 0.696 0.696 0.695 0.694 0.695 0.696 0.695 0.694 0.694 0.693 0.692 0.692 0.691 0.690 0.690 0.689 0.689 0.688 0.688 0.688 0.687 0.687 0.686 0.686 0.686 0.685 0.685 0.685 0.684 0.684 0.683 0.683 0.683 0.682 0.682 0.682 0.681 0.681 0.681 0.681 0.680 0.680 0.679
-999.000 -999.000 -999.000 -999.000 0.704 0.705 0.705 0.705 0.705 0.705 0.705 0.704 0.704 0.704 0.704 0.704 0.704 0.703 0.702 0.700 0.699 0.699 0.699 0.699 0.698 0.698 0.698 0.698 0.698 0.696 0.696 0.696 0.696 0.696 0.696 0.695 0.694 0.694 0.694 0.694 0.692 0.691 0.690 0.690 0.689 0.689 0.689 0.688 0.688 0.688 0.687 0.687 0.687 0.686 0.686 0.686 0.685 0.684 0.684 0.684 0.683 0.683 0.683 0.682 0.682 0.682 0.681 0.681 0.681 0.680 0.680 0.680 0.679
-999.000 -999.000 -999.000 0.705 0.706 0.705 0.706 0.705 0.705 0.705 0.704 0.704 0.704 0.705 0.705 0.705 0.703 0.701 0.700 0.700 0.700 0.700 0.701 0.701 0.700 0.700 0.700 0.700 0.698 0.697 0.698 0.698 0.695 0.696 0.695 0.695 0.696 0.694 0.692 0.692 0.691 0.691 0.690 0.690 0.689 0.689 0.689 0.688 0.688 0.688 0.688 0.687 0.687 0.686 0.686 0.685 0.685 0.684 0.684 0.684 0.683 0.683 0.683 0.682 0.682 0.681 0.681 0.681 0.680 0.680 0.680 0.679 0.679
-999.000 -999.000 -999.000 0.704 0.704 0.706 0.706 0.706 0.705 0.705 0.705 0.705 0.705 0.706 0.705 0.703 0.702 0.701 0.701 0.701 0.702 0.703 0.702 0.701 0.701 0.701 0.701 0.701 0.701 0.699 0.698 0.696 0.695 0.694 0.695 0.694 0.693 0.692 0.692 0.692 0.691 0.691 0.690 0.690 0.689 0.689 0.689 0.689 0.688 0.688 0.688 0.687 0.687 0.686 0.686 0.685 0.685 0.684 0.684 0.684 0.683 0.683 0.683 0.682 0.682 0.681 0.681 0.680 0.680 0.680 0.680 0.679 0.679
-999.000 -999.000 -999.000 0.706 0.707 0.706 0.706 0.706 0.706 0.706 0.706 0.706 0.706 0.705 0.703 0.702 0.702 0.702 0.703 0.703 0.703 0.703 0.703 0.702 0.702 0.702 0.701 0.700 0.699 0.697 0.696 0.696 0.696 0.695 0.694 0.693 0.693 0.693 0.692 0.692 0.691 0.691 0.690 0.690 0.690 0.689 0.689 0.689 0.688 0.688 0.688 0.687 0.687 0.686 0.686 0.685 0.685 0.684 0.684 0.684 0.683 0.683 0.682 0.682 0.682 0.681 0.681 0.680 0.680 0.680 0.680 0.680 0.679
-999.000 -999.000 0.706 0.707 0.707 0.706 0.706 0.706 0.707 0.707 0.706 0.706 0.704 0.703 0.702 0.702 0.703 0.704 0.705 0.705 0.705 0.704 0.703 0.702 0.702 0.701 0.700 0.700 0.698 0.697 0.697 0.697 0.695 0.694 0.694 0.693 0.693 0.693 0.692 0.692 0.691 0.691 0.690 0.690 0.690 0.689 0.689 0.689 0.689 0.688 0.688 0.687 0.687 0.686 0.686 0.685 0.685 0.684 0.684 0.683 0.683 0.683 0.682 0.682 0.682 0.681 0.681 0.681 0.680 0.680 0.680 0.679 0.679
0.706 0.707 0.708 0.707 0.707 0.707 0.707 0.707 0.707 0.707 0.705 0.704 0.703 0.704 0.704 0.705 0.704 0.706 0.706 0.707 0.706 0.704 0.702 0.701 0.702 0.702 0.702 0.700 0.698 0.699 0.698 0.696 0.694 0.694 0.694 0.693 0.693 0.693 0.692 0.692 0.691 0.691 0.690 0.690 0.690 0.689 0.689 0.689 0.688 0.688 0.688 0.687 0.687 0.686 0.685 0.685 0.685 0.684 0.684 0.683 0.683 0.683 0.682 0.682 0.681 0.681 0.680 0.680 0.680 0.680 0.679 0.679 0.678
0.708 0.709 0.708 0.708 0.708 0.708 0.707 0.707 0.707 0.705 0.705 0.705 0.706 0.705 0.705 0.705 0.707 0.706 0.707 0.705 0.704 0.702 0.701 0.703 0.703 0.702 0.700 0.700 0.700 0.698 0.696 0.695 0.694 0.694 0.694 0.693 0.693 0.693 0.692 0.692 0.691 0.691 0.691 0.690 0.690 0.690 0.689 0.689 0.689 0.688 0.688 0.687 0.686 0.686 0.685 0.685 0.685 0.684 0.684 0.683 0.683 0.682 0.682 0.682 0.681 0.681 0.681 0.680 0.680 0.680 0.679 0.679 0.678
0.709 0.709 0.708 0.708 0.708 0.708 0.708 0.706 0.705 0.706 0.706 0.706 0.706 0.706 0.705 0.706 0.707 0.707 0.705 0.703 0.703 0.702 0.702 0.702 0.700 0.700 0.700 0.700 0.698 0.697 0.695 0.695 0.695 0.694 0.694 0.693 0.693 0.693 0.692 0.692 0.692 0.691 0.691 0.690 0.690 0.690 0.689 0.689 0.689 0.688 0.687 0.687 0.686 0.686 0.685 0.685 0.685 0.684 0.684 0.683 0.683 0.682 0.682 0.681 0.681 0.681 0.680 0.680 0.680 0.680 0.679 0.678 0.678
0.710 0.709 0.708 0.709 0.708 0.708 0.707 0.706 0.707 0.708 0.708 0.707 0.707 0.706 0.705 0.707 0.706 0.705 0.703 0.702 0.702 0.702 0.701 0.700 0.700 0.700 0.700 0.698 0.697 0.696 0.696 0.695 0.695 0.695 0.694 0.694 0.693 0.693 0.692 0.692 0.691 0.691 0.691 0.690 0.690 0.690 0.690 0.689 0.689 0.688 0.687 0.687 0.686 0.686 0.685 0.685 0.684 0.684 0.684 0.683 0.683 0.682 0.682 0.681 0.681 0.681 0.681 0.680 0.680 0.680 0.679 0.678 0.678
0.709 0.709 0.709 0.709 0.709 0.707 0.708 0.708 0.708 0.708 0.707 0.707 0.706 0.705 0.706 0.707 0.705 0.704 0.703 0.702 0.702 0.701 0.701 0.701 0.700 0.700 0.698 0.697 0.696 0.696 0.696 0.695 0.695 0.695 0.694 0.694 0.693 0.693 0.692 0.692 0.692 0.691 0.691 0.691 0.690 0.690 0.690 0.689 0.688 0.688 0.687 0.687 0.687 0.686 0.685 0.685 0.684 0.684 0.683 0.683 0.683 0.682 0.682 0.681 0.681 0.680 0.680 0.680 0.680 0.679 0.679 0.678 0.678
0.709 0.710 0.709 0.710 0.708 0.709 0.709 0.710 0.709 0.707 0.706 0.705 0.705 0.705 0.707 0.705 0.704 0.703 0.703 0.702 0.702 0.702 0.701 0.701 0.700 0.698 0.697 0.697 0.697 0.696 0.696 0.696 0.696 0.695 0.694 0.694 0.693 0.693 0.693 0.692 0.692 0.692 0.691 0.691 0.690 0.690 0.689 0.689 0.688 0.688 0.687 0.687 0.687 0.686 0.685 0.685 0.684 0.684 0.683 0.683 0.683 0.682 0.682 0.681 0.681 0.681 0.680 0.680 0.679 0.679 0.679 0.678 0.678
0.710 0.710 0.710 0.710 0.710 0.711 0.711 0.711 0.708 0.707 0.707 0.706 0.705 0.706 0.707 0.706 0.704 0.704 0.703 0.702 0.702 0.702 0.702 0.701 0.699 0.698 0.698 0.697 0.697 0.696 0.696 0.696 0.696 0.695 0.694 0.694 0.694 0.693 0.693 0.692 0.692 0.692 0.691 0.691 0.690 0.690 0.689 0.689 0.689 0.688 0.688 0.687 0.687 0.686 0.685 0.685 0.684 0.684 0.683 0.683 0.682 0.682 0.682 0.681 0.681 0.681 0.680 0.680 0.679 0.679 0.678 0.678 0.677
0.711 0.711 0.710 0.711 0.711 0.711 0.710 0.709 0.708 0.707 0.706 0.706 0.705 0.707 0.707 0.706 0.705 0.704 0.703 0.702 0.702 0.702 0.700 0.699 0.699 0.698 0.698 0.697 0.697 0.697 0.697 0.696 0.695 0.695 0.695 0.694 0.694 0.693 0.693 0.693 0.692 0.692 0.691 0.691 0.690 0.690 0.690 0.689 0.689 0.688 0.688 0.687 0.687 0.686 0.685 0.685 0.684 0.684 0.683 0.683 0.683 0.682 0.681 0.681 0.681 0.681 0.680 0.680 0.680 0.679 0.678 0.678 0.677
0.712 0.711 0.711 0.712 0.711 0.710 0.710 0.708 0.706 0.706 0.705 0.705 0.706 0.708 0.706 0.705 0.704 0.703 0.702 0.702 0.701 0.700 0.699 0.699 0.699 0.698 0.698 0.698 0.697 0.697 0.696 0.696 0.696 0.695 0.695 0.694 0.694 0.693 0.693 0.693 0.692 0.692 0.691 0.691 0.691 0.690 0.690 0.689 0.689 0.688 0.688 0.687 0.687 0.686 0.685 0.685 0.684 0.684 0.683 0.683 0.682 0.682 0.681 0.681 0.680 0.680 0.680 0.680 0.679 0.679 0.678 0.677 0.677
0.712 0.711 0.713 0.712 0.711 0.709 0.708 0.707 0.706 0.706 0.706 0.706 0.707 0.707 0.706 0.705 0.703 0.702 0.701 0.701 0.700 0.700 0.700 0.699 0.699 0.699 0.698 0.698 0.697 0.697 0.697 0.696 0.696 0.695 0.695 0.694 0.694 0.694 0.693 0.693 0.692 0.692 0.692 0.691 0.691 0.690 0.690 0.689 0.689 0.688 0.688 0.687 0.687 0.686 0.685 0.685 0.684 0.684 0.683 0.683 0.682 0.682 0.682 0.681 0.680 0.680 0.680 0.679 0.679 0.678 0.678 0.677 0.676
0.711 0.712 0.713 0.711 0.710 0.708 0.708 0.707 0.707 0.706 0.706 0.706 0.708 0.707 0.705 0.704 0.702 0.702 0.701 0.701 0.701 0.700 0.700 0.700 0.699 0.699 0.698 0.698 0.698 0.697 0.697 0.696 0.696 0.696 0.695 0.695 0.694 0.694 0.694 0.693 0.693 0.692 0.692 0.691 0.691 0.690 0.690 0.690 0.689 0.688 0.688 0.687 0.686 0.686 0.685 0.685 0.684 0.684 0.683 0.683 0.682 0.682 0.681 0.681 0.680 0.680 0.680 0.679 0.678 0.678 0.677 0.677 0.676
0.713 0.714 0.713 0.711 0.709 0.708 0.708 0.707 0.707 0.707 0.707 0.708 0.708 0.705 0.704 0.703 0.702 0.702 0.702 0.701 0.702 0.701 0.700 0.700 0.700 0.699 0.699 0.698 0.698 0.697 0.697 0.697 0.696 0.696 0.695 0.695 0.695 0.694 0.694 0.693 0.693 0.692 0.692 0.691 0.691 0.690 0.690 0.690 0.689 0.688 0.688 0.687 0.686 0.686 0.685 0.685 0.684 0.684 0.684 0.683 0.682 0.681 0.681 0.681 0.681 0.680 0.679 0.678 0.678 0.678 0.677 0.676 0.676
0.714 0.714 0.713 0.710 0.709 0.709 0.708 0.707 0.707 0.708 0.710 0.709 0.706 0.705 0.704 0.703 0.703 0.702 0.702 0.702 0.701 0.701 0.701 0.700 0.700 0.700 0.699 0.699 0.698 0.698 0.697 0.697 0.696 0.696 0.695 0.695 0.695 0.695 0.694 0.694 0.694 0.693 0.692 0.692 0.691 0.691 0.690 0.689 0.689 0.688 0.688 0.687 0.686 0.686 0.685 0.685 0.684 0.684 0.684 0.683 0.682 0.682 0.681 0.680 0.680 0.679 0.679 0.678 0.678 0.677 0.676 0.676 0.675
0.715 0.713 0.711 0.710 0.709 0.709 0.708 0.708 0.709 0.710 0.709 0.707 0.705 0.704 0.704 0.704 0.703 0.703 0.703 0.702 0.702 0.701 0.701 0.701 0.701 0.700 0.699 0.699 0.698 0.698 0.697 0.697 0.697 0.696 0.696 0.696 0.695 0.695 0.695 0.695 0.694 0.693 0.693 0.692 0.692 0.691 0.690 0.690 0.689 0.688 0.688 0.687 0.687 0.686 0.686 0.685 0.684 0.684 0.684 0.683 0.682 0.682 0.681 0.680 0.680 0.679 0.679 0.678 0.678 0.676 0.676 0.675 0.675
0.715 0.713 0.711 0.710 0.710 0.709 0.709 0.709 0.709 0.708 0.707 0.706 0.705 0.704 0.704 0.704 0.703 0.703 0.703 0.702 0.702 0.702 0.702 0.701 0.701 0.700 0.700 0.699 0.699 0.698 0.698 0.698 0.697 0.696 0.696 0.696 0.696 0.695 0.695 0.695 0.694 0.694 0.693 0.693 0.692 0.691 0.691 0.690 0.689 0.688 0.688 0.687 0.687 0.686 0.686 0.685 0.685 0.684 0.684 0.683 0.683 0.682 0.681 0.680 0.679 0.679 0.678 0.678 0.677 0.676 0.676 0.675 0.674
0.714 0.712 0.711 0.710 0.710 0.710 0.709 0.708 0.708 0.707 0.706 0.705 0.705 0.705 0.704 0.704 0.704 0.703 0.703 0.702 0.702 0.702 0.702 0.701 0.701 0.700 0.700 0.699 0.699 0.698 0.698 0.698 0.697 0.697 0.697 0.697 0.697 0.697 0.696 0.695 0.695 0.694 0.693 0.693 0.692 0.691 0.691 0.690 0.689 0.689 0.688 0.688 0.687 0.687 0.686 0.686 0.684 0.684 0.683 0.683 0.683 0.682 0.681 0.680 0.679 0.678 0.678 0.677 0.676 0.676 0.675 0.675 0.674
0.714 0.712 0.711 0.711 0.710 0.709 0.709 0.708 0.707 0.706 0.706 0.706 0.705 0.705 0.705 0.704 0.704 0.703 0.703 0.703 0.702 0.702 0.702 0.701 0.701 0.700 0.700 0.699 0.699 0.699 0.699 0.698 0.697 0.697 0.697 0.697 0.697 0.696 0.696 0.695 0.694 0.694 0.693 0.693 0.692 0.691 0.691 0.690 0.689 0.689 0.688 0.688 0.688 0.687 0.686 0.686 0.685 0.684 0.684 0.683 0.683 0.682 0.681 0.680 0.679 0.679 0.678 0.677 0.676 0.675 0.675 0.675 0.674
0.712 0.711 0.710 0.710 0.709 0.709 0.708 0.707 0.707 0.707 0.706 0.706 0.706 0.705 0.705 0.704 0.704 0.704 0.703 0.703 0.703 0.702 0.702 0.701 0.701 0.701 0.700 0.700 0.699 0.699 0.699 0.698 0.698 0.697 0.697 0.697 0.696 0.696 0.696 0.695 0.695 0.694 0.693 0.693 0.692 0.691 0.691 0.690 0.689 0.689 0.688 0.688 0.688 0.687 0.687 0.686 0.685 0.685 0.684 0.683 0.683 0.682 0.681 0.680 0.679 0.679 0.678 0.677 0.676 0.675 0.675 0.674 0.674
