Source/meteoio/tests/2D_interpolations/2009-01-19T12.00.00_VW_ref.asc
ncols               386
nrows               229
xllcorner    479500.000
yllcorner     73500.000
cellsize       1000.000
NODATA_value -999
[rows 155 to 185 of 229, columns 71 to 141 of 386]
25.921 25.008 24.636 24.567 25.040 24.689 24.424 23.449 19.575 17.230 17.490 12.823 9.782 9.089 6.926 9.471 14.749 16.549 17.120 18.193 17.512 15.717 15.198 12.391 13.991 17.441 18.032 17.839 17.850 16.869 14.464 11.938 12.458 11.151 9.064 14.765 14.165 16.525 16.648 15.193 13.479 11.401 10.131 11.103 8.136 7.435 8.542 7.926 14.236 17.225 12.760 8.761 6.787 5.791 6.951 6.919 9.294 10.815 12.279 12.778 7.519 6.588 5.869 5.575 7.577 9.872 11.808 6.323 4.833 8.633 7.836
26.783 26.613 26.387 26.169 26.106 25.768 25.046 24.449 22.864 20.429 18.097 14.935 11.839 12.068 8.840 11.484 16.231 12.852 11.627 17.018 19.362 19.014 18.151 17.761 18.023 18.194 16.666 15.520 15.883 10.705 10.287 6.608 4.819 6.347 11.991 11.327 11.398 16.426 16.587 14.927 11.483 9.766 7.523 9.204 6.574 4.874 6.511 6.015 13.619 17.623 16.448 13.254 9.101 5.524 5.535 8.314 10.094 7.866 10.075 12.633 5.192 7.437 11.627 4.545 7.167 4.851 12.197 11.190 5.520 5.158 9.500
26.631 26.637 26.667 26.735 26.714 26.220 26.059 25.651 24.276 20.017 17.517 18.486 16.224 13.497 10.000 12.886 15.126 12.278 7.966 12.850 15.163 14.871 13.909 17.328 18.124 15.293 13.347 12.346 12.053 13.099 4.113 4.026 6.121 8.727 11.527 8.854 12.944 16.183 14.527 15.040 8.117 9.563 4.023 4.867 8.289 4.902 5.082 10.080 12.606 16.118 16.624 12.497 9.258 6.063 7.163 7.608 8.932 6.129 9.250 11.443 5.662 6.386 6.024 5.601 5.219 5.724 8.038 11.097 11.445 10.795 7.063
26.624 26.631 26.638 26.645 26.739 26.710 26.505 26.013 25.443 22.340 20.801 20.236 15.740 12.218 9.320 7.511 13.029 15.601 9.382 9.746 8.780 11.851 13.343 13.972 14.277 13.054 10.339 8.213 9.321 11.493 4.990 5.437 7.495 9.460 9.865 12.558 14.592 14.805 8.658 14.441 9.731 5.883 4.375 4.134 7.925 4.854 7.411 9.440 11.067 13.573 17.143 13.899 10.195 6.314 6.315 5.547 6.024 7.031 5.351 6.074 4.567 6.718 4.060 4.872 5.529 6.245 3.868 4.888 3.806 3.982 8.451
26.618 26.624 26.631 26.638 26.645 26.670 26.784 26.885 26.868 25.229 22.408 18.407 15.761 8.270 4.291 6.764 8.632 14.193 12.783 7.638 10.658 10.762 8.817 10.197 13.146 15.296 13.182 6.410 5.236 3.787 3.910 4.167 7.350 10.175 11.774 9.786 14.583 12.761 6.686 12.824 12.127 6.341 4.527 4.218 7.253 4.695 7.734 6.750 8.236 12.912 16.670 15.964 12.318 7.324 6.171 4.900 6.262 4.322 5.502 5.692 4.455 7.614 4.804 6.065 5.660 4.181 5.228 11.896 5.540 5.793 3.319
-999.000 -999.000 26.624 26.630 26.638 26.645 26.654 26.662 27.012 27.113 24.767 21.668 15.591 7.899 8.483 8.847 10.456 10.986 14.172 13.366 13.014 11.488 9.300 9.634 11.812 14.151 15.258 11.849 9.105 8.079 6.693 6.253 4.190 6.796 5.742 6.520 14.635 13.374 6.357 10.875 14.184 11.880 8.546 6.393 4.856 5.566 6.740 6.218 9.126 13.755 13.187 15.990 16.320 12.843 9.545 5.111 5.360 4.072 4.031 3.789 5.547 6.086 9.224 4.028 4.594 5.387 6.464 19.626 16.142 19.041 4.106
-999.000 -999.000 26.616 26.623 26.630 26.637 26.645 26.654 26.663 27.117 25.934 17.766 13.049 15.926 14.576 8.216 4.665 7.762 13.292 13.665 12.128 11.454 11.341 11.287 10.415 11.021 11.769 14.188 12.816 11.718 9.444 3.975 3.713 4.152 5.400 8.500 14.386 13.660 8.261 9.579 13.817 13.093 10.512 7.408 5.355 5.360 5.413 7.052 9.931 13.430 8.766 10.809 12.272 13.158 6.569 4.161 3.536 6.446 8.091 5.094 10.534 7.263 5.063 4.078 4.680 11.116 8.982 10.469 19.707 19.928 7.499
-999.000 26.602 26.608 26.614 26.621 26.629 26.637 26.645 26.654 27.045 27.581 22.276 20.397 17.764 12.824 5.627 9.780 11.523 10.065 12.243 9.220 8.340 6.618 11.424 10.090 7.396 7.230 13.100 5.550 7.493 11.617 5.379 5.054 10.297 10.561 10.581 14.578 13.480 7.570 10.208 11.996 14.063 11.270 8.283 6.212 5.398 5.859 8.908 8.336 11.689 8.616 7.103 9.584 8.356 3.925 5.154 9.859 16.597 13.002 11.854 10.640 11.564 6.045 3.860 7.428 16.050 14.788 10.105 6.551 8.366 10.133
-999.000 26.593 26.599 26.606 26.613 26.620 26.628 26.637 26.647 26.639 27.630 25.812 19.002 11.964 7.182 10.620 10.225 9.103 7.181 10.619 7.799 4.374 8.153 10.749 11.179 9.076 9.177 10.306 8.198 6.123 10.485 5.084 7.334 9.060 7.641 9.906 14.424 13.077 9.516 7.318 9.980 13.300 10.087 5.098 4.079 4.888 6.992 5.427 5.184 7.268 9.250 4.576 4.736 3.891 4.973 8.941 15.338 13.211 8.622 10.834 5.119 4.878 4.603 5.572 9.145 7.173 4.467 4.630 4.157 10.307 8.281
-999.000 24.707 25.486 26.135 26.221 26.537 26.614 26.627 26.622 26.693 27.579 24.996 15.448 8.315 10.312 9.873 9.359 7.103 5.613 8.031 4.078 5.428 8.588 11.302 9.639 8.353 4.566 4.917 5.137 7.018 7.040 5.146 8.918 7.882 4.971 9.161 14.410 13.719 9.142 6.336 8.064 11.458 8.993 5.056 4.262 4.182 4.478 3.788 7.173 4.963 3.648 5.055 4.537 5.995 6.503 8.051 10.426 14.793 9.851 4.979 4.029 5.769 6.581 6.806 6.742 6.869 6.799 3.635 6.920 9.280 9.745
-999.000 20.559 22.939 23.427 24.646 25.846 26.573 26.582 26.570 26.828 28.105 22.683 13.929 12.165 10.324 9.719 3.673 3.519 8.277 9.092 5.602 8.221 11.332 9.182 4.642 4.980 3.201 5.735 3.463 3.885 4.442 5.324 8.146 5.473 7.999 11.261 14.242 13.088 8.370 4.012 4.129 6.239 5.368 5.539 6.096 6.810 3.244 3.211 3.853 6.383 4.625 7.160 11.315 9.151 8.523 9.063 9.876 10.504 14.031 13.752 14.716 13.946 4.960 9.449 11.551 7.837 4.396 5.501 10.932 9.858 7.149
21.355 15.618 16.097 18.105 19.920 23.567 25.954 26.551 26.530 26.718 26.691 17.832 12.235 9.353 7.643 3.445 3.402 6.370 8.572 12.148 11.776 11.604 11.052 7.072 3.691 3.961 4.838 4.438 3.896 3.677 3.892 5.077 5.359 7.683 11.024 13.057 12.199 12.662 5.405 9.361 3.735 6.322 3.470 4.379 5.635 5.612 11.720 7.182 4.562 4.711 7.754 10.177 7.524 9.771 9.923 12.276 13.352 7.564 7.527 10.300 8.951 9.990 4.472 10.824 11.413 4.077 5.715 10.572 6.747 5.788 7.481
15.009 8.296 6.826 7.286 14.752 21.776 25.169 26.511 26.499 26.566 26.183 18.815 11.384 8.783 10.525 5.333 4.848 7.472 10.357 13.821 14.915 15.316 13.370 12.118 10.192 9.207 9.921 8.994 7.927 7.978 5.830 4.305 7.095 9.960 12.362 8.597 3.940 5.332 5.878 4.357 4.144 3.814 3.090 7.491 10.387 10.989 9.364 5.684 6.056 9.527 6.847 6.612 6.807 10.248 11.444 6.823 4.161 5.480 8.164 7.777 7.465 4.379 7.637 12.418 7.183 3.914 6.032 6.535 3.909 5.328 6.899
4.821 4.996 5.551 11.146 14.823 17.631 22.246 25.030 26.490 26.782 27.558 24.901 15.760 15.148 14.295 7.700 6.159 10.368 13.797 17.459 18.177 16.501 16.680 15.596 14.573 14.240 13.903 13.667 11.808 10.201 9.715 9.173 9.676 9.645 9.068 3.402 3.608 4.820 3.771 7.009 5.607 3.098 6.142 13.848 14.429 9.133 4.838 4.514 5.579 4.884 5.957 6.907 5.344 6.785 6.351 9.746 4.493 4.113 5.742 5.013 8.212 4.211 9.853 12.013 9.592 4.329 4.007 4.966 3.622 4.245 7.104
5.587 6.856 8.263 9.445 9.536 13.661 19.211 25.481 26.468 26.473 26.883 27.122 21.058 19.027 14.465 6.873 9.456 12.164 15.245 17.765 13.890 13.331 11.984 12.229 11.969 11.879 12.265 14.207 14.936 13.307 11.607 7.523 4.452 3.050 4.291 3.216 4.918 3.156 3.392 10.120 8.777 13.094 9.099 14.359 10.738 6.254 11.409 7.553 6.343 6.857 6.515 4.261 4.818 6.279 4.039 4.174 4.281 8.294 5.181 4.361 4.500 5.508 10.063 14.705 11.836 9.414 4.265 4.115 5.309 4.497 5.313
3.067 3.105 7.279 11.748 14.500 15.849 19.424 23.586 26.443 26.471 26.607 27.104 24.257 21.891 13.975 12.637 12.572 14.836 20.039 18.403 11.619 9.782 7.168 6.900 5.202 7.207 8.331 11.882 14.069 8.336 4.486 2.853 5.178 6.620 3.275 6.464 6.645 3.358 3.369 5.833 8.492 6.720 5.582 10.188 8.161 6.446 5.153 3.610 3.974 8.979 8.064 7.399 4.251 3.798 4.399 5.142 6.351 8.372 8.964 7.535 6.666 5.317 8.310 16.619 15.738 9.659 6.308 5.702 7.565 5.105 4.515
3.994 7.621 9.780 9.541 13.624 15.670 18.243 23.412 26.354 26.446 26.432 26.874 26.372 24.663 18.451 16.522 18.514 20.950 16.600 15.245 4.080 5.405 6.219 6.237 5.717 6.961 8.448 9.044 11.840 7.290 3.391 7.243 10.489 6.420 7.641 6.145 4.007 3.657 4.312 5.503 8.060 8.287 5.243 8.193 9.078 9.416 7.074 4.428 4.554 7.317 12.998 5.615 4.013 5.846 6.983 9.279 11.381 12.414 14.494 13.069 13.983 12.384 12.711 17.397 18.438 14.143 11.013 11.206 12.401 9.187 9.482
-999.000 6.549 8.208 8.412 9.787 12.767 15.973 22.547 25.826 26.396 26.378 26.423 26.647 26.792 24.078 22.336 19.956 18.376 12.972 8.863 5.381 5.990 4.527 6.152 6.625 7.464 6.542 7.230 8.907 9.823 2.994 7.415 10.986 9.921 6.905 5.763 4.585 3.460 3.713 3.740 6.051 4.685 3.577 6.811 4.110 5.729 4.126 4.380 5.565 9.712 13.638 7.073 6.728 7.741 10.704 13.929 16.615 17.293 18.461 19.657 19.355 18.722 18.818 20.628 21.002 19.574 16.706 14.287 14.659 14.778 15.986
-999.000 -999.000 6.098 9.127 11.808 12.964 15.971 20.489 24.760 26.341 26.368 26.376 26.361 26.701 25.204 21.380 20.845 16.616 9.709 9.407 10.773 7.882 8.599 9.661 9.799 8.056 5.704 4.731 3.240 3.385 6.604 13.543 11.955 10.024 7.528 5.717 4.227 3.454 5.262 7.876 4.632 4.701 4.210 4.969 5.203 5.101 4.534 7.054 10.565 14.551 14.539 10.353 9.744 10.902 12.373 15.413 18.324 21.210 21.717 23.033 23.478 23.032 23.099 23.423 23.355 22.763 20.496 20.140 20.682 21.503 21.824
-999.000 -999.000 -999.000 7.180 9.272 10.350 15.413 17.999 22.483 25.954 26.343 26.369 26.384 26.366 25.864 24.373 21.325 14.769 13.331 13.590 12.612 10.584 11.625 9.892 7.579 6.340 3.307 7.993 8.781 13.737 18.097 10.953 4.351 3.951 4.203 3.878 3.409 4.917 3.516 8.308 9.497 8.516 5.041 4.326 6.874 4.913 7.085 10.570 13.870 17.232 13.557 11.539 11.425 13.188 16.028 18.185 20.552 22.632 23.696 24.088 24.663 24.266 23.434 22.972 22.317 22.707 23.149 22.610 22.902 22.923 22.887
-999.000 -999.000 -999.000 -999.000 -999.000 6.653 11.732 13.267 20.096 25.231 26.336 26.346 26.357 26.502 26.518 26.060 22.661 17.298 16.647 16.629 13.884 13.088 10.421 8.072 5.086 4.416 9.406 7.298 4.064 3.492 3.717 4.123 6.235 9.479 10.524 6.897 3.590 3.879 3.426 5.699 10.750 11.796 4.502 4.364 8.639 7.231 10.196 12.662 16.373 17.072 14.143 12.531 13.286 14.510 17.792 21.600 23.116 23.834 25.110 24.949 23.462 22.009 19.869 18.880 20.602 20.306 20.563 22.315 21.372 18.319 18.512
-999.000 -999.000 -999.000 -999.000 -999.000 5.005 10.189 11.196 17.191 23.598 25.819 26.235 26.299 26.318 26.347 26.579 24.189 20.730 20.845 18.454 15.553 13.891 14.082 12.464 11.649 11.333 9.064 3.473 4.164 3.350 3.620 6.001 9.096 11.337 9.292 4.064 4.681 3.336 4.258 7.820 11.667 13.931 5.407 6.499 12.072 11.839 13.083 15.359 19.099 18.905 14.884 15.308 16.855 17.907 20.794 23.260 24.532 25.133 24.655 19.254 15.800 11.849 6.099 14.999 15.695 11.986 15.968 16.675 14.052 14.910 16.954
-999.000 -999.000 -999.000 -999.000 -999.000 6.831 9.623 9.042 14.243 20.951 24.306 25.224 26.253 26.300 26.201 26.343 25.697 23.623 20.460 17.482 16.036 18.431 15.061 11.215 8.992 5.597 3.776 3.278 3.362 2.910 3.476 5.408 8.528 10.509 10.700 3.683 4.216 3.920 7.687 11.863 14.660 12.741 9.626 11.874 14.954 14.734 15.725 18.116 20.608 17.087 17.647 19.822 20.944 22.187 23.324 25.045 24.985 22.809 19.516 12.629 6.410 5.147 11.002 8.110 8.931 5.080 7.499 7.772 5.798 10.128 11.972
-999.000 -999.000 -999.000 -999.000 -999.000 7.190 7.806 5.884 10.401 16.841 20.441 24.752 26.160 26.203 26.107 26.204 25.581 24.852 24.642 21.377 18.989 15.426 10.271 8.285 6.937 4.026 6.469 2.940 3.458 5.985 3.099 5.821 3.326 7.900 14.903 5.148 3.665 6.163 10.466 14.246 18.509 12.070 13.330 15.094 17.693 17.910 18.150 20.631 21.451 19.796 21.157 23.255 24.172 24.254 24.772 24.859 20.160 19.016 19.748 15.423 14.174 6.613 3.661 3.687 4.698 6.331 3.245 4.561 2.752 6.193 12.265
-999.000 -999.000 -999.000 -999.000 6.482 5.978 4.389 5.929 8.724 13.380 19.317 23.622 25.841 26.149 26.191 25.941 24.637 24.263 24.678 19.134 16.747 18.252 16.053 13.786 8.916 8.974 3.638 7.940 9.927 3.174 4.068 3.047 5.416 7.530 14.222 6.540 5.524 10.047 13.608 16.805 17.549 17.284 16.307 18.265 19.732 19.472 20.506 23.582 24.051 23.856 23.579 24.613 24.936 23.871 22.793 20.243 14.317 14.404 18.509 17.535 13.572 4.486 4.862 5.591 4.114 4.189 4.237 7.518 6.207 3.380 9.433
-999.000 -999.000 -999.000 8.586 8.961 7.803 8.482 7.958 8.941 13.988 19.336 23.485 25.271 25.243 25.325 26.423 26.250 25.318 23.373 15.920 12.192 11.923 11.781 10.212 10.135 4.713 3.564 8.108 5.088 2.810 2.925 7.225 2.667 6.173 13.287 12.951 10.322 12.182 16.391 21.144 20.197 19.354 19.612 20.093 21.323 22.930 23.516 24.423 25.590 24.838 23.917 23.138 21.026 19.030 16.254 14.369 10.660 12.113 12.662 18.574 12.818 7.693 3.616 5.154 5.844 7.666 8.934 6.533 4.158 3.146 8.063
-999.000 -999.000 6.965 8.054 12.104 11.939 11.078 11.974 11.107 16.215 21.075 21.321 22.562 21.789 23.672 25.921 25.838 25.608 24.803 15.787 9.312 7.826 4.700 9.832 3.716 7.099 6.569 5.880 5.526 7.208 11.637 9.736 7.164 4.683 12.183 16.674 15.572 16.985 19.142 22.258 22.129 21.521 21.107 23.449 24.010 24.075 24.815 26.103 24.480 19.667 19.091 17.524 15.238 11.965 13.283 7.795 5.522 9.276 7.903 15.963 15.933 6.840 3.289 7.315 7.146 10.457 10.448 6.557 8.676 5.664 6.754
-999.000 -999.000 6.240 10.714 7.613 7.347 7.713 10.595 15.824 19.348 19.288 17.022 16.787 16.432 21.670 24.293 24.287 25.700 22.739 10.688 7.632 3.896 3.738 9.738 3.076 5.239 4.992 3.296 3.421 3.694 5.233 4.312 4.681 8.107 12.642 17.343 19.360 21.782 22.832 24.244 24.295 22.362 23.907 24.101 25.082 25.474 24.509 23.665 17.886 15.141 13.341 11.645 7.686 7.301 11.858 5.787 3.285 3.829 8.068 12.702 14.668 6.806 3.473 4.406 5.179 7.228 11.216 12.531 10.277 4.646 6.083
-999.000 -999.000 8.071 8.362 5.526 8.037 10.277 13.016 17.674 18.340 16.185 10.264 11.989 14.155 17.942 22.055 26.218 25.692 16.118 8.776 4.996 5.435 4.280 7.701 3.388 5.714 3.146 4.832 6.330 8.403 11.918 14.586 12.796 9.746 15.411 19.007 23.119 23.990 24.613 24.799 25.288 25.030 24.895 25.225 24.470 22.723 20.375 23.268 17.147 10.133 8.385 8.269 3.440 3.021 7.328 6.506 3.544 3.190 4.840 10.525 15.127 9.976 5.819 3.521 5.026 6.013 9.055 8.915 7.178 3.406 5.890
-999.000 5.683 8.045 6.207 6.323 8.569 9.796 14.786 18.752 16.574 9.824 7.207 7.253 13.199 17.324 22.151 25.192 24.453 16.266 11.607 2.930 6.602 2.501 5.155 5.661 4.325 4.978 4.083 6.830 12.090 15.258 17.229 18.373 14.130 18.000 22.778 23.957 25.166 25.198 25.492 25.603 25.124 23.644 21.157 19.299 17.814 18.088 22.377 17.078 10.968 6.084 3.600 3.074 3.518 4.335 3.311 6.856 4.203 3.943 7.724 13.673 12.534 6.637 4.422 2.969 4.604 7.948 6.767 5.323 2.777 4.539
-999.000 4.237 5.142 3.724 5.664 8.114 12.262 16.850 16.147 12.964 8.153 5.381 8.069 13.039 15.600 20.114 24.964 25.388 16.731 7.551 3.729 5.900 4.351 4.958 4.561 3.561 4.088 8.491 10.476 11.605 14.565 16.975 21.047 22.090 21.499 23.705 25.338 25.690 25.340 24.022 23.054 21.470 18.516 15.971 13.823 12.973 14.790 20.979 18.073 11.044 6.584 3.496 4.052 6.808 4.442 2.991 8.384 4.656 3.149 4.884 11.354 12.946 5.927 5.307 3.929 10.133 12.854 8.802 6.051 4.039 3.278
