Source/meteoio/tests/2D_interpolations/2009-01-19T12.00.00_VW_ref.asc
ncols               386
nrows               229
xllcorner    479500.000
yllcorner     73500.000
cellsize       1000.000
NODATA_value -999
[rows 62 to 92 of 229, columns 71 to 141 of 386]
-999.000 -999.000 -999.000 -999.000 -999.000 -999.000 -999.000 -999.000 -999.000 -999.000 -999.000 -999.000 -999.000 -999.000 -999.000 -999.000 -999.000 19.103 21.730 24.252 23.400 23.229 20.620 20.208 20.278 18.561 18.838 20.301 19.391 18.731 18.656 18.719 21.352 20.766 18.558 21.014 20.186 19.290 18.219 18.786 18.881 18.570 19.056 17.594 18.755 23.083 23.356 18.247 16.561 15.791 17.085 17.958 18.879 20.822 19.066 17.448 18.525 18.084 16.013 16.023 18.170 19.986 21.849 23.037 23.550 24.443 24.637 23.885 23.555 23.792 22.272
-999.000 -999.000 -999.000 -999.000 -999.000 -999.000 -999.000 -999.000 -999.000 -999.000 -999.000 -999.000 -999.000 -999.000 -999.000 -999.000 25.744 22.250 22.292 22.331 21.711 20.264 18.461 17.690 17.676 18.749 19.961 18.655 19.378 20.066 20.934 20.797 21.758 23.733 22.622 21.446 22.514 22.137 20.993 20.748 20.178 18.391 16.584 17.793 20.206 22.810 19.871 16.560 13.631 14.172 15.694 15.641 16.094 19.014 20.752 18.236 16.691 16.972 15.574 16.469 19.167 22.482 23.665 23.908 24.163 24.229 23.509 22.146 21.848 23.407 21.793
-999.000 -999.000 -999.000 -999.000 -999.000 -999.000 -999.000 -999.000 -999.000 -999.000 -999.000 -999.000 -999.000 24.875 24.779 23.456 22.765 20.303 18.698 18.584 18.530 18.560 18.401 17.766 18.432 18.354 17.852 18.703 17.685 17.395 17.382 18.669 19.922 21.697 19.892 19.864 20.182 18.707 18.349 18.518 16.473 16.439 15.971 16.228 19.787 21.322 19.187 17.851 18.997 19.340 19.449 20.101 19.952 16.957 16.094 16.332 16.269 17.276 16.929 19.616 22.232 22.699 22.444 22.073 21.860 20.423 18.615 17.783 19.552 23.604 24.705
-999.000 -999.000 -999.000 -999.000 -999.000 -999.000 -999.000 -999.000 -999.000 -999.000 -999.000 -999.000 24.309 24.071 20.839 20.755 19.132 18.763 18.060 17.674 17.469 17.880 18.356 19.080 18.542 17.413 18.005 17.469 17.290 16.821 16.840 18.025 18.674 20.595 18.509 17.211 17.536 15.987 15.906 17.841 17.085 18.243 19.037 20.331 21.146 23.218 22.824 21.968 21.908 22.032 22.095 21.393 18.044 15.148 18.887 20.194 20.148 20.348 21.785 20.017 18.970 19.104 17.984 17.007 16.669 15.933 18.302 18.489 20.365 23.590 24.908
-999.000 -999.000 -999.000 -999.000 -999.000 -999.000 -999.000 -999.000 -999.000 -999.000 -999.000 -999.000 27.071 21.070 19.835 19.203 18.517 17.556 17.502 17.878 17.968 17.964 17.978 18.081 17.994 17.636 17.339 17.245 16.859 16.437 18.228 18.952 19.044 20.100 19.650 18.676 17.545 17.393 17.807 18.502 19.672 20.970 21.593 22.419 23.452 22.939 22.921 22.382 22.176 20.487 20.316 19.056 16.850 19.408 19.536 20.873 20.905 20.004 18.425 16.109 17.981 17.351 16.863 17.384 18.569 18.720 20.395 21.584 22.921 24.245 25.089
-999.000 -999.000 -999.000 -999.000 -999.000 -999.000 -999.000 -999.000 -999.000 -999.000 -999.000 -999.000 26.889 22.746 19.561 17.680 16.819 17.628 17.997 17.606 17.448 16.866 17.349 17.267 17.393 16.674 16.445 16.514 16.409 18.047 17.437 17.150 17.454 16.951 15.843 15.319 13.468 14.381 15.321 16.701 18.926 19.783 21.424 23.859 22.016 20.571 20.165 20.128 18.654 16.141 18.770 21.655 19.790 19.167 19.033 17.682 17.596 15.727 17.256 19.710 20.370 19.747 19.601 19.800 20.714 21.607 22.683 23.799 24.413 25.004 25.096
-999.000 -999.000 -999.000 -999.000 -999.000 -999.000 -999.000 -999.000 -999.000 -999.000 -999.000 -999.000 -999.000 22.431 19.923 18.266 17.429 17.532 17.699 17.390 17.287 17.041 16.916 16.888 17.055 16.813 16.749 16.872 17.211 17.436 17.908 16.703 16.731 16.393 14.511 14.332 14.779 17.067 18.300 18.073 17.713 17.434 21.017 18.900 16.049 15.023 15.631 15.914 15.750 16.328 17.421 18.776 17.023 17.052 15.545 13.978 13.793 15.404 19.997 21.328 22.499 22.160 22.650 22.894 23.261 23.920 24.276 24.682 24.950 25.015 25.037
-999.000 -999.000 -999.000 -999.000 -999.000 -999.000 -999.000 -999.000 -999.000 -999.000 -999.000 -999.000 -999.000 22.066 18.443 17.427 17.548 17.498 17.509 17.013 17.018 16.835 17.030 16.782 16.963 16.664 16.045 15.487 15.195 16.684 18.420 19.327 19.657 19.406 18.883 18.692 18.586 18.898 20.030 20.312 19.765 18.499 21.151 19.963 18.285 18.189 18.371 18.270 16.177 14.238 13.157 16.258 15.254 15.618 15.444 17.187 17.503 19.690 21.361 23.196 24.087 24.293 24.406 24.671 24.500 24.870 25.173 25.335 25.032 24.878 24.725
-999.000 -999.000 -999.000 -999.000 -999.000 -999.000 -999.000 -999.000 -999.000 -999.000 -999.000 -999.000 23.097 19.874 16.985 17.272 17.201 17.241 16.822 17.122 17.053 17.187 17.120 16.793 15.928 15.441 15.390 15.869 16.599 18.739 19.549 19.678 20.251 20.820 20.729 20.859 20.991 20.947 21.360 21.567 21.569 21.370 21.265 20.957 19.678 18.184 15.437 15.321 13.937 13.524 13.849 16.561 18.613 20.524 20.391 21.195 21.645 22.298 22.859 23.619 24.411 24.929 25.136 25.073 25.329 25.631 25.688 25.598 25.066 24.718 24.905
-999.000 -999.000 -999.000 -999.000 -999.000 -999.000 -999.000 -999.000 -999.000 -999.000 -999.000 22.649 20.949 17.952 17.678 17.539 17.033 16.669 16.873 17.043 17.360 17.062 16.511 16.424 17.253 18.369 18.396 17.751 18.011 18.474 19.609 20.304 20.889 20.491 20.059 20.219 20.129 20.034 19.808 19.343 19.175 18.962 17.119 15.596 14.603 12.470 12.590 14.501 16.543 18.583 19.417 20.550 21.638 22.470 23.168 23.396 23.877 23.823 24.615 24.462 24.822 25.418 25.615 25.619 25.488 25.636 25.493 25.228 25.201 25.222 25.238
-999.000 -999.000 -999.000 -999.000 -999.000 -999.000 -999.000 -999.000 -999.000 -999.000 23.613 19.240 18.129 18.004 17.437 16.892 16.310 16.831 17.207 17.321 16.826 17.058 17.639 18.181 17.974 17.586 17.409 17.123 17.113 17.544 19.474 20.534 19.861 18.880 18.186 17.149 15.594 15.507 14.849 14.307 14.878 15.469 14.955 14.742 14.387 13.400 15.264 17.247 19.381 21.150 22.301 22.934 23.575 24.003 24.344 24.531 24.571 24.931 24.986 25.314 25.420 25.528 25.672 25.716 25.628 25.579 25.187 24.858 25.001 25.203 25.302
-999.000 -999.000 -999.000 -999.000 -999.000 -999.000 -999.000 -999.000 -999.000 21.398 19.315 18.080 17.503 16.946 15.811 15.869 16.716 17.070 17.226 16.499 16.541 16.628 16.659 16.430 16.301 16.039 16.181 16.597 17.398 17.550 18.500 18.886 16.371 15.465 14.435 14.219 15.204 15.017 16.232 15.555 15.868 17.159 16.653 15.303 15.891 17.094 19.727 21.184 22.239 23.482 23.898 24.526 24.896 25.155 25.184 25.291 25.253 25.286 25.521 25.524 25.554 25.585 25.620 25.555 25.273 25.206 25.069 24.864 25.013 25.256 25.213
-999.000 -999.000 -999.000 -999.000 -999.000 -999.000 -999.000 24.386 21.200 18.833 17.635 16.977 16.350 15.402 15.540 16.585 16.668 16.829 16.503 15.862 14.910 14.342 14.705 15.379 16.478 18.057 19.784 19.867 19.449 19.626 20.058 16.731 16.360 16.239 18.474 18.505 19.847 19.936 18.108 16.528 15.618 15.682 16.699 18.998 20.727 21.591 22.661 23.614 24.319 24.937 25.132 25.278 25.479 25.587 25.669 25.650 25.608 25.457 25.536 25.462 25.410 25.541 25.525 25.380 25.259 25.107 25.104 24.928 24.982 25.197 25.134
-999.000 -999.000 -999.000 -999.000 -999.000 -999.000 -999.000 21.411 19.280 17.673 16.715 15.819 15.701 15.779 16.337 16.643 16.595 15.705 14.652 13.990 13.789 16.360 18.225 19.555 20.466 20.436 21.227 22.164 21.926 21.282 19.172 19.634 20.984 20.184 20.974 21.432 20.207 18.018 19.053 19.621 19.485 19.941 19.639 20.422 22.485 24.256 24.833 25.087 25.184 25.461 25.574 25.676 25.732 25.623 25.543 25.427 25.155 24.939 25.052 25.050 25.456 25.474 25.516 25.456 25.262 25.128 24.848 24.657 25.139 25.239 24.997
-999.000 -999.000 -999.000 -999.000 -999.000 -999.000 22.715 19.798 17.822 16.748 16.470 16.694 16.627 16.698 16.496 16.278 14.813 13.905 13.918 15.153 17.292 19.704 20.690 21.373 21.186 20.606 20.897 20.341 19.704 19.521 19.257 20.682 20.442 19.666 18.791 20.639 19.146 19.574 20.037 18.684 18.786 20.203 22.204 23.336 24.358 24.873 25.466 25.563 25.603 25.668 25.751 25.725 25.274 25.062 24.896 24.456 24.273 24.569 25.180 25.290 25.266 25.439 25.465 25.338 25.086 24.757 24.701 24.818 25.000 25.107 24.772
-999.000 -999.000 -999.000 -999.000 -999.000 21.237 20.526 19.341 17.184 17.043 16.850 16.897 17.092 16.762 16.284 14.848 14.054 13.988 16.117 18.243 20.152 21.123 21.168 19.871 17.370 16.128 16.990 16.152 15.364 14.950 17.173 18.055 17.654 16.272 20.837 19.742 20.534 19.631 18.386 21.870 23.739 23.798 23.904 24.504 25.138 25.546 25.569 25.707 25.793 25.735 25.486 25.167 24.709 24.393 24.086 24.077 24.316 24.833 25.050 25.257 25.365 25.348 25.256 25.105 24.925 24.709 24.865 24.949 24.911 24.895 25.029
-999.000 -999.000 -999.000 -999.000 -999.000 24.610 20.814 17.822 17.387 16.831 16.837 16.876 16.569 15.837 14.767 13.293 14.612 17.609 19.016 20.368 20.375 19.574 17.118 15.338 15.256 14.891 14.657 14.066 13.379 12.890 12.862 15.743 18.140 19.625 21.395 22.855 20.985 21.991 23.988 23.605 24.178 24.403 24.893 25.376 25.658 25.704 25.727 25.869 25.657 25.020 24.728 24.457 24.014 23.965 24.437 24.412 24.578 24.935 25.031 25.281 25.298 25.292 25.248 25.088 24.815 24.758 24.961 24.815 24.408 24.913 24.847
-999.000 -999.000 -999.000 -999.000 -999.000 19.762 18.434 18.742 17.301 16.887 16.582 15.703 15.038 14.306 14.301 14.887 18.158 19.923 20.103 18.562 16.763 14.932 14.515 13.445 12.473 14.039 13.876 13.184 13.923 15.126 16.567 19.463 20.540 20.483 20.383 22.463 24.206 24.443 24.444 24.079 24.447 25.020 25.304 25.504 25.645 25.733 25.793 25.703 24.897 24.395 23.945 24.074 24.099 24.298 24.321 24.259 24.828 25.230 25.215 25.160 25.228 25.235 25.241 25.138 25.004 25.048 24.888 24.665 24.191 24.352 23.714
-999.000 -999.000 -999.000 -999.000 20.091 18.164 17.636 18.296 17.597 16.610 15.704 14.664 14.473 15.333 17.696 19.116 19.172 19.282 18.062 15.516 12.981 11.840 10.616 11.662 12.941 14.039 14.752 14.655 14.869 15.280 18.318 19.869 19.188 20.152 22.250 23.986 24.638 24.930 25.002 25.008 25.113 25.242 25.473 25.690 25.786 25.799 25.598 25.317 24.746 24.033 23.907 24.209 23.716 23.949 24.382 24.577 24.926 25.136 25.195 25.167 25.153 25.146 25.245 25.256 25.062 24.937 24.500 24.342 23.892 23.794 23.776
-999.000 -999.000 23.573 19.225 17.679 17.622 17.317 17.451 16.888 16.098 15.332 15.384 18.396 19.034 18.603 17.634 16.875 16.242 16.654 11.760 10.343 9.258 10.243 12.998 15.597 16.127 14.256 12.653 13.342 16.339 17.995 17.534 18.962 21.803 23.987 24.851 25.312 25.623 25.445 25.084 25.406 25.694 25.877 25.814 25.384 25.204 25.124 25.090 24.468 24.001 23.726 23.505 23.598 23.223 23.749 24.938 25.117 25.142 25.115 25.076 25.068 25.024 25.087 24.908 24.664 24.258 23.909 23.814 24.564 24.131 23.060
-999.000 22.925 18.913 17.152 16.943 17.133 16.810 16.361 16.414 16.235 16.671 18.624 18.105 17.096 16.530 16.412 16.142 15.044 12.014 11.268 9.685 11.821 13.740 15.658 16.793 13.807 13.661 15.320 17.476 15.994 16.309 18.615 22.085 23.882 24.916 25.625 25.519 25.335 25.392 25.626 25.645 25.884 25.682 24.715 24.705 25.226 25.040 24.731 24.197 23.673 23.389 22.778 22.832 23.505 24.425 24.932 25.158 25.056 25.076 25.026 24.993 24.988 25.028 24.900 24.074 23.833 23.819 24.040 23.146 23.517 23.161
18.761 18.020 16.560 16.054 16.846 16.959 16.796 16.279 16.028 18.058 18.571 17.112 16.210 15.783 15.334 15.212 15.959 14.168 11.507 11.249 13.359 14.948 16.440 17.266 17.137 16.515 18.135 18.362 17.793 18.040 19.318 21.561 23.827 25.466 25.782 25.516 25.638 25.718 25.324 25.373 25.690 25.624 25.076 25.223 25.135 25.038 24.916 24.411 23.896 23.329 22.986 23.038 24.072 24.316 24.722 25.073 25.002 25.020 24.996 24.957 24.911 24.889 25.003 24.860 24.416 24.347 23.480 23.984 23.690 22.596 22.605
15.205 15.186 15.319 16.811 17.294 16.365 16.034 16.456 18.072 17.859 16.261 15.203 14.600 14.504 14.501 15.799 17.086 13.210 12.451 14.537 16.048 17.729 18.658 18.788 19.130 19.290 19.404 19.528 19.352 20.966 22.692 24.139 25.232 25.731 25.277 25.061 25.126 24.993 25.088 25.604 25.695 25.894 25.766 25.293 25.203 25.026 24.496 23.663 23.145 23.341 23.819 24.491 24.658 25.015 24.765 24.863 24.956 24.933 24.929 24.888 24.873 24.837 24.941 24.583 24.183 24.408 24.121 23.712 22.688 22.101 21.984
14.126 15.024 16.401 16.989 16.939 15.656 16.314 17.774 16.369 15.384 15.361 14.962 14.938 14.820 16.661 17.846 15.357 13.465 15.391 16.783 18.222 19.232 19.892 20.045 19.881 19.594 19.515 20.175 22.062 23.634 24.688 25.454 25.823 25.785 25.071 24.312 24.948 25.591 25.392 25.465 25.776 25.652 25.353 25.040 24.649 24.487 24.264 23.655 23.866 24.646 24.567 24.797 25.176 24.910 24.409 24.641 24.869 24.883 24.866 24.815 24.775 24.861 24.686 24.013 24.038 24.296 24.470 23.920 23.615 22.355 21.752
15.034 16.256 16.815 16.732 16.771 15.589 16.738 15.241 14.371 13.258 13.798 15.833 17.633 17.822 18.084 18.417 15.124 15.074 16.778 18.106 18.636 19.800 20.312 20.074 19.682 19.100 20.080 23.145 24.254 24.978 25.612 25.875 25.674 25.135 24.617 24.835 25.199 25.457 25.638 25.782 25.559 25.059 24.942 24.544 24.377 24.685 24.980 24.884 24.599 24.626 24.838 24.844 24.672 24.392 24.282 24.429 24.802 24.863 24.817 24.747 24.721 24.633 24.171 24.221 23.603 24.187 23.324 22.590 22.603 22.653 22.399
16.415 16.676 16.642 16.646 15.557 15.172 14.837 12.866 12.168 12.128 14.749 15.963 16.601 17.688 19.146 18.391 13.914 15.419 17.350 17.176 19.047 20.233 20.357 19.250 19.392 20.550 23.403 24.355 25.406 25.773 25.900 25.905 25.118 24.435 24.456 25.099 25.473 25.617 25.639 25.699 25.221 25.061 24.650 24.509 24.414 24.785 24.926 24.901 24.767 24.366 24.289 24.321 24.544 23.914 24.039 24.461 24.667 24.808 24.774 24.696 24.644 24.910 24.463 23.798 24.242 24.195 23.161 22.119 22.036 22.129 20.895
16.374 16.294 15.825 15.285 15.777 14.352 12.883 13.156 13.831 14.090 15.566 17.747 18.828 19.365 20.227 16.681 14.287 15.949 17.510 18.563 19.807 20.592 20.693 20.737 22.554 23.845 24.448 25.615 25.779 25.782 25.837 25.282 24.706 24.762 25.007 25.177 25.564 25.618 25.653 25.683 25.138 24.848 24.341 24.009 24.541 24.534 24.611 24.574 24.482 24.161 24.059 24.202 24.053 23.745 23.967 24.257 24.586 24.738 24.722 24.613 24.539 24.451 24.003 24.469 24.248 23.012 22.282 22.072 21.818 20.782 20.110
16.334 15.298 14.546 15.846 15.599 13.194 13.639 14.233 15.391 18.060 19.460 20.327 20.704 20.726 20.270 15.430 16.034 17.497 18.739 20.299 21.888 23.069 23.518 24.073 24.266 25.121 25.782 25.785 25.790 25.838 25.826 25.364 25.294 25.097 25.009 25.512 25.579 25.607 25.660 25.673 25.442 24.998 24.553 24.414 24.350 24.541 24.533 24.522 24.275 23.896 23.841 23.719 23.565 23.827 24.043 24.152 24.405 24.640 24.616 24.539 24.499 24.531 24.248 23.927 23.819 22.643 23.108 22.488 20.978 20.568 20.621
15.375 14.328 15.409 15.936 13.242 12.642 14.243 17.249 18.719 19.578 20.625 21.136 21.276 21.105 18.665 15.895 17.069 18.920 21.160 23.097 24.399 24.961 25.079 25.241 25.658 25.785 25.790 25.793 25.867 25.737 25.607 25.625 25.286 25.539 25.557 25.456 25.585 25.606 25.689 25.295 24.873 25.035 24.851 24.577 24.548 24.520 24.436 24.342 24.245 23.793 23.532 23.504 23.658 23.834 24.035 24.297 24.493 24.580 24.498 24.441 24.243 24.206 24.198 24.188 23.263 23.340 22.911 21.770 20.828 21.015 20.929
14.668 16.017 16.389 14.677 12.321 13.956 16.076 18.392 19.884 20.642 21.132 21.435 21.359 20.329 15.997 16.960 20.014 21.650 23.812 24.753 25.291 25.890 25.614 25.370 25.772 25.834 25.857 25.964 25.516 25.191 25.590 25.380 25.626 25.582 25.579 25.575 25.555 25.618 25.397 24.720 24.747 24.704 24.683 24.495 24.446 24.480 24.257 24.053 23.883 23.461 23.778 23.762 23.721 23.903 24.205 24.406 24.532 24.591 24.470 24.478 24.007 23.633 23.463 23.999 23.619 23.545 22.484 20.918 20.635 21.150 21.167
15.896 16.685 15.361 12.990 12.921 14.694 17.859 19.599 20.513 21.165 21.581 21.292 19.797 17.033 15.897 20.007 21.549 23.634 24.969 25.706 25.975 25.491 24.327 25.526 25.805 25.815 25.581 24.942 24.333 25.514 25.253 25.507 25.592 25.634 25.634 25.567 25.668 25.571 24.846 24.665 24.298 24.519 23.829 23.731 24.148 24.452 24.443 24.050 23.977 23.690 23.954 23.971 23.899 23.980 24.209 24.512 24.531 24.389 24.389 24.171 23.347 22.871 23.012 23.894 23.836 23.060 21.781 20.811 21.325 21.861 21.159
