Source/meteoio/tests/2D_interpolations/2009-01-19T12.00.00_P_ref.asc
ncols               386
nrows               229
xllcorner    479500.000
yllcorner     73500.000
cellsize       1000.000
NODATA_value -999
[rows 162 to 188 of 229, columns 60 to 119 of 386]
-999.000 -999.000 -999.000 -999.000 -999.000 -999.000 -999.000 -999.000 -999.000 -999.000 -999.000 -999.000 96935.514 96935.514 96935.514 96935.514 96935.514 96935.514 96935.514 96935.514 96935.514 96780.215 91032.095 91794.708 90635.275 86354.005 80671.521 84308.115 86582.971 84849.704 86392.941 83309.465 83280.881 81911.204 85693.433 84150.970 82140.989 82081.039 87317.211 80394.599 82160.035 85317.826 80079.545 80227.605 85204.956 85494.317 85931.588 88471.992 85803.470 81703.220 84896.724 86260.996 86975.934 84176.800 82315.270 81068.610 80314.995 80641.678 83624.520 83050.654
-999.000 -999.000 -999.000 -999.000 -999.000 -999.000 -999.000 -999.000 -999.000 -999.000 -999.000 -999.000 96935.514 96935.514 96935.514 96935.514 96935.514 96935.514 96935.514 96935.514 96935.514 96461.449 94636.705 89841.711 85108.054 81725.411 84956.778 85188.469 83667.595 82210.808 85102.841 82620.042 79894.164 83520.764 85294.636 84927.631 83329.858 84186.204 84964.066 82942.371 81506.737 84890.273 80001.087 82797.493 83748.035 82365.207 84879.765 88186.272 85352.202 83358.456 82103.314 84579.854 86786.368 83413.111 79642.822 78411.041 79801.109 82186.584 80696.580 80197.498
-999.000 -999.000 -999.000 -999.000 -999.000 -999.000 -999.000 -999.000 -999.000 -999.000 -999.000 -999.000 96935.514 96935.514 96935.514 96935.514 96935.514 96935.514 96934.471 96927.287 96919.291 96895.077 93514.997 86782.131 82361.856 84694.855 84390.919 83771.705 82473.589 81317.571 82939.206 79203.217 81049.770 83729.308 85283.357 83935.388 83347.385 80125.300 80618.928 80849.465 82562.148 82172.397 80434.525 84125.354 82570.285 80153.398 84118.227 87886.318 86103.216 82883.171 81237.326 83295.223 85801.581 82985.058 79833.965 79153.369 79906.148 76382.205 77956.385 82316.386
-999.000 -999.000 -999.000 -999.000 -999.000 -999.000 -999.000 -999.000 -999.000 -999.000 -999.000 -999.000 92823.654 95585.173 95676.866 96679.800 96900.754 96919.291 96895.077 96880.019 96876.544 96885.694 91497.976 85946.405 86063.123 84760.300 84431.517 79432.629 79126.636 83569.033 83757.091 80570.950 83178.289 85820.264 83508.546 80075.576 80635.691 77947.745 75277.251 78959.823 79559.875 79919.026 80908.684 83452.095 80440.500 82906.439 85943.358 87941.767 85697.627 82154.058 79215.019 80081.629 81472.619 80085.499 80892.475 74711.841 73964.573 77900.286 78526.018 76831.025
-999.000 -999.000 -999.000 -999.000 -999.000 -999.000 -999.000 -999.000 -999.000 -999.000 -999.000 91757.019 88362.300 89404.504 91938.815 94507.333 96853.149 96893.919 96881.061 96855.465 96866.004 95417.790 87606.192 85191.495 83867.473 82564.182 78507.659 77531.126 82286.963 83873.448 86193.769 85696.684 86001.173 84874.564 81583.270 77800.399 78823.364 79847.724 79667.522 77580.529 78514.397 78987.196 80655.850 80678.609 82581.578 85590.424 86836.060 85972.682 86818.151 80344.740 72917.755 77075.233 81961.649 77384.419 75788.138 74417.998 74795.540 71795.513 73950.713 75669.795
-999.000 -999.000 -999.000 -999.000 -999.000 -999.000 -999.000 -999.000 -999.000 88763.857 90137.241 87719.181 83199.885 82495.137 82715.962 88470.808 94851.695 96876.544 96866.004 96848.633 96842.959 95050.201 88417.024 84338.227 83048.712 84243.988 80355.784 80614.937 83247.082 85147.576 87718.113 87684.140 88204.516 86231.487 85122.651 84113.890 83669.857 84234.786 83118.032 82366.120 82821.863 80975.648 79227.904 82091.163 84657.580 86369.831 82977.193 79511.621 80675.813 80905.482 75972.304 76539.896 79334.005 77854.500 73150.523 71741.772 71759.017 73094.301 75652.739 75128.460
-999.000 -999.000 -999.000 -999.000 -999.000 -999.000 -999.000 -999.000 -999.000 84962.192 82847.361 80458.527 80652.556 81083.845 86192.610 90996.092 92930.097 96844.580 96842.959 96851.528 96850.370 96846.896 93953.202 87122.047 88158.803 87086.562 82306.036 81766.882 85541.731 88174.682 90682.578 91011.285 89388.228 89646.869 89052.935 88109.034 88097.882 87743.653 87306.247 85430.294 84053.495 83587.320 83532.778 84692.570 84879.869 84049.676 77367.918 76873.827 75908.531 79166.738 73758.378 74726.380 77129.502 73897.803 69557.517 69935.980 72642.399 75768.309 80525.986 81086.552
-999.000 -999.000 -999.000 -999.000 -999.000 -999.000 -999.000 -999.000 -999.000 -999.000 80599.874 81567.153 82749.585 84654.466 85388.889 84210.079 87311.782 91895.641 96846.201 96859.055 96842.959 96848.864 96008.701 90919.831 90657.442 86696.262 81565.239 84262.705 87083.057 89116.232 89774.185 86308.650 86610.568 85606.241 86038.718 86074.802 86271.432 86412.783 88115.254 87671.323 86316.876 85895.973 82656.689 80226.710 78368.814 79955.588 78248.376 75722.784 77857.409 78176.049 71927.916 72984.816 70810.988 72078.461 69581.593 71990.870 74754.901 72375.658 74371.825 81386.117
-999.000 -999.000 -999.000 -999.000 -999.000 -999.000 -999.000 -999.000 -999.000 -999.000 77467.644 79474.237 78264.737 82553.095 86155.748 89402.443 90467.628 95059.097 96827.906 96831.264 96841.801 96840.411 96798.733 93699.503 92247.726 85604.355 86168.385 87166.048 87888.352 92547.546 89951.474 84865.202 84776.096 82323.185 82148.891 80668.826 82417.809 83199.782 86194.822 87539.821 82510.081 79880.101 78321.342 75056.508 74249.496 79273.952 74461.762 74473.735 77444.272 77758.438 74565.551 73113.468 74243.057 74983.389 72031.650 73404.416 74489.640 75501.075 79440.516 79022.725
-999.000 -999.000 -999.000 -999.000 -999.000 -999.000 -999.000 -999.000 -999.000 -999.000 -999.000 80364.840 84614.715 85714.299 84695.790 88458.113 90130.796 92858.341 96832.306 96849.906 96839.253 96804.521 96765.402 96351.617 94213.800 89164.730 89069.702 90406.400 94562.971 88738.184 87742.691 79493.075 80913.387 81582.464 81703.422 81203.199 82311.008 83630.893 84121.222 86051.446 81761.836 77111.505 73480.446 71646.445 74359.865 73831.547 74532.970 76548.696 77169.549 76367.024 75076.563 73559.967 73690.740 75330.961 73418.378 73054.875 72970.093 74537.650 76622.382 79960.742
-999.000 -999.000 -999.000 -999.000 -999.000 -999.000 -999.000 -999.000 -999.000 -999.000 -999.000 -999.000 82418.926 83651.350 83764.398 84691.843 86941.982 89730.533 96532.803 96832.306 96805.679 96772.345 96742.029 96635.751 96304.347 93520.512 94311.109 92720.888 89626.969 85566.441 83037.164 80570.850 81359.979 80013.283 81423.424 81742.664 82502.049 81774.956 82438.024 83584.238 84678.344 77102.171 73265.009 71611.188 72453.383 74152.683 75088.616 76085.795 77724.728 78681.620 77902.324 75248.002 76297.067 77960.560 74717.469 76572.423 75502.872 77044.360 79615.462 80669.724
-999.000 -999.000 -999.000 -999.000 -999.000 -999.000 -999.000 -999.000 -999.000 -999.000 -999.000 -999.000 -999.000 82187.597 84958.860 86932.541 87988.781 91143.479 94882.782 96768.758 96768.758 96772.345 96776.743 96692.405 96500.700 95362.887 91636.169 90949.757 88047.712 83489.965 83468.617 84937.103 82601.012 83407.778 84252.467 84509.132 82978.010 81099.082 80745.717 76577.016 76106.834 73527.650 70795.724 71631.308 72676.142 74108.134 75264.796 76313.669 77561.963 81142.802 83134.397 79455.403 79774.298 79211.380 76040.877 81007.794 76222.777 79859.604 82141.091 85228.961
-999.000 -999.000 -999.000 -999.000 -999.000 -999.000 -999.000 -999.000 -999.000 -999.000 -999.000 -999.000 -999.000 -999.000 82956.462 84437.629 85840.209 90544.568 92270.213 96730.691 96808.225 96784.844 96783.687 96755.913 96657.716 95464.821 93906.212 91688.326 86544.916 86405.395 87185.503 86160.171 84514.419 85804.520 84360.791 82514.351 81793.226 78634.385 73905.891 73094.485 70561.004 68758.928 72449.083 80069.821 77607.804 77121.417 77201.234 77821.434 75934.567 79130.763 83651.144 84152.933 82923.689 75995.124 76631.573 82187.496 79799.229 82469.727 85403.211 88114.396
-999.000 -999.000 -999.000 -999.000 -999.000 -999.000 -999.000 -999.000 -999.000 -999.000 -999.000 -999.000 -999.000 -999.000 -999.000 -999.000 82940.329 87119.391 87481.380 95438.385 96775.701 96789.589 96784.844 96773.502 96716.810 96612.751 96055.853 92131.021 88677.800 89434.676 89060.074 86565.950 86646.319 84471.716 82512.419 80236.350 79441.502 83442.963 82191.651 79516.455 77988.623 77462.622 80191.736 81758.607 83895.087 84719.158 82084.076 77153.182 76760.148 78705.784 81296.374 85234.284 85026.450 76614.437 79892.282 83915.699 81731.263 84983.954 86840.193 89974.378
-999.000 -999.000 -999.000 -999.000 -999.000 -999.000 -999.000 -999.000 -999.000 -999.000 -999.000 -999.000 -999.000 -999.000 -999.000 -999.000 81367.920 85456.861 86133.742 93490.013 96730.691 96750.128 96729.303 96728.146 96695.991 96620.725 96416.097 93660.392 91167.952 92489.638 90176.573 88541.951 87011.169 86739.559 85769.996 85542.674 86071.435 84521.572 79147.275 79874.159 78808.965 79401.287 82102.402 84531.733 86054.812 83372.091 76468.950 75885.827 78527.092 79777.563 83175.117 85685.256 86560.982 80146.149 81794.135 86317.192 85423.288 87285.386 88990.971 91410.766
-999.000 -999.000 -999.000 -999.000 -999.000 -999.000 -999.000 -999.000 -999.000 -999.000 -999.000 -999.000 -999.000 -999.000 -999.000 -999.000 82733.180 84956.882 84382.636 90384.282 95193.992 96567.456 96736.244 96730.691 96717.966 96544.468 96274.495 95408.752 94841.790 91301.325 88676.722 87663.954 90099.123 87908.687 85313.438 83744.742 81132.974 76709.253 78784.481 79146.292 78033.211 77211.926 81425.235 83924.255 86043.136 84180.210 78130.617 76731.199 79432.827 83142.785 87024.864 88160.627 85230.005 83623.287 86597.773 88819.215 87553.796 89074.138 90903.661 92507.264
-999.000 -999.000 -999.000 -999.000 -999.000 -999.000 -999.000 -999.000 -999.000 -999.000 -999.000 -999.000 -999.000 -999.000 -999.000 -999.000 82956.462 83379.269 81903.018 86131.426 91929.935 93189.959 96647.427 96693.446 96672.631 96453.370 96208.941 95625.051 95126.525 94595.686 92077.437 92655.742 88356.066 83582.286 82380.131 81625.387 79248.367 81715.122 78502.582 76758.998 75110.185 77646.311 81865.734 77721.726 83776.749 88110.321 79848.714 78722.810 81949.617 85617.974 87871.979 91526.730 84822.875 86862.557 88921.588 90266.106 89978.850 91085.184 93363.940 92167.944
-999.000 -999.000 -999.000 -999.000 -999.000 -999.000 -999.000 -999.000 -999.000 -999.000 -999.000 -999.000 -999.000 -999.000 -999.000 81819.174 81385.011 80202.764 81671.858 84618.035 88472.960 93048.632 96500.700 96599.923 96636.792 96618.645 96425.674 94749.383 94039.438 94126.529 89842.909 88890.262 90435.640 88895.770 87761.930 83255.275 83804.442 79420.012 73423.834 72624.799 77249.406 80420.285 78246.428 75666.668 84126.490 88516.545 80855.565 80619.028 85437.720 88501.261 90512.339 88799.464 89047.851 89382.912 90989.377 92078.771 91483.603 92338.257 95236.364 94264.540
-999.000 -999.000 -999.000 -999.000 -999.000 -999.000 -999.000 -999.000 -999.000 -999.000 -999.000 -999.000 -999.000 -999.000 83910.134 83846.355 82739.803 83520.558 83234.897 84067.636 89317.835 93261.024 95802.027 96505.088 96625.233 96602.350 96544.584 96374.798 96081.622 92920.467 87000.661 85667.855 85738.630 85939.154 84318.152 84171.944 80501.468 76356.140 73262.240 75427.982 77488.897 77139.608 73879.027 78328.066 83081.321 88175.112 85937.368 84567.718 86638.068 89916.364 93726.900 91393.090 91460.498 92002.107 92525.674 92476.588 94013.436 95490.805 95482.562 95467.568
-999.000 -999.000 -999.000 -999.000 -999.000 -999.000 -999.000 -999.000 -999.000 -999.000 -999.000 -999.000 -999.000 82887.150 83811.546 86385.659 86763.067 86073.540 87343.614 86219.158 90713.319 94013.210 93323.594 94560.473 93766.260 96623.152 96582.591 96108.893 95450.172 93578.831 87216.022 83712.127 82973.823 80440.400 84772.770 79245.711 73930.996 74330.999 75082.966 75462.299 74487.955 71746.492 72691.642 74890.404 81023.621 86993.975 89755.459 88675.428 90558.602 92162.271 94220.481 92184.296 93022.853 92693.842 94767.472 95457.839 95524.352 95507.291 95503.856 94774.298
-999.000 -999.000 -999.000 -999.000 -999.000 -999.000 -999.000 -999.000 -999.000 -999.000 -999.000 -999.000 -999.000 82483.854 85925.599 83025.003 82858.582 83007.532 85192.330 89645.781 93203.540 91315.786 89401.466 90293.451 89332.907 95176.523 96307.690 95025.227 94586.938 92058.655 83840.690 82499.914 79715.260 80012.192 84795.533 77794.486 75312.362 75655.676 77659.860 79092.347 78107.277 80721.545 77211.637 76793.614 83889.934 88112.787 90552.023 91755.911 94044.978 94698.431 95329.843 95277.038 92991.590 95444.106 95375.466 95574.748 95491.034 95391.708 94248.794 87948.191
-999.000 -999.000 -999.000 -999.000 -999.000 -999.000 -999.000 -999.000 -999.000 -999.000 -999.000 -999.000 -999.000 83777.778 83599.856 81252.486 83469.540 85485.946 88355.636 92527.794 90092.353 88366.384 84449.957 86571.447 88948.493 92472.684 93625.350 96420.020 95393.995 86927.344 82690.395 80475.363 75384.797 80922.693 83300.346 76656.661 75326.429 77576.758 76287.527 82202.698 83846.561 86356.009 88329.951 87237.401 84300.977 90940.515 91853.482 95627.228 95681.567 95610.152 95518.855 95433.922 95626.426 95649.121 95591.819 95486.340 94137.732 91898.970 93323.594 87602.670
-999.000 -999.000 -999.000 -999.000 -999.000 -999.000 -999.000 -999.000 -999.000 -999.000 -999.000 -999.000 81871.998 83648.163 81897.056 82274.791 84475.965 85123.381 89212.816 91299.007 88726.212 83752.871 82507.031 82916.748 88342.954 91621.667 96189.362 96493.542 92835.849 86793.466 85039.161 77976.096 74472.800 78581.603 75367.037 74856.204 76319.299 81266.344 79969.563 82334.755 86800.881 89982.123 91119.342 91233.019 86898.498 91244.161 95507.291 95606.829 95707.599 95691.773 95685.007 95668.725 95676.866 94422.337 92180.959 90750.768 89646.760 90768.454 94326.069 87459.952
-999.000 -999.000 -999.000 -999.000 -999.000 -999.000 -999.000 -999.000 -999.000 -999.000 -999.000 -999.000 80721.645 81406.227 79947.462 81850.380 83835.540 87554.863 91141.164 88564.347 85783.846 82710.766 81304.511 83857.068 87818.491 90515.736 96157.007 96404.675 94187.759 87492.788 81784.949 76356.522 74711.748 75972.304 75505.048 76008.534 77025.995 80170.082 84398.064 86252.459 86342.084 88248.531 89718.452 93425.891 94099.377 95223.114 95693.951 95693.951 95700.832 95693.951 95693.951 93846.260 91832.408 89887.478 88192.711 86876.338 86754.701 89262.333 93308.988 88319.206
-999.000 -999.000 -999.000 -999.000 -999.000 -999.000 -999.000 -999.000 -999.000 -999.000 -999.000 -999.000 78599.487 79888.122 80308.928 81669.035 84312.564 88474.251 91260.160 86475.502 86263.315 80227.704 80778.589 86405.711 85674.564 84644.189 92316.871 95807.307 96009.850 89454.541 85337.468 79266.473 73244.703 73703.447 75109.431 77447.169 77948.813 79260.372 82234.226 86899.452 87674.313 90515.736 89741.417 94413.263 94805.251 95393.538 95743.158 95712.301 94293.884 91740.175 90311.939 92104.226 87441.726 85668.065 84356.961 83474.466 83885.813 87469.546 93519.386 88067.220
-999.000 -999.000 -999.000 -999.000 -999.000 -999.000 -999.000 -999.000 -999.000 -999.000 -999.000 -999.000 78626.955 82273.878 84198.502 85018.324 86321.411 89536.756 88883.781 82804.732 80558.885 81830.282 77791.676 82100.377 79098.929 84228.479 88050.070 94615.000 95582.653 93710.777 87273.361 83764.398 78399.337 75841.574 75541.097 74835.634 77862.453 80365.735 81081.640 85519.434 90908.941 93521.637 95573.602 95413.557 95467.224 95735.931 95688.332 91801.360 88051.249 86937.951 89109.738 90784.824 87599.468 83123.146 80218.761 79695.292 81826.545 86063.018 92068.657 89589.244
-999.000 -999.000 -999.000 -999.000 -999.000 -999.000 -999.000 -999.000 -999.000 -999.000 -999.000 78713.905 81694.950 82073.953 80482.138 85025.825 89340.607 89484.618 84321.463 83572.937 78432.406 75482.158 72620.950 77642.537 80749.613 87414.979 90280.434 91322.078 95892.395 94989.542 87855.288 80331.707 78936.085 77302.424 76497.724 73330.483 79131.550 83313.359 80359.665 87170.300 92518.421 95720.330 95811.898 95783.204 95719.298 94734.937 89111.037 86725.901 85027.700 84955.945 84954.800 89117.422 85460.104 85334.542 79794.084 78846.094 81488.721 85873.811 90792.625 91897.749
