Source/meteoio/tests/2D_interpolations/2009-01-19T12.00.00_TSS_ref.asc
ncols               386
nrows               229
xllcorner    479500.000
yllcorner     73500.000
cellsize       1000.000
NODATA_value -999
[rows 58 to 86 of 229, columns 66 to 131 of 386]
-999.000 -999.000 -999.000 -999.000 -999.000 -999.000 -999.000 -999.000 -999.000 -999.000 -999.000 -999.000 -999.000 -999.000 -999.000 -999.000 -999.000 -999.000 -999.000 -999.000 -999.000 -999.000 -999.000 -999.000 -999.000 -999.000 283.514 282.983 282.688 280.118 280.266 280.996 281.842 283.099 282.188 280.767 282.100 282.865 282.733 282.423 282.888 282.882 282.799 282.271 282.672 283.480 283.487 283.238 283.356 283.512 283.452 283.372 283.284 283.121 283.121 282.841 282.883 282.697 282.562 282.204 280.686 278.928 279.236 279.651 279.400 279.072
-999.000 -999.000 -999.000 -999.000 -999.000 -999.000 -999.000 -999.000 -999.000 -999.000 -999.000 -999.000 -999.000 -999.000 -999.000 -999.000 -999.000 -999.000 -999.000 -999.000 -999.000 -999.000 -999.000 -999.000 -999.000 -999.000 280.671 280.632 279.698 279.921 281.360 282.607 281.764 282.111 279.862 281.221 282.777 282.926 283.016 283.079 283.142 283.221 283.192 283.097 283.356 283.306 283.185 282.797 282.808 283.436 282.905 282.821 282.125 282.590 282.867 281.704 281.504 281.699 281.512 282.075 280.916 280.436 279.801 279.938 278.805 278.489
-999.000 -999.000 -999.000 -999.000 -999.000 -999.000 -999.000 -999.000 -999.000 -999.000 -999.000 -999.000 -999.000 -999.000 -999.000 -999.000 -999.000 -999.000 -999.000 -999.000 -999.000 -999.000 -999.000 -999.000 279.918 279.850 280.256 280.268 280.468 281.094 282.547 283.021 281.136 279.881 281.475 282.062 282.329 282.708 282.899 282.724 282.574 283.031 282.548 282.829 282.671 282.987 282.510 282.768 282.665 282.724 281.535 281.276 280.841 281.231 280.671 281.910 282.325 282.305 281.177 280.788 279.321 279.761 279.074 280.224 278.122 278.748
-999.000 -999.000 -999.000 -999.000 -999.000 -999.000 -999.000 -999.000 -999.000 -999.000 -999.000 -999.000 -999.000 -999.000 -999.000 -999.000 -999.000 -999.000 -999.000 -999.000 -999.000 -999.000 -999.000 281.765 281.237 280.539 281.868 282.008 283.243 282.803 280.970 279.863 279.406 280.781 281.652 280.685 280.182 281.981 280.640 281.207 280.542 281.255 281.230 281.249 281.436 281.877 281.155 280.770 280.243 281.650 282.139 281.099 281.633 281.127 281.356 281.516 281.521 281.713 280.386 280.008 278.369 277.616 278.106 277.637 277.425 278.046
-999.000 -999.000 -999.000 -999.000 -999.000 -999.000 -999.000 -999.000 -999.000 -999.000 -999.000 -999.000 -999.000 -999.000 -999.000 -999.000 -999.000 -999.000 -999.000 -999.000 -999.000 -999.000 280.385 282.489 282.878 282.467 282.754 280.611 280.602 280.310 279.253 279.427 280.876 280.687 279.672 279.290 279.455 281.436 280.452 278.841 280.932 280.309 279.570 278.815 279.334 279.246 278.855 279.812 279.382 280.079 281.832 281.965 278.901 278.249 278.128 278.873 279.261 279.880 281.815 279.659 278.348 279.980 279.764 278.277 278.695 280.516
-999.000 -999.000 -999.000 -999.000 -999.000 -999.000 -999.000 -999.000 -999.000 -999.000 -999.000 -999.000 -999.000 -999.000 -999.000 -999.000 -999.000 -999.000 -999.000 -999.000 -999.000 283.085 281.992 282.470 281.925 281.552 280.286 279.002 278.940 278.889 279.557 281.220 279.805 279.900 280.520 281.751 282.124 282.481 282.604 282.486 282.286 281.991 281.886 281.652 281.318 280.844 280.057 278.531 279.692 281.794 282.918 279.503 278.076 276.666 276.972 277.981 277.841 278.004 279.526 280.737 279.726 278.974 278.697 277.835 279.192 280.600
-999.000 -999.000 -999.000 -999.000 -999.000 -999.000 -999.000 -999.000 -999.000 -999.000 -999.000 -999.000 -999.000 -999.000 -999.000 -999.000 -999.000 -999.000 283.013 282.877 282.124 281.491 280.359 279.368 279.234 279.241 279.299 279.562 279.180 279.566 279.970 279.165 279.524 279.168 279.132 279.006 279.656 280.432 281.436 279.616 280.196 280.538 279.408 279.553 279.613 278.034 278.159 278.079 278.436 280.891 280.785 278.884 278.632 279.894 280.600 280.377 280.514 280.770 279.240 278.522 277.944 277.880 278.831 278.521 280.457 282.658
-999.000 -999.000 -999.000 -999.000 -999.000 -999.000 -999.000 -999.000 -999.000 -999.000 -999.000 -999.000 -999.000 -999.000 -999.000 -999.000 -999.000 281.910 281.989 280.429 280.626 279.406 279.329 279.224 279.222 279.026 279.364 279.554 280.129 279.875 278.807 279.362 279.016 278.842 278.719 278.898 279.608 279.804 280.935 279.078 278.616 278.770 277.879 277.983 279.173 278.513 279.610 279.890 281.376 281.426 282.208 281.942 282.085 282.156 282.006 281.784 281.145 279.324 277.319 279.984 281.012 280.991 280.906 282.152 281.481 280.299
-999.000 -999.000 -999.000 -999.000 -999.000 -999.000 -999.000 -999.000 -999.000 -999.000 -999.000 -999.000 -999.000 -999.000 -999.000 -999.000 -999.000 282.832 279.989 279.842 279.706 279.612 279.236 279.020 279.260 279.363 279.501 279.565 279.484 279.125 279.050 279.120 278.906 278.883 278.433 279.614 280.335 280.291 280.654 280.210 280.057 279.276 279.442 280.074 280.527 281.231 282.048 282.310 282.350 282.515 282.162 282.206 281.717 281.421 280.621 281.184 279.429 277.698 280.541 280.725 281.417 281.120 280.798 279.945 277.701 278.854
-999.000 -999.000 -999.000 -999.000 -999.000 -999.000 -999.000 -999.000 -999.000 -999.000 -999.000 -999.000 -999.000 -999.000 -999.000 -999.000 -999.000 282.976 280.515 279.976 278.872 278.417 279.074 279.408 279.158 279.092 278.602 278.975 278.852 279.000 278.534 278.428 278.540 278.325 279.730 279.115 278.663 278.994 278.498 277.819 277.768 276.677 277.442 277.640 278.305 279.890 280.890 281.236 282.445 281.558 280.983 280.770 280.657 279.776 278.183 279.917 281.166 280.639 280.900 279.961 279.073 279.272 278.182 278.800 280.342 281.124
-999.000 -999.000 -999.000 -999.000 -999.000 -999.000 -999.000 -999.000 -999.000 -999.000 -999.000 -999.000 -999.000 -999.000 -999.000 -999.000 -999.000 -999.000 281.127 279.970 279.359 279.121 279.296 279.197 278.919 278.908 278.832 278.804 278.716 278.853 278.593 278.682 278.761 279.378 279.485 279.429 278.553 278.454 278.077 276.983 276.942 277.266 279.169 279.937 279.689 279.242 278.836 281.808 279.144 277.538 277.167 277.633 277.560 277.304 278.240 279.960 280.440 278.433 278.742 277.720 276.932 276.780 277.720 281.412 281.880 282.037
-999.000 -999.000 -999.000 -999.000 -999.000 -999.000 -999.000 -999.000 -999.000 -999.000 -999.000 -999.000 -999.000 -999.000 -999.000 -999.000 -999.000 -999.000 280.944 279.176 278.948 279.138 279.080 279.076 278.768 278.803 278.660 278.825 278.599 278.728 278.605 278.371 278.123 277.909 278.672 279.376 280.057 280.580 280.201 279.932 280.090 280.158 280.281 280.653 280.554 280.206 279.552 281.478 279.600 279.107 279.362 279.810 279.971 278.513 277.597 276.761 278.587 277.564 277.876 277.371 278.882 279.048 281.416 282.060 282.586 282.947
-999.000 -999.000 -999.000 -999.000 -999.000 -999.000 -999.000 -999.000 -999.000 -999.000 -999.000 -999.000 -999.000 -999.000 -999.000 -999.000 -999.000 281.380 279.432 278.365 278.912 278.831 278.956 278.625 278.902 278.829 278.877 278.844 278.766 278.288 277.820 277.564 277.944 278.572 280.372 280.672 280.525 280.650 280.821 280.969 281.212 281.298 281.208 281.409 281.484 281.425 281.564 281.272 280.950 280.632 280.008 278.171 278.015 276.865 276.596 276.861 278.631 279.562 281.275 281.053 281.910 281.960 282.530 282.134 282.456 282.993
-999.000 -999.000 -999.000 -999.000 -999.000 -999.000 -999.000 -999.000 -999.000 -999.000 -999.000 -999.000 -999.000 -999.000 -999.000 -999.000 281.440 280.532 278.772 279.146 279.187 278.838 278.629 278.748 278.823 279.026 278.915 278.516 278.308 278.713 279.652 279.948 279.563 279.963 280.220 280.582 280.558 280.961 280.717 280.471 280.525 280.528 280.715 280.538 280.325 280.316 279.989 278.594 277.760 277.132 275.819 276.093 277.324 278.585 280.184 280.885 281.629 282.132 282.265 282.449 282.501 282.838 282.515 283.080 283.099 283.232
-999.000 -999.000 -999.000 -999.000 -999.000 -999.000 -999.000 -999.000 -999.000 -999.000 -999.000 -999.000 -999.000 -999.000 -999.000 281.742 279.114 278.917 279.094 279.120 278.810 278.366 278.742 278.906 279.040 278.744 278.823 279.177 279.726 279.740 279.351 279.004 278.889 278.978 279.058 280.410 280.866 280.343 279.764 279.408 279.031 277.898 277.832 277.339 276.953 277.438 277.592 277.048 277.178 277.194 276.755 278.344 279.352 280.802 281.607 282.043 282.361 282.502 282.639 282.804 282.986 282.845 283.265 283.297 283.360 283.500
-999.000 -999.000 -999.000 -999.000 -999.000 -999.000 -999.000 -999.000 -999.000 -999.000 -999.000 -999.000 -999.000 -999.000 280.792 279.005 278.946 279.057 278.820 278.140 278.076 278.649 278.951 279.003 278.399 278.484 278.712 278.881 278.650 278.443 278.240 278.172 278.204 278.764 279.151 279.552 279.502 278.030 277.817 277.097 276.721 277.554 277.215 277.946 277.758 278.276 279.259 279.144 278.176 278.184 278.829 280.992 281.699 282.276 282.734 282.673 283.096 283.216 283.418 283.384 283.377 283.349 283.408 283.488 283.482 283.473
-999.000 -999.000 -999.000 -999.000 -999.000 -999.000 -999.000 -999.000 -999.000 -999.000 -999.000 -999.000 282.308 280.340 279.027 278.770 278.765 278.455 277.764 277.892 278.733 278.701 278.694 278.418 278.139 277.830 277.449 277.403 277.659 278.221 279.180 280.648 280.692 280.293 279.997 280.640 278.297 278.077 277.915 279.787 279.576 280.480 280.998 279.936 278.546 278.081 277.815 278.068 279.888 281.595 282.282 282.669 282.660 283.075 283.304 283.333 283.465 283.495 283.495 283.492 283.496 283.492 283.434 283.456 283.449 283.440
-999.000 -999.000 -999.000 -999.000 -999.000 -999.000 -999.000 -999.000 -999.000 -999.000 -999.000 -999.000 280.469 279.400 278.891 278.642 278.039 277.890 277.995 278.591 278.660 278.513 278.105 277.480 277.145 276.919 278.524 279.600 280.582 281.336 281.409 281.512 281.656 281.665 281.640 279.697 279.873 281.461 280.988 281.797 281.869 280.920 279.095 279.516 279.879 280.355 281.312 281.174 281.559 282.366 283.132 283.260 283.317 283.396 283.454 283.485 283.488 283.494 283.492 283.416 283.368 283.261 283.170 283.240 283.008 283.404
-999.000 -999.000 -999.000 -999.000 -999.000 -999.000 -999.000 -999.000 -999.000 -999.000 -999.000 281.453 279.520 278.900 278.511 278.344 278.592 278.614 278.748 278.523 278.372 277.426 276.980 277.105 277.848 279.294 281.067 281.276 281.446 281.057 280.982 281.381 280.687 280.306 280.331 280.166 281.639 280.644 280.819 279.770 280.386 279.424 279.740 281.062 280.250 279.744 280.204 281.449 282.397 283.231 283.193 283.451 283.470 283.485 283.488 283.489 283.485 283.196 283.079 282.996 282.752 282.664 282.875 283.268 283.365 283.359
-999.000 -999.000 -999.000 -999.000 -999.000 -999.000 -999.000 -999.000 -999.000 -999.000 280.410 279.465 279.401 278.662 278.772 278.768 278.804 278.884 278.584 278.308 277.478 277.239 277.129 278.532 279.980 281.247 281.293 280.930 280.473 278.825 278.033 278.589 277.972 277.659 277.360 279.402 279.932 279.177 277.899 281.655 279.736 280.354 280.810 279.132 281.136 282.852 283.228 283.381 283.449 283.453 283.485 283.487 283.488 283.492 283.488 283.388 283.111 282.795 282.783 282.531 282.528 282.761 283.180 283.281 283.335 283.314
-999.000 -999.000 -999.000 -999.000 -999.000 -999.000 -999.000 -999.000 -999.000 -999.000 282.066 281.259 278.972 278.801 278.692 278.651 278.710 278.535 278.120 277.448 276.663 277.604 279.501 280.288 281.166 280.815 280.266 278.629 277.343 277.576 277.741 277.408 277.043 276.787 276.668 276.537 277.929 278.906 280.523 281.808 282.610 281.228 281.227 283.034 283.411 283.445 282.915 283.107 283.288 283.484 283.492 283.496 283.489 283.386 283.031 282.870 282.677 282.520 282.480 282.705 282.920 283.206 283.248 283.080 283.295 283.275
-999.000 -999.000 -999.000 -999.000 -999.000 -999.000 -999.000 -999.000 -999.000 -999.000 279.648 278.992 279.487 278.720 278.609 278.512 278.003 277.624 277.232 277.267 277.468 280.086 280.944 280.565 279.424 278.365 277.224 277.189 276.924 276.299 277.264 277.008 276.568 277.066 277.990 279.096 281.038 281.564 281.731 280.979 281.684 282.521 283.394 283.380 282.522 282.574 282.952 283.401 283.484 283.506 283.487 283.481 283.425 282.740 282.554 282.442 282.514 282.474 283.012 282.960 282.704 283.113 283.242 283.256 283.244 283.235
-999.000 -999.000 -999.000 -999.000 -999.000 -999.000 -999.000 -999.000 -999.000 280.221 278.997 279.093 279.630 278.924 278.498 277.959 277.462 277.371 277.630 279.148 280.601 280.700 280.413 278.949 277.344 276.288 275.884 275.312 275.933 276.649 277.108 277.315 277.536 278.241 278.430 280.339 280.959 280.143 280.591 281.752 283.059 283.381 283.297 282.756 282.889 283.432 283.472 283.480 283.483 283.507 283.484 283.430 283.087 282.696 282.481 282.415 282.880 282.456 282.629 282.927 283.048 283.197 283.208 283.208 283.195 283.191
-999.000 -999.000 -999.000 -999.000 -999.000 -999.000 -999.000 281.620 279.340 278.704 278.964 278.960 279.063 278.599 278.132 277.831 277.764 279.748 280.465 280.514 279.308 278.448 277.741 278.369 275.492 274.989 274.446 275.026 276.821 278.146 278.415 277.476 276.516 276.608 278.421 280.108 279.192 279.908 281.669 283.327 283.421 283.237 283.351 283.407 283.341 283.452 283.484 283.485 283.472 283.427 283.256 282.972 282.963 282.565 282.464 282.448 282.204 282.381 282.321 282.512 283.205 283.191 283.177 283.162 283.122 283.153
-999.000 -999.000 -999.000 -999.000 -999.000 -999.000 281.482 278.843 278.436 278.757 278.936 278.645 278.257 278.429 278.418 278.376 280.163 279.913 278.796 278.220 278.179 278.052 277.531 275.601 275.443 274.629 276.021 277.370 278.560 279.032 276.710 276.621 277.497 279.621 278.597 278.416 279.642 282.552 283.491 283.465 283.416 283.345 283.248 283.212 283.465 283.474 283.479 283.484 282.847 282.696 283.082 282.989 282.852 282.459 282.252 282.127 281.841 281.933 282.185 283.112 283.205 283.168 283.128 283.128 283.108 283.085
-999.000 -999.000 -999.000 281.376 280.245 279.533 278.667 278.213 278.334 278.721 278.684 278.633 278.484 278.262 279.338 279.967 278.978 278.119 277.943 277.857 277.883 278.096 276.725 275.561 275.551 277.004 278.188 278.848 279.153 278.592 278.082 279.825 280.175 279.389 279.244 280.332 282.250 283.491 283.485 283.481 283.477 283.460 283.480 283.458 283.464 283.460 283.474 282.757 282.980 283.236 283.093 282.876 282.604 282.424 282.124 282.017 281.930 282.767 282.954 283.204 283.203 283.040 283.104 283.084 283.057 283.045
-999.000 -999.000 280.421 279.214 278.718 277.479 277.730 277.814 278.835 278.986 278.348 278.379 278.354 279.500 279.733 278.259 277.408 277.181 277.387 277.457 277.967 278.710 276.379 276.230 277.806 278.772 279.606 279.938 279.701 279.815 280.405 280.628 280.239 280.004 281.353 282.674 283.491 283.491 283.447 282.975 283.030 283.336 283.002 282.923 283.440 283.452 283.455 283.441 283.377 283.260 283.044 282.602 282.142 282.046 282.114 282.288 283.160 283.172 283.170 282.946 283.063 283.048 283.055 283.037 283.016 283.010
-999.000 -999.000 278.605 277.878 277.332 277.123 277.808 278.655 278.984 278.666 277.890 278.369 279.480 278.580 277.664 277.800 277.758 277.719 277.356 278.594 279.404 277.465 276.529 278.361 279.187 279.888 280.319 280.420 280.464 280.489 280.320 280.352 280.565 281.772 283.130 283.491 283.491 283.462 283.410 283.073 282.708 283.028 283.412 283.428 283.441 283.440 283.406 283.233 282.977 282.802 282.694 282.474 282.040 282.341 283.156 283.166 283.170 283.138 283.044 282.683 282.957 283.048 283.004 282.993 282.968 282.966
-999.000 -999.000 277.672 276.998 277.039 277.837 278.629 278.902 278.535 278.500 277.883 279.041 277.639 277.126 276.756 277.208 278.224 279.458 279.804 279.912 279.275 277.172 278.217 279.194 279.790 280.100 280.489 280.519 280.404 280.281 280.055 280.567 282.645 283.489 283.491 283.491 283.491 283.295 283.033 282.740 283.115 283.406 283.411 283.423 283.435 283.344 282.956 282.921 282.694 282.611 282.923 283.044 283.124 283.134 283.040 283.006 283.053 282.820 282.559 282.767 282.882 283.007 282.986 282.962 282.924 282.920
