Source/meteoio/tests/2D_interpolations/2009-01-19T12.00.00_RH_ref.asc
ncols               386
nrows               229
xllcorner    479500.000
yllcorner     73500.000
cellsize       1000.000
NODATA_value -999
[rows 99 to 131 of 229, columns 146 to 218 of 386]
0.673 0.672 0.672 0.671 0.670 0.670 0.670 0.668 0.667 0.667 0.666 0.666 0.665 0.665 0.665 0.664 0.663 0.662 0.663 0.662 0.661 0.662 0.661 0.662 0.662 0.662 0.663 0.662 0.662 0.663 0.664 0.664 0.664 0.664 0.666 0.667 0.668 0.667 0.666 0.665 0.666 0.666 0.665 0.666 0.668 0.667 0.668 0.668 0.669 0.669 0.670 0.670 0.670 0.671 0.671 0.672 0.672 0.673 0.673 0.675 0.676 0.677 0.675 0.676 0.678 0.682 0.683 0.681 0.682 0.682 0.682 0.683 0.681
0.672 0.671 0.671 0.670 0.670 0.669 0.668 0.668 0.667 0.666 0.665 0.665 0.665 0.664 0.663 0.663 0.663 0.662 0.661 0.661 0.661 0.661 0.661 0.660 0.660 0.661 0.661 0.662 0.662 0.663 0.664 0.664 0.665 0.665 0.666 0.666 0.667 0.666 0.664 0.663 0.664 0.664 0.665 0.665 0.666 0.667 0.667 0.668 0.668 0.669 0.670 0.671 0.671 0.671 0.671 0.672 0.673 0.674 0.675 0.676 0.676 0.676 0.675 0.675 0.678 0.681 0.684 0.683 0.684 0.684 0.683 0.684 0.684
0.672 0.671 0.670 0.670 0.669 0.668 0.667 0.667 0.666 0.665 0.664 0.664 0.664 0.663 0.663 0.662 0.661 0.661 0.660 0.660 0.660 0.660 0.660 0.660 0.660 0.660 0.660 0.661 0.662 0.663 0.662 0.662 0.662 0.662 0.664 0.664 0.664 0.663 0.662 0.663 0.663 0.665 0.665 0.665 0.666 0.666 0.667 0.668 0.669 0.670 0.672 0.671 0.671 0.672 0.672 0.673 0.673 0.674 0.675 0.676 0.677 0.676 0.675 0.675 0.676 0.678 0.680 0.681 0.683 0.683 0.684 0.685 0.683
0.671 0.670 0.669 0.669 0.668 0.668 0.666 0.666 0.665 0.665 0.664 0.664 0.663 0.662 0.661 0.661 0.660 0.659 0.659 0.659 0.659 0.659 0.659 0.659 0.659 0.659 0.659 0.659 0.661 0.661 0.661 0.661 0.661 0.661 0.661 0.661 0.661 0.661 0.662 0.662 0.664 0.663 0.664 0.665 0.666 0.666 0.666 0.667 0.669 0.672 0.672 0.672 0.672 0.673 0.674 0.675 0.674 0.677 0.678 0.680 0.677 0.676 0.675 0.675 0.676 0.679 0.680 0.680 0.680 0.682 0.682 0.684 0.686
0.670 0.670 0.669 0.668 0.667 0.667 0.665 0.665 0.664 0.664 0.663 0.663 0.662 0.661 0.660 0.659 0.659 0.658 0.658 0.658 0.659 0.659 0.658 0.658 0.658 0.659 0.660 0.658 0.659 0.660 0.661 0.661 0.661 0.661 0.660 0.660 0.660 0.660 0.661 0.662 0.662 0.663 0.664 0.667 0.667 0.668 0.666 0.666 0.669 0.671 0.672 0.673 0.673 0.675 0.675 0.675 0.674 0.676 0.678 0.678 0.675 0.674 0.675 0.675 0.677 0.681 0.682 0.682 0.683 0.684 0.685 0.687 0.688
0.670 0.669 0.668 0.667 0.667 0.666 0.665 0.664 0.664 0.663 0.663 0.662 0.660 0.660 0.659 0.658 0.658 0.658 0.657 0.658 0.658 0.657 0.657 0.657 0.657 0.657 0.657 0.657 0.659 0.659 0.659 0.659 0.659 0.659 0.659 0.659 0.659 0.660 0.660 0.661 0.662 0.663 0.666 0.668 0.667 0.667 0.666 0.666 0.667 0.669 0.672 0.674 0.672 0.674 0.676 0.674 0.675 0.677 0.680 0.680 0.675 0.675 0.675 0.675 0.678 0.680 0.684 0.685 0.685 0.686 0.687 0.687 0.689
0.670 0.669 0.668 0.667 0.666 0.665 0.664 0.663 0.663 0.662 0.661 0.661 0.659 0.658 0.658 0.657 0.657 0.656 0.656 0.656 0.656 0.656 0.656 0.657 0.656 0.656 0.656 0.658 0.657 0.657 0.657 0.658 0.658 0.659 0.659 0.658 0.658 0.659 0.660 0.660 0.661 0.662 0.664 0.666 0.665 0.666 0.665 0.666 0.668 0.669 0.670 0.672 0.674 0.675 0.678 0.677 0.678 0.677 0.676 0.676 0.677 0.677 0.675 0.675 0.676 0.678 0.679 0.682 0.686 0.687 0.687 0.689 0.688
0.670 0.669 0.668 0.666 0.665 0.665 0.663 0.662 0.662 0.661 0.660 0.659 0.658 0.657 0.657 0.657 0.657 0.656 0.655 0.655 0.655 0.655 0.656 0.655 0.656 0.655 0.655 0.656 0.655 0.656 0.657 0.657 0.658 0.657 0.657 0.657 0.657 0.658 0.659 0.659 0.661 0.662 0.664 0.665 0.665 0.666 0.666 0.665 0.668 0.671 0.671 0.673 0.675 0.676 0.677 0.676 0.675 0.674 0.674 0.675 0.675 0.676 0.675 0.675 0.676 0.678 0.680 0.682 0.684 0.685 0.686 0.686 0.688
0.669 0.668 0.668 0.666 0.665 0.664 0.663 0.662 0.660 0.660 0.659 0.658 0.657 0.656 0.656 0.657 0.656 0.654 0.653 0.653 0.654 0.655 0.654 0.654 0.654 0.654 0.654 0.654 0.654 0.655 0.655 0.655 0.656 0.656 0.656 0.656 0.656 0.657 0.658 0.659 0.660 0.662 0.664 0.664 0.666 0.666 0.665 0.665 0.668 0.671 0.672 0.674 0.677 0.675 0.675 0.675 0.674 0.675 0.677 0.676 0.679 0.677 0.675 0.675 0.676 0.678 0.682 0.684 0.685 0.684 0.685 0.685 0.687
0.668 0.667 0.667 0.666 0.664 0.664 0.663 0.661 0.660 0.659 0.658 0.657 0.656 0.656 0.656 0.655 0.654 0.653 0.652 0.652 0.653 0.652 0.653 0.653 0.653 0.652 0.652 0.653 0.653 0.653 0.653 0.653 0.654 0.654 0.654 0.655 0.655 0.656 0.657 0.658 0.660 0.662 0.664 0.664 0.665 0.664 0.664 0.665 0.666 0.668 0.670 0.673 0.675 0.676 0.675 0.675 0.675 0.676 0.678 0.676 0.679 0.678 0.675 0.675 0.676 0.677 0.679 0.682 0.682 0.681 0.682 0.684 0.685
0.668 0.667 0.666 0.665 0.664 0.663 0.662 0.661 0.659 0.658 0.656 0.656 0.655 0.655 0.655 0.654 0.653 0.651 0.650 0.650 0.651 0.650 0.651 0.651 0.651 0.650 0.650 0.650 0.651 0.651 0.651 0.652 0.652 0.653 0.653 0.653 0.654 0.655 0.656 0.657 0.659 0.661 0.664 0.664 0.664 0.663 0.663 0.665 0.667 0.667 0.669 0.671 0.673 0.676 0.677 0.676 0.674 0.676 0.678 0.676 0.680 0.681 0.677 0.676 0.676 0.677 0.677 0.679 0.679 0.680 0.680 0.681 0.683
0.668 0.666 0.665 0.664 0.663 0.662 0.661 0.659 0.658 0.657 0.655 0.655 0.654 0.654 0.653 0.652 0.650 0.649 0.649 0.649 0.649 0.648 0.648 0.648 0.649 0.649 0.649 0.649 0.649 0.649 0.649 0.650 0.650 0.651 0.651 0.652 0.653 0.654 0.656 0.657 0.659 0.662 0.664 0.663 0.663 0.662 0.663 0.665 0.667 0.667 0.670 0.673 0.676 0.675 0.675 0.674 0.675 0.678 0.679 0.678 0.684 0.683 0.678 0.677 0.676 0.677 0.677 0.678 0.679 0.680 0.683 0.682 0.681
0.667 0.666 0.664 0.663 0.663 0.661 0.660 0.659 0.657 0.656 0.654 0.653 0.653 0.652 0.650 0.650 0.649 0.648 0.647 0.647 0.646 0.646 0.647 0.647 0.647 0.647 0.647 0.647 0.647 0.647 0.647 0.648 0.649 0.649 0.650 0.651 0.652 0.654 0.655 0.657 0.659 0.660 0.662 0.663 0.661 0.661 0.663 0.666 0.669 0.670 0.670 0.672 0.675 0.676 0.678 0.679 0.676 0.681 0.684 0.683 0.681 0.679 0.678 0.680 0.677 0.677 0.677 0.678 0.681 0.683 0.682 0.686 0.684
0.667 0.665 0.664 0.663 0.662 0.660 0.659 0.658 0.656 0.654 0.653 0.653 0.651 0.650 0.649 0.648 0.648 0.647 0.645 0.645 0.645 0.644 0.645 0.644 0.644 0.645 0.645 0.645 0.645 0.645 0.646 0.646 0.647 0.648 0.649 0.650 0.651 0.653 0.654 0.655 0.656 0.658 0.662 0.661 0.661 0.661 0.664 0.666 0.671 0.673 0.674 0.674 0.676 0.679 0.679 0.680 0.679 0.681 0.684 0.685 0.679 0.679 0.681 0.680 0.678 0.677 0.678 0.679 0.681 0.683 0.684 0.687 0.686
0.667 0.665 0.663 0.662 0.661 0.660 0.658 0.657 0.655 0.653 0.652 0.652 0.650 0.649 0.648 0.647 0.646 0.645 0.643 0.643 0.643 0.642 0.642 0.642 0.642 0.642 0.642 0.642 0.643 0.643 0.644 0.645 0.646 0.647 0.648 0.649 0.651 0.653 0.654 0.654 0.655 0.658 0.660 0.660 0.660 0.660 0.663 0.666 0.669 0.670 0.671 0.672 0.675 0.676 0.678 0.682 0.682 0.682 0.685 0.685 0.680 0.681 0.681 0.681 0.679 0.677 0.678 0.681 0.683 0.683 0.684 0.688 0.690
0.667 0.665 0.663 0.662 0.660 0.659 0.658 0.656 0.654 0.652 0.651 0.650 0.648 0.647 0.646 0.646 0.644 0.642 0.641 0.641 0.641 0.640 0.640 0.640 0.640 0.640 0.640 0.640 0.641 0.641 0.642 0.643 0.644 0.645 0.647 0.648 0.650 0.653 0.653 0.653 0.654 0.657 0.660 0.660 0.662 0.660 0.662 0.664 0.667 0.668 0.668 0.671 0.674 0.676 0.679 0.680 0.678 0.680 0.683 0.681 0.680 0.679 0.680 0.679 0.679 0.678 0.678 0.683 0.688 0.689 0.689 0.689 0.692
0.667 0.665 0.663 0.661 0.659 0.658 0.656 0.654 0.653 0.652 0.650 0.648 0.647 0.646 0.645 0.643 0.641 0.640 0.639 0.638 0.638 0.638 0.637 0.637 0.637 0.637 0.638 0.638 0.639 0.639 0.640 0.641 0.643 0.644 0.647 0.648 0.650 0.651 0.651 0.652 0.654 0.657 0.660 0.662 0.661 0.660 0.662 0.664 0.665 0.666 0.667 0.671 0.674 0.677 0.678 0.676 0.676 0.678 0.680 0.683 0.680 0.682 0.684 0.683 0.682 0.679 0.678 0.680 0.685 0.689 0.690 0.692 0.691
0.666 0.665 0.663 0.661 0.658 0.657 0.655 0.653 0.652 0.650 0.648 0.647 0.645 0.644 0.643 0.640 0.639 0.638 0.637 0.636 0.635 0.635 0.635 0.635 0.635 0.635 0.635 0.636 0.636 0.637 0.638 0.639 0.641 0.642 0.645 0.647 0.649 0.649 0.650 0.651 0.654 0.657 0.658 0.659 0.659 0.660 0.661 0.662 0.663 0.665 0.668 0.672 0.673 0.676 0.678 0.677 0.676 0.679 0.682 0.684 0.686 0.685 0.681 0.681 0.680 0.679 0.679 0.680 0.683 0.686 0.692 0.692 0.692
0.666 0.664 0.662 0.660 0.658 0.656 0.654 0.652 0.650 0.648 0.646 0.644 0.643 0.642 0.640 0.638 0.636 0.635 0.634 0.633 0.632 0.632 0.632 0.632 0.632 0.633 0.633 0.633 0.634 0.635 0.636 0.638 0.640 0.641 0.642 0.645 0.647 0.648 0.649 0.650 0.653 0.656 0.660 0.659 0.659 0.660 0.661 0.662 0.664 0.664 0.666 0.669 0.671 0.676 0.676 0.674 0.678 0.683 0.686 0.680 0.681 0.680 0.679 0.679 0.681 0.682 0.681 0.680 0.681 0.684 0.686 0.691 0.693
0.666 0.664 0.662 0.660 0.658 0.656 0.653 0.651 0.649 0.647 0.645 0.643 0.641 0.639 0.637 0.636 0.634 0.633 0.631 0.630 0.629 0.629 0.628 0.628 0.629 0.630 0.630 0.631 0.632 0.633 0.634 0.636 0.638 0.639 0.640 0.643 0.645 0.646 0.647 0.649 0.652 0.655 0.657 0.661 0.660 0.660 0.663 0.662 0.664 0.665 0.666 0.667 0.670 0.673 0.673 0.674 0.681 0.687 0.682 0.680 0.682 0.683 0.684 0.683 0.686 0.684 0.683 0.680 0.681 0.684 0.689 0.695 0.697
0.666 0.663 0.662 0.660 0.657 0.655 0.653 0.651 0.648 0.646 0.644 0.641 0.639 0.637 0.635 0.633 0.631 0.630 0.628 0.627 0.626 0.626 0.625 0.625 0.626 0.626 0.627 0.628 0.629 0.630 0.632 0.633 0.636 0.637 0.639 0.641 0.644 0.645 0.647 0.648 0.651 0.654 0.658 0.660 0.662 0.660 0.662 0.664 0.665 0.668 0.668 0.669 0.668 0.670 0.671 0.675 0.679 0.684 0.685 0.684 0.683 0.685 0.687 0.689 0.689 0.687 0.684 0.682 0.681 0.684 0.689 0.696 0.696
0.665 0.663 0.660 0.658 0.656 0.654 0.652 0.651 0.648 0.646 0.643 0.640 0.637 0.635 0.632 0.631 0.629 0.627 0.625 0.624 0.623 0.622 0.622 0.622 0.622 0.622 0.623 0.624 0.626 0.627 0.629 0.631 0.633 0.635 0.638 0.640 0.643 0.644 0.646 0.648 0.651 0.654 0.655 0.657 0.660 0.663 0.663 0.664 0.666 0.670 0.673 0.670 0.671 0.671 0.676 0.679 0.683 0.686 0.686 0.688 0.690 0.690 0.688 0.687 0.686 0.688 0.688 0.685 0.682 0.685 0.689 0.692 0.691
0.665 0.663 0.661 0.658 0.656 0.653 0.653 0.650 0.647 0.644 0.641 0.638 0.635 0.632 0.630 0.628 0.626 0.624 0.622 0.620 0.619 0.618 0.618 0.617 0.618 0.618 0.620 0.621 0.623 0.625 0.626 0.629 0.631 0.633 0.636 0.639 0.640 0.643 0.645 0.648 0.650 0.652 0.654 0.656 0.658 0.660 0.663 0.666 0.667 0.671 0.675 0.672 0.674 0.675 0.678 0.682 0.683 0.685 0.688 0.684 0.686 0.689 0.689 0.690 0.687 0.685 0.685 0.684 0.683 0.685 0.687 0.689 0.689
0.665 0.663 0.661 0.658 0.656 0.653 0.651 0.648 0.645 0.642 0.639 0.636 0.633 0.630 0.628 0.625 0.622 0.620 0.618 0.616 0.615 0.614 0.614 0.614 0.614 0.614 0.616 0.617 0.619 0.621 0.624 0.626 0.629 0.631 0.634 0.637 0.639 0.642 0.644 0.646 0.649 0.651 0.652 0.655 0.658 0.661 0.664 0.667 0.668 0.670 0.672 0.675 0.676 0.679 0.680 0.678 0.680 0.682 0.687 0.684 0.684 0.690 0.688 0.686 0.686 0.685 0.684 0.683 0.684 0.687 0.688 0.687 0.689
0.666 0.663 0.661 0.658 0.656 0.653 0.650 0.646 0.644 0.641 0.638 0.634 0.631 0.628 0.625 0.622 0.619 0.617 0.615 0.613 0.611 0.610 0.610 0.610 0.610 0.610 0.612 0.614 0.616 0.618 0.621 0.623 0.626 0.629 0.632 0.635 0.638 0.641 0.643 0.646 0.647 0.649 0.652 0.655 0.659 0.664 0.664 0.663 0.664 0.667 0.671 0.676 0.673 0.677 0.677 0.676 0.678 0.684 0.685 0.685 0.682 0.685 0.688 0.687 0.687 0.685 0.683 0.684 0.688 0.692 0.693 0.689 0.693
0.666 0.664 0.661 0.659 0.656 0.652 0.649 0.646 0.643 0.639 0.636 0.632 0.629 0.626 0.622 0.619 0.616 0.614 0.611 0.609 0.607 0.606 0.605 0.605 0.605 0.607 0.608 0.610 0.612 0.615 0.618 0.621 0.623 0.626 0.630 0.632 0.636 0.639 0.642 0.644 0.645 0.649 0.653 0.655 0.656 0.658 0.659 0.661 0.665 0.669 0.673 0.674 0.673 0.673 0.675 0.678 0.677 0.680 0.683 0.685 0.685 0.684 0.684 0.689 0.686 0.685 0.683 0.688 0.691 0.698 0.697 0.693 0.694
0.666 0.665 0.661 0.659 0.655 0.651 0.648 0.645 0.642 0.638 0.634 0.631 0.627 0.623 0.620 0.617 0.613 0.610 0.607 0.604 0.602 0.601 0.600 0.600 0.601 0.602 0.604 0.607 0.609 0.612 0.615 0.618 0.621 0.624 0.628 0.631 0.634 0.638 0.640 0.642 0.645 0.649 0.650 0.652 0.653 0.656 0.658 0.661 0.665 0.669 0.670 0.673 0.672 0.673 0.674 0.675 0.676 0.678 0.680 0.683 0.686 0.688 0.685 0.686 0.686 0.684 0.686 0.690 0.697 0.706 0.699 0.696 0.695
0.668 0.663 0.662 0.659 0.655 0.651 0.647 0.644 0.640 0.637 0.633 0.629 0.625 0.621 0.618 0.614 0.610 0.606 0.603 0.599 0.596 0.594 0.594 0.594 0.595 0.597 0.599 0.602 0.606 0.609 0.612 0.616 0.619 0.622 0.626 0.629 0.633 0.636 0.638 0.642 0.644 0.647 0.649 0.651 0.654 0.656 0.658 0.660 0.663 0.665 0.668 0.671 0.671 0.676 0.677 0.678 0.679 0.677 0.678 0.680 0.682 0.687 0.688 0.685 0.684 0.685 0.691 0.691 0.697 0.703 0.702 0.699 0.697
0.666 0.664 0.662 0.659 0.654 0.651 0.647 0.643 0.639 0.636 0.632 0.627 0.623 0.619 0.615 0.611 0.606 0.602 0.597 0.593 0.589 0.586 0.585 0.584 0.586 0.589 0.592 0.596 0.600 0.605 0.610 0.614 0.617 0.621 0.624 0.628 0.631 0.634 0.637 0.640 0.643 0.645 0.648 0.652 0.655 0.658 0.661 0.662 0.665 0.666 0.668 0.672 0.673 0.677 0.683 0.682 0.682 0.683 0.682 0.680 0.680 0.682 0.687 0.685 0.684 0.690 0.694 0.694 0.698 0.702 0.703 0.702 0.702
0.667 0.666 0.662 0.658 0.654 0.650 0.646 0.643 0.639 0.635 0.630 0.626 0.622 0.618 0.613 0.608 0.603 0.597 0.591 0.587 0.581 0.578 0.576 0.575 0.578 0.582 0.585 0.590 0.595 0.601 0.606 0.611 0.615 0.619 0.623 0.626 0.630 0.633 0.636 0.639 0.642 0.645 0.648 0.652 0.657 0.660 0.663 0.665 0.666 0.666 0.669 0.674 0.678 0.677 0.682 0.684 0.685 0.683 0.682 0.684 0.685 0.683 0.683 0.684 0.686 0.692 0.695 0.694 0.702 0.705 0.706 0.706 0.707
0.669 0.666 0.661 0.658 0.654 0.649 0.646 0.643 0.638 0.634 0.630 0.625 0.621 0.616 0.611 0.605 0.598 0.592 0.585 0.581 0.573 0.568 0.567 0.566 0.569 0.572 0.579 0.585 0.591 0.597 0.603 0.608 0.613 0.618 0.622 0.626 0.629 0.633 0.636 0.640 0.643 0.646 0.648 0.651 0.655 0.659 0.662 0.665 0.666 0.670 0.671 0.675 0.678 0.676 0.680 0.686 0.683 0.683 0.685 0.688 0.689 0.688 0.685 0.684 0.688 0.695 0.698 0.696 0.700 0.705 0.713 0.712 0.711
0.669 0.664 0.661 0.658 0.653 0.649 0.646 0.642 0.638 0.634 0.629 0.625 0.620 0.614 0.608 0.602 0.594 0.587 0.581 0.574 0.566 0.558 0.555 0.553 0.559 0.565 0.572 0.580 0.587 0.594 0.601 0.606 0.611 0.616 0.621 0.625 0.629 0.633 0.637 0.641 0.644 0.648 0.649 0.651 0.653 0.657 0.662 0.665 0.670 0.672 0.674 0.678 0.679 0.677 0.677 0.681 0.687 0.688 0.688 0.687 0.686 0.685 0.684 0.686 0.692 0.698 0.701 0.698 0.705 0.710 0.712 0.711 0.713
0.668 0.664 0.661 0.658 0.653 0.649 0.646 0.642 0.638 0.634 0.629 0.624 0.619 0.613 0.606 0.600 0.592 0.584 0.577 0.569 0.559 0.550 0.544 0.544 0.551 0.561 0.569 0.577 0.585 0.593 0.599 0.604 0.610 0.616 0.620 0.624 0.628 0.632 0.637 0.640 0.644 0.649 0.651 0.653 0.654 0.656 0.661 0.667 0.669 0.673 0.674 0.677 0.678 0.678 0.677 0.677 0.683 0.688 0.688 0.687 0.688 0.687 0.684 0.687 0.693 0.700 0.702 0.701 0.706 0.709 0.716 0.709 0.714
