Source/meteoio/tests/2D_interpolations/2009-01-19T12.00.00_VW_ref.asc
ncols               386
nrows               229
xllcorner    479500.000
yllcorner     73500.000
cellsize       1000.000
NODATA_value -999
[rows 62 to 92 of 229, columns 142 to 212 of 386]
19.764 19.919 21.930 24.216 24.729 25.372 25.395 25.382 25.333 25.680 25.852 25.250 24.748 25.207 25.737 25.578 25.146 25.169 24.048 23.526 23.554 23.549 24.282 24.158 24.640 24.500 23.856 23.524 23.295 24.126 24.387 23.448 22.100 22.101 22.381 23.517 24.541 24.919 24.117 23.964 23.088 22.322 22.660 23.000 24.269 25.010 24.988 24.606 25.250 25.975 25.589 24.604 24.287 23.348 23.546 22.886 22.668 22.668 21.245 20.399 22.651 23.756 23.889 24.608 25.226 25.501 24.661 22.775 21.594 20.949 19.672
21.574 22.539 23.796 24.755 25.318 25.366 25.325 25.394 25.463 25.658 25.777 25.503 25.292 25.612 25.630 25.566 25.492 25.432 24.651 23.312 23.173 23.275 24.223 23.661 24.717 24.568 23.395 23.175 23.076 24.104 24.465 24.069 22.401 21.612 21.488 22.149 24.279 25.096 24.392 24.012 22.604 21.567 21.970 22.336 23.722 24.638 25.021 24.803 25.243 25.852 25.846 25.276 24.866 23.992 24.225 23.593 22.044 21.734 21.733 19.578 21.694 23.943 23.396 24.086 25.020 25.366 24.937 23.624 22.633 21.526 20.722
23.765 24.142 24.976 25.224 25.196 25.154 25.116 25.427 25.424 25.568 25.288 25.032 25.128 25.235 25.113 25.409 25.633 25.271 24.023 23.078 22.460 23.441 23.536 24.175 24.307 24.796 24.226 23.647 23.131 23.321 24.070 24.198 23.706 22.903 21.321 21.547 23.723 25.111 24.687 23.757 22.554 21.327 21.193 21.902 22.877 24.263 24.785 24.742 25.233 25.749 25.861 25.462 24.907 24.670 24.419 23.838 22.679 22.203 19.965 19.238 20.890 22.838 23.700 23.853 24.469 25.212 25.422 24.679 23.774 23.071 21.922
25.007 25.202 25.202 24.761 25.098 25.127 25.341 25.390 25.552 25.862 25.378 24.730 24.522 25.034 25.135 25.226 25.310 25.071 24.223 22.943 23.069 23.879 23.895 22.859 24.090 24.400 23.104 22.991 23.033 22.732 22.828 23.678 24.013 23.397 21.562 21.386 23.552 24.967 24.868 23.652 22.740 21.593 20.631 21.072 22.244 23.499 24.492 24.521 24.975 25.686 25.838 25.677 25.006 24.554 24.280 24.223 22.953 21.751 21.684 20.244 19.904 21.696 23.333 22.855 23.810 24.832 25.356 25.343 24.637 24.056 23.579
25.132 25.187 24.868 24.814 25.289 25.429 25.458 25.628 25.637 25.449 24.977 24.667 24.703 25.208 25.233 24.738 25.136 25.402 24.524 23.420 22.918 23.464 23.271 22.123 23.533 24.728 24.288 22.010 21.927 22.483 21.714 22.643 23.811 24.172 22.339 21.720 23.530 24.739 25.151 23.977 22.524 21.454 20.269 20.516 21.521 22.613 23.827 24.196 24.858 25.535 25.831 25.937 25.343 24.643 24.437 24.123 23.306 21.485 21.746 21.270 19.268 20.532 22.083 22.933 23.163 24.243 25.026 25.328 25.333 25.081 24.721
25.165 25.132 24.917 25.172 25.330 25.731 25.684 25.582 25.468 25.114 25.029 24.765 24.549 25.005 25.031 24.283 24.685 25.253 25.299 23.875 23.245 23.317 22.798 22.447 23.536 24.733 23.994 22.323 21.888 21.729 21.483 22.009 23.241 23.825 24.041 23.193 23.018 24.358 25.131 24.204 22.783 21.911 20.557 19.866 20.843 21.962 23.182 23.960 24.511 25.430 25.740 25.882 25.517 25.067 24.568 24.283 23.638 22.276 21.481 21.863 21.363 19.708 21.036 22.862 22.329 23.221 24.390 24.937 25.214 25.226 25.200
24.922 24.962 25.145 25.304 25.671 25.401 25.131 25.485 25.231 24.863 24.687 24.285 24.690 24.949 24.724 24.104 24.234 25.006 25.329 24.938 24.145 22.680 22.950 22.302 23.516 24.630 24.223 23.264 21.265 21.529 21.500 22.161 21.933 22.522 23.359 23.594 22.923 23.768 24.766 24.943 24.065 22.357 20.511 19.319 19.884 21.067 22.479 23.584 24.343 25.119 25.681 25.807 25.543 25.168 24.695 24.400 23.385 22.339 22.761 22.416 21.640 21.067 19.769 21.268 21.703 22.042 23.204 24.295 24.852 24.821 24.901
24.888 25.147 25.382 25.602 25.379 24.922 25.306 25.172 24.807 24.233 24.445 24.203 24.361 24.364 24.557 24.427 24.162 24.761 25.283 24.998 24.047 22.979 22.212 22.072 22.881 24.520 24.374 22.793 20.337 20.337 21.019 21.779 20.724 20.660 22.599 23.399 22.469 22.835 24.405 24.932 23.832 22.640 20.989 19.444 19.227 20.344 21.921 22.906 23.962 24.902 25.471 25.777 25.671 25.153 24.994 24.827 24.422 23.220 22.783 22.906 22.704 22.204 20.270 20.286 22.494 21.506 21.169 22.783 23.918 24.027 24.340
25.094 25.576 25.359 25.256 25.400 25.251 25.053 25.167 25.252 24.807 24.792 24.236 23.962 24.272 24.402 23.970 23.787 24.347 24.797 24.664 23.971 22.466 22.379 21.491 22.513 23.831 24.549 23.757 20.997 20.094 20.502 21.423 19.999 19.878 21.718 23.296 22.636 22.076 23.760 24.902 24.528 22.830 21.569 20.095 19.133 19.609 21.292 22.618 23.690 24.480 25.269 25.605 25.798 25.602 25.207 24.719 24.690 24.142 23.339 22.932 22.717 22.938 21.981 20.004 22.342 21.351 21.186 21.587 22.794 23.018 23.418
25.424 25.210 25.004 25.178 25.136 25.159 24.833 24.659 24.985 25.014 24.647 23.609 23.880 24.300 23.775 22.222 22.661 24.088 24.738 24.752 24.980 23.599 22.482 21.407 21.791 23.231 24.357 24.308 22.077 21.354 20.421 21.206 21.572 20.992 21.400 22.863 22.563 21.581 23.087 24.506 24.792 23.525 21.971 20.733 19.413 19.092 20.517 22.306 23.562 24.279 24.774 25.450 25.751 25.768 25.456 24.753 24.816 24.563 23.986 23.275 23.029 22.773 22.729 21.625 22.076 22.744 20.613 20.987 22.234 22.341 22.340
25.239 24.844 24.990 24.980 25.008 25.038 24.659 24.515 24.232 24.748 24.901 23.865 23.465 24.027 23.479 22.275 22.808 23.649 23.352 24.756 24.307 22.553 22.832 22.341 21.700 22.710 24.077 24.920 23.811 22.165 21.351 20.633 21.109 21.473 21.571 22.331 22.406 21.315 22.119 24.117 24.928 24.529 23.181 21.620 20.083 19.181 20.051 22.127 23.512 24.169 24.435 25.298 25.662 25.647 25.314 24.858 24.846 24.436 24.043 23.682 23.177 23.702 23.777 23.251 22.732 21.832 21.255 21.229 21.301 22.059 21.524
25.178 24.956 24.707 24.778 24.804 24.901 24.680 24.596 24.291 24.465 24.316 23.513 23.617 23.180 22.504 22.231 23.414 23.721 24.286 24.569 24.615 23.832 23.558 23.654 23.155 22.714 23.796 24.444 24.142 23.314 22.158 20.483 20.627 21.359 21.472 21.831 22.389 20.805 21.344 23.460 24.625 24.676 23.764 22.758 21.141 20.030 20.575 21.769 23.458 24.196 24.552 25.217 25.690 25.656 25.272 25.050 24.943 24.780 24.376 23.838 23.896 24.490 24.127 23.372 22.270 22.498 21.775 21.400 21.278 21.139 21.717
24.976 24.578 24.375 24.521 24.741 24.769 24.538 24.362 23.782 23.825 24.576 23.793 22.433 22.856 21.903 22.419 23.081 22.764 23.832 23.815 23.963 24.000 23.471 23.914 23.988 23.103 23.303 24.394 24.644 24.023 22.296 20.544 20.345 21.531 21.050 21.635 22.269 20.511 20.318 22.413 24.241 24.886 24.453 23.501 22.453 21.160 20.784 21.905 23.353 24.303 24.603 25.259 25.686 25.661 25.398 24.962 25.136 25.059 24.928 24.661 24.539 24.785 24.236 24.008 22.384 21.338 20.872 21.470 21.261 20.867 21.264
24.510 24.251 24.641 24.634 24.337 24.642 24.175 23.629 23.011 23.717 24.053 23.252 23.144 22.171 21.914 22.161 22.674 22.422 23.901 24.569 23.643 22.494 22.399 23.081 23.453 23.553 23.492 24.121 24.558 24.659 23.562 21.641 21.591 21.414 20.543 21.264 22.071 20.696 19.997 21.363 23.492 24.527 24.718 24.204 23.408 22.378 21.367 22.037 23.105 24.096 24.625 25.299 25.735 25.323 25.056 25.170 25.121 25.230 25.194 25.047 24.987 25.085 23.986 23.832 21.642 20.571 20.578 20.410 21.053 20.867 20.565
24.626 24.763 24.618 24.384 24.020 24.327 23.394 23.041 23.118 23.254 23.509 23.953 23.457 22.416 22.200 22.573 22.167 22.613 23.812 24.554 24.667 24.287 23.846 23.870 24.012 23.855 23.743 24.076 24.433 24.606 24.476 23.202 22.272 21.348 20.447 20.608 21.750 21.163 20.151 20.409 22.262 24.189 24.615 24.614 23.904 23.143 22.241 22.365 23.281 23.961 24.594 25.267 25.676 25.085 24.719 24.921 25.261 25.261 25.239 25.277 25.318 25.048 23.453 22.583 21.016 19.508 19.378 20.044 20.864 20.942 20.547
24.875 24.648 24.385 23.939 23.555 24.063 23.593 22.986 22.614 22.915 22.815 22.893 23.182 22.277 21.813 22.322 22.679 22.746 23.643 24.383 24.468 24.321 24.318 24.438 24.498 24.402 23.940 24.029 24.289 24.265 24.479 24.261 22.954 21.787 20.793 20.475 21.139 21.405 20.468 20.435 21.606 23.438 24.490 24.553 24.149 23.703 22.960 22.971 23.532 23.931 24.560 25.235 25.700 25.100 24.572 25.033 25.212 25.302 25.293 25.357 25.332 24.204 22.105 22.357 20.228 19.025 19.192 19.273 20.409 21.053 20.670
24.231 24.095 23.674 23.021 22.825 23.914 24.018 22.651 21.075 22.403 22.514 22.909 22.997 22.575 21.827 21.904 21.379 22.609 23.837 24.187 24.135 24.115 24.363 24.623 24.372 23.313 23.301 23.602 23.568 24.162 24.313 24.440 23.620 22.128 21.410 20.983 20.853 21.204 20.931 20.606 21.392 22.834 24.346 24.606 24.235 23.930 23.585 23.618 23.895 23.996 24.434 25.148 25.658 25.201 24.792 24.866 25.246 25.313 25.296 25.530 25.321 22.547 20.405 21.180 19.280 18.307 18.559 18.298 17.312 18.446 17.684
24.072 23.555 22.354 22.160 23.001 23.699 23.584 22.608 21.289 21.537 22.038 22.331 22.257 22.381 21.823 21.281 21.339 22.396 23.337 23.927 23.817 23.904 24.123 24.177 23.170 22.750 22.194 22.387 23.152 23.726 24.188 24.413 24.481 23.670 22.746 21.853 21.414 21.397 21.357 21.121 21.487 22.652 24.040 24.360 24.231 24.027 23.966 24.063 24.172 23.977 24.245 25.148 25.603 25.252 24.889 24.940 25.188 25.317 25.321 25.797 24.927 20.594 18.549 20.322 20.027 17.887 16.809 16.354 15.144 14.652 15.526
23.521 22.989 22.450 22.693 22.874 23.012 23.320 23.179 21.580 21.827 21.992 21.752 21.628 21.570 21.936 21.331 21.450 21.789 22.933 23.180 23.322 24.089 24.086 24.160 23.920 22.981 22.068 21.525 22.548 23.267 23.819 24.160 24.373 24.396 23.900 23.291 22.900 22.502 22.146 21.917 21.847 22.760 23.801 24.349 23.938 23.981 24.313 24.436 24.334 23.696 24.195 25.303 25.613 25.303 25.017 24.903 25.046 25.222 25.343 25.851 23.389 19.059 18.321 19.623 19.885 19.450 18.735 18.734 18.294 17.359 16.248
22.412 22.358 22.265 22.531 22.578 23.217 22.960 22.706 22.025 21.497 21.719 21.939 21.279 20.986 21.848 23.057 22.848 22.770 23.173 23.296 23.395 23.649 23.528 23.685 24.010 23.841 23.333 22.571 21.396 22.427 23.446 23.754 24.059 24.328 24.396 24.224 23.684 23.223 22.923 22.639 22.612 22.910 23.642 24.112 23.924 24.206 24.606 24.730 24.324 23.800 24.751 25.680 25.348 24.558 24.295 24.247 24.828 25.294 25.925 25.839 21.541 18.230 18.066 19.271 19.991 20.222 20.260 20.164 19.580 18.357 16.805
21.849 22.074 21.963 22.327 22.294 22.350 23.187 23.017 21.985 21.638 21.292 21.557 22.245 21.680 22.004 22.560 21.838 22.168 22.124 22.540 23.037 23.505 22.764 23.103 23.578 23.805 23.405 22.183 21.548 22.482 22.648 22.953 23.516 23.896 24.220 24.345 24.053 23.772 23.372 22.913 22.874 23.165 23.542 23.861 24.178 24.508 24.916 24.972 24.653 24.383 25.196 25.521 23.317 22.763 23.074 24.402 25.024 25.207 25.355 23.130 20.154 17.668 17.260 17.822 19.254 20.329 20.120 19.893 20.312 19.880 16.923
21.147 20.758 22.334 22.541 22.580 21.812 21.873 21.996 22.443 21.763 22.093 21.941 21.366 21.938 22.103 21.830 21.518 22.011 22.689 22.831 23.099 23.066 21.989 22.454 23.332 23.735 23.897 23.339 22.753 22.412 22.038 21.835 22.233 23.152 23.891 24.116 24.085 23.694 23.530 23.195 23.133 23.310 23.671 23.989 24.266 24.863 25.315 25.446 25.408 25.135 25.610 24.760 21.501 21.536 23.258 24.592 24.924 24.831 25.540 24.485 20.607 17.841 16.855 16.099 18.418 18.617 17.580 18.052 19.613 20.947 18.174
21.283 20.861 21.368 21.954 21.684 21.356 21.111 21.446 22.592 22.330 21.861 21.667 21.566 21.537 21.866 21.770 21.850 21.601 22.509 22.076 22.409 22.729 22.841 22.874 22.883 23.575 23.694 23.584 23.487 22.934 21.923 21.211 20.701 21.879 22.647 23.443 23.751 23.893 23.590 23.408 23.448 23.635 23.960 24.182 24.679 25.093 25.367 25.498 25.384 25.459 25.649 22.507 20.663 21.740 23.583 24.181 23.807 24.662 25.499 25.610 23.340 18.947 17.025 14.768 17.250 17.667 16.066 15.079 18.432 20.834 18.597
20.995 21.130 20.676 20.892 20.939 20.931 21.352 22.089 21.953 21.934 21.863 21.416 20.799 20.859 21.740 21.192 21.298 22.102 22.343 21.829 22.484 21.466 22.202 22.897 23.356 23.021 22.938 23.464 23.475 22.822 21.640 20.937 20.484 20.143 21.440 22.463 23.229 23.499 23.652 23.704 23.643 23.955 24.134 24.632 24.910 25.320 25.387 25.300 25.437 25.576 23.431 21.064 21.577 22.666 23.978 24.721 24.608 24.658 25.172 25.603 25.466 21.531 17.681 15.050 16.296 16.702 14.149 12.668 17.004 20.144 16.850
20.981 20.368 20.647 20.497 20.940 21.309 21.782 21.595 21.818 21.340 20.823 20.802 20.508 21.058 21.466 20.816 20.916 21.745 22.539 21.898 21.602 22.253 22.206 22.128 22.648 22.455 22.875 22.931 23.152 22.529 21.149 20.324 19.989 19.730 20.246 21.436 22.786 23.511 23.445 23.758 23.930 24.348 24.491 24.978 25.280 25.343 25.155 25.734 25.578 23.650 22.082 22.433 22.312 22.840 24.214 25.032 24.193 24.207 25.210 25.429 26.015 23.443 18.856 15.254 12.352 10.618 11.785 13.023 16.739 19.711 18.458
20.772 20.878 21.401 21.293 21.162 21.279 21.279 21.223 21.404 21.000 20.699 20.426 19.935 20.067 21.373 20.381 20.382 21.560 21.498 20.936 21.223 20.502 21.032 22.114 22.308 22.641 22.362 22.931 22.838 22.886 22.608 21.621 21.012 20.011 19.992 20.802 22.371 23.391 23.587 23.742 24.039 24.244 24.696 25.160 25.295 25.236 25.194 25.053 23.287 22.274 23.128 22.649 22.358 23.504 24.920 24.214 21.665 22.930 23.957 24.848 25.645 24.024 17.066 11.435 10.311 12.015 13.455 15.297 18.242 19.973 18.584
20.496 20.709 20.833 20.653 20.784 20.859 20.511 20.651 20.857 20.817 20.516 19.554 20.125 20.050 20.559 20.396 20.010 21.425 21.380 20.915 20.706 20.563 20.183 20.297 21.320 22.146 22.489 22.501 22.103 22.838 22.239 22.159 21.514 20.878 20.494 21.052 22.368 23.210 23.610 23.747 23.862 24.395 24.979 25.130 25.074 25.696 24.801 23.941 23.946 22.729 22.513 22.741 23.525 24.455 25.040 23.589 18.795 18.947 20.938 23.088 25.270 25.486 20.499 16.720 14.633 14.964 16.281 17.887 19.732 18.655 15.700
20.048 20.569 21.064 20.483 20.432 19.818 19.774 20.343 20.474 20.153 19.964 18.919 19.298 19.165 19.855 19.715 19.293 21.231 20.802 20.355 20.587 19.830 18.505 18.931 20.460 21.898 22.383 22.477 22.760 22.163 21.455 21.498 21.473 21.423 21.472 21.578 22.136 23.071 23.580 23.659 24.181 24.956 24.865 24.588 24.988 24.506 23.480 23.508 23.980 22.974 22.542 23.825 24.327 25.197 25.141 21.323 16.574 13.650 14.715 19.553 23.256 25.638 24.471 20.524 19.155 18.851 18.720 20.250 20.807 17.492 14.264
20.007 20.408 21.063 20.862 20.082 19.317 19.202 18.640 19.825 19.717 19.288 18.406 19.053 18.644 19.393 19.222 19.619 20.620 20.233 19.482 19.761 19.516 18.926 19.625 20.443 20.301 22.725 22.682 22.599 22.105 22.271 21.271 20.412 20.610 21.204 21.827 22.523 23.379 23.991 24.310 24.776 24.683 24.177 24.496 24.639 25.373 25.061 24.480 23.546 23.226 23.646 24.415 25.088 25.727 23.858 18.483 14.499 7.429 8.376 14.272 21.092 23.853 24.509 23.854 22.749 21.988 22.594 22.821 22.722 19.413 16.326
20.490 20.257 20.746 19.839 20.718 20.412 19.417 19.496 19.577 18.157 17.345 16.851 17.023 17.499 19.109 19.920 18.757 20.322 19.671 19.100 17.942 18.633 18.217 18.884 20.008 19.975 22.100 22.305 21.901 22.259 22.025 21.310 20.122 20.859 22.293 23.521 24.022 24.119 24.564 24.739 23.909 23.241 23.277 24.141 25.070 25.033 25.099 25.228 24.453 24.083 24.537 25.034 25.132 24.480 21.862 15.964 11.163 10.788 10.521 11.124 16.931 20.233 22.491 23.235 24.096 24.197 24.086 24.429 24.663 22.758 19.608
20.253 21.130 20.906 21.458 20.932 20.158 19.721 19.094 18.396 17.602 17.636 16.328 17.071 17.071 18.213 19.629 18.906 18.836 19.112 17.040 16.875 18.906 19.154 19.242 19.621 19.738 22.333 21.410 19.770 19.562 21.188 23.366 23.333 23.166 23.575 24.051 24.127 23.488 22.867 22.982 22.836 23.243 23.711 24.209 24.878 24.883 24.776 25.077 24.481 24.794 25.077 25.110 24.656 25.051 24.343 19.913 16.006 14.322 12.186 11.857 11.257 16.095 19.189 21.414 22.381 23.700 24.018 24.784 24.594 23.831 22.553
