Source/meteoio/tests/2D_interpolations/2009-01-19T12.00.00_TSS_ref.asc
ncols               386
nrows               229
xllcorner    479500.000
yllcorner     73500.000
cellsize       1000.000
NODATA_value -999
[rows 87 to 115 of 229, columns 264 to 329 of 386]
278.255 279.590 280.826 282.705 283.221 283.035 277.570 274.629 274.363 279.589 281.691 283.070 283.116 283.109 281.369 274.667 273.904 274.792 270.892 271.008 270.996 -999.000 -999.000 -999.000 -999.000 -999.000 -999.000 -999.000 -999.000 -999.000 -999.000 -999.000 -999.000 -999.000 -999.000 -999.000 -999.000 -999.000 -999.000 -999.000 -999.000 -999.000 -999.000 -999.000 -999.000 -999.000 -999.000 -999.000 -999.000 -999.000 -999.000 -999.000 -999.000 -999.000 -999.000 -999.000 -999.000 -999.000 -999.000 -999.000 -999.000 -999.000 -999.000 -999.000 -999.000 -999.000
275.114 277.426 279.320 280.150 282.285 283.127 282.910 280.590 280.481 282.803 283.068 283.086 283.107 283.088 280.829 275.814 273.003 271.897 271.248 269.227 269.194 268.307 269.214 -999.000 269.513 269.312 269.256 264.702 -999.000 -999.000 -999.000 -999.000 -999.000 -999.000 -999.000 -999.000 -999.000 -999.000 -999.000 -999.000 -999.000 -999.000 -999.000 -999.000 -999.000 -999.000 -999.000 -999.000 -999.000 -999.000 -999.000 -999.000 -999.000 -999.000 -999.000 -999.000 -999.000 -999.000 -999.000 -999.000 -999.000 -999.000 -999.000 -999.000 -999.000 -999.000
273.741 275.272 277.277 278.700 280.229 281.554 282.504 283.009 282.901 283.075 283.068 282.658 280.702 282.113 282.383 278.387 272.648 267.431 269.031 270.233 269.330 271.483 270.003 269.082 270.861 272.589 272.743 270.508 268.398 266.500 -999.000 -999.000 -999.000 -999.000 -999.000 -999.000 -999.000 -999.000 -999.000 -999.000 -999.000 -999.000 -999.000 -999.000 -999.000 -999.000 -999.000 -999.000 -999.000 -999.000 -999.000 -999.000 -999.000 -999.000 -999.000 -999.000 -999.000 -999.000 -999.000 -999.000 -999.000 -999.000 -999.000 -999.000 -999.000 -999.000
272.757 275.474 275.320 277.650 278.297 280.124 282.094 282.959 282.970 283.055 283.046 283.047 281.188 278.598 281.907 280.664 276.645 273.992 270.937 269.786 272.557 273.394 274.631 275.275 274.721 273.969 272.850 272.369 272.261 271.659 271.471 270.228 269.670 269.854 271.676 -999.000 -999.000 -999.000 -999.000 -999.000 -999.000 -999.000 -999.000 -999.000 -999.000 -999.000 -999.000 -999.000 -999.000 -999.000 -999.000 -999.000 -999.000 -999.000 -999.000 -999.000 -999.000 -999.000 -999.000 -999.000 -999.000 -999.000 -999.000 -999.000 -999.000 -999.000
273.160 273.181 273.984 275.957 280.079 278.479 280.364 282.446 282.994 283.018 283.027 283.016 282.996 282.973 280.542 281.092 279.955 276.858 273.034 270.921 271.856 271.565 273.378 274.807 277.369 275.493 275.319 274.073 271.676 270.192 269.249 268.671 270.321 270.766 272.837 270.095 266.292 -999.000 -999.000 -999.000 -999.000 -999.000 -999.000 -999.000 -999.000 -999.000 -999.000 -999.000 -999.000 -999.000 -999.000 -999.000 -999.000 -999.000 -999.000 -999.000 -999.000 -999.000 -999.000 -999.000 -999.000 -999.000 -999.000 -999.000 -999.000 -999.000
271.076 272.306 273.088 277.604 278.995 275.234 278.924 281.067 281.853 282.903 283.019 283.007 282.973 282.936 282.429 281.676 281.169 277.707 276.381 272.431 271.060 270.740 271.196 273.996 277.070 276.774 273.931 272.867 270.061 270.515 273.171 271.411 273.243 274.653 272.732 270.504 269.423 269.495 267.733 265.782 270.553 269.514 -999.000 -999.000 -999.000 -999.000 -999.000 -999.000 -999.000 -999.000 -999.000 -999.000 -999.000 -999.000 -999.000 -999.000 -999.000 -999.000 -999.000 -999.000 -999.000 -999.000 -999.000 -999.000 -999.000 -999.000
271.625 273.019 276.585 279.505 275.575 274.368 276.552 278.200 280.148 280.490 280.959 282.876 282.956 282.926 282.768 282.409 282.095 279.806 276.651 274.123 271.451 269.302 271.547 274.558 277.524 276.483 274.677 272.641 270.097 273.796 275.561 272.414 274.405 276.184 275.187 273.485 271.484 269.677 269.317 269.684 271.971 268.209 -999.000 -999.000 -999.000 -999.000 -999.000 -999.000 -999.000 -999.000 -999.000 -999.000 -999.000 -999.000 -999.000 -999.000 -999.000 -999.000 -999.000 -999.000 -999.000 -999.000 -999.000 -999.000 -999.000 -999.000
270.257 274.134 278.989 276.723 272.889 272.373 275.589 275.757 276.586 277.314 277.715 279.283 280.803 282.849 282.920 282.872 282.292 281.606 278.789 276.595 273.192 272.757 274.382 276.416 279.380 278.871 275.883 272.856 272.452 275.188 277.686 274.399 278.512 275.889 272.800 272.612 270.260 268.239 270.516 271.100 272.699 270.041 268.665 -999.000 -999.000 -999.000 -999.000 -999.000 -999.000 -999.000 -999.000 -999.000 -999.000 -999.000 -999.000 -999.000 -999.000 -999.000 -999.000 -999.000 -999.000 -999.000 -999.000 -999.000 -999.000 -999.000
274.312 277.749 278.140 275.983 272.837 268.984 273.030 276.753 273.757 274.557 275.598 277.939 280.423 281.377 282.825 282.849 282.859 282.468 281.528 278.993 276.207 276.425 276.804 278.127 280.543 277.007 277.112 276.144 275.152 276.772 276.282 277.228 278.002 275.924 273.980 274.097 271.583 268.668 270.166 273.462 271.624 271.787 268.632 -999.000 -999.000 -999.000 -999.000 -999.000 -999.000 -999.000 -999.000 -999.000 -999.000 -999.000 -999.000 -999.000 -999.000 -999.000 -999.000 -999.000 -999.000 -999.000 -999.000 -999.000 -999.000 -999.000
278.171 278.852 273.366 275.646 270.302 268.541 271.803 273.271 270.997 271.809 273.372 277.340 281.480 279.349 280.857 282.709 282.804 282.763 282.168 281.712 277.339 278.584 279.077 280.072 281.147 280.307 279.426 278.658 278.231 279.433 280.531 279.096 277.444 277.271 276.339 273.268 270.110 271.599 273.180 273.141 270.077 269.171 -999.000 -999.000 -999.000 -999.000 -999.000 -999.000 -999.000 -999.000 -999.000 -999.000 -999.000 -999.000 -999.000 -999.000 -999.000 -999.000 -999.000 -999.000 -999.000 -999.000 -999.000 -999.000 -999.000 -999.000
274.214 276.363 274.146 271.115 270.777 266.050 268.970 269.275 269.468 271.317 273.328 278.148 280.304 275.864 277.320 280.186 282.785 282.765 282.683 282.587 281.445 281.924 281.858 282.196 282.099 281.986 281.841 281.132 281.312 279.740 277.746 275.940 274.518 274.237 274.403 274.296 274.400 275.177 274.977 273.071 270.955 268.396 -999.000 -999.000 -999.000 -999.000 -999.000 -999.000 -999.000 -999.000 -999.000 -999.000 -999.000 -999.000 -999.000 -999.000 -999.000 -999.000 -999.000 -999.000 -999.000 -999.000 -999.000 -999.000 -999.000 -999.000
272.291 271.703 275.118 268.478 267.107 267.305 267.682 271.247 272.633 274.615 276.161 278.628 279.928 274.420 276.767 278.268 281.212 282.748 282.675 282.593 282.368 277.847 281.337 279.317 279.755 277.505 278.825 281.446 281.440 277.963 275.129 274.524 273.438 271.352 271.951 273.086 276.037 274.084 271.432 272.615 271.328 267.993 -999.000 -999.000 -999.000 -999.000 -999.000 -999.000 -999.000 -999.000 -999.000 -999.000 -999.000 -999.000 -999.000 -999.000 -999.000 -999.000 -999.000 -999.000 -999.000 -999.000 -999.000 -999.000 -999.000 -999.000
269.038 270.680 272.826 271.290 266.522 266.123 271.196 273.721 276.072 277.153 276.984 279.393 277.827 273.868 276.319 277.910 281.882 282.715 282.705 282.626 281.326 278.325 278.893 277.468 275.884 275.423 273.908 276.015 279.213 280.620 277.540 276.108 276.057 273.600 269.904 272.689 276.314 274.126 270.445 270.006 271.763 269.352 -999.000 -999.000 -999.000 -999.000 -999.000 -999.000 -999.000 -999.000 -999.000 -999.000 -999.000 -999.000 -999.000 -999.000 -999.000 -999.000 -999.000 -999.000 -999.000 -999.000 -999.000 -999.000 -999.000 -999.000
267.944 271.684 271.762 268.423 267.488 266.333 268.685 269.986 270.939 271.528 273.552 279.107 277.961 273.392 275.825 279.295 282.565 282.732 282.692 282.510 279.951 278.709 277.905 275.652 273.406 273.457 274.124 275.367 279.269 280.743 278.916 276.647 273.761 271.731 273.325 274.719 276.487 272.688 271.332 269.405 268.017 269.565 266.953 -999.000 -999.000 -999.000 -999.000 -999.000 -999.000 -999.000 -999.000 -999.000 -999.000 -999.000 -999.000 -999.000 -999.000 -999.000 -999.000 -999.000 -999.000 -999.000 -999.000 -999.000 -999.000 -999.000
268.484 268.381 267.857 266.548 267.983 268.042 267.490 269.060 270.929 268.975 273.757 279.040 277.238 273.478 276.368 279.071 282.587 282.692 282.499 281.577 278.137 277.021 278.716 275.308 273.138 272.735 274.534 277.629 280.858 281.247 278.833 274.963 274.681 274.901 275.358 277.901 274.908 270.593 268.714 269.105 266.119 266.041 265.888 268.271 -999.000 -999.000 -999.000 -999.000 -999.000 -999.000 -999.000 -999.000 -999.000 -999.000 -999.000 -999.000 -999.000 -999.000 -999.000 -999.000 -999.000 -999.000 -999.000 -999.000 -999.000 -999.000
270.904 270.915 270.267 269.143 266.099 271.166 267.406 267.681 271.202 273.084 276.231 279.024 272.873 274.488 277.408 280.024 282.629 282.680 282.240 281.171 277.970 275.276 277.573 275.164 273.664 273.770 275.523 279.243 278.937 280.524 280.708 278.371 277.348 277.016 278.476 276.254 274.341 272.317 271.266 269.738 268.571 267.150 267.900 269.023 269.369 -999.000 -999.000 -999.000 -999.000 -999.000 -999.000 -999.000 -999.000 -999.000 -999.000 -999.000 -999.000 -999.000 -999.000 -999.000 -999.000 -999.000 -999.000 -999.000 -999.000 -999.000
273.917 273.961 274.018 271.331 268.744 270.733 270.005 270.491 271.784 275.605 279.016 275.718 271.037 274.820 278.616 280.310 282.342 282.658 282.321 281.193 274.709 275.372 276.911 274.770 272.387 274.543 276.329 279.234 277.430 278.333 279.580 280.309 280.059 279.561 279.298 278.373 277.712 276.125 273.800 272.527 269.365 268.602 269.306 270.845 272.264 270.132 266.849 266.652 265.213 265.895 -999.000 -999.000 -999.000 -999.000 -999.000 -999.000 -999.000 -999.000 -999.000 -999.000 -999.000 -999.000 -999.000 -999.000 -999.000 -999.000
271.450 272.233 273.496 276.145 274.261 275.449 276.096 275.763 276.175 279.185 277.943 273.755 270.577 272.371 275.106 278.201 279.703 282.616 282.309 278.717 276.215 273.172 275.281 275.376 271.896 272.435 275.499 277.560 276.036 275.263 276.408 277.759 278.935 278.924 278.806 279.167 280.032 279.040 276.785 274.284 271.568 270.612 269.996 272.318 271.153 272.746 271.216 269.231 268.642 268.733 266.194 -999.000 -999.000 -999.000 -999.000 -999.000 -999.000 -999.000 -999.000 -999.000 -999.000 -999.000 -999.000 -999.000 -999.000 -999.000
267.725 268.500 269.038 271.879 271.764 272.008 274.625 274.817 279.032 277.908 271.913 267.343 269.540 272.540 274.700 278.252 280.927 282.536 281.975 278.744 276.308 272.344 273.049 275.550 272.623 272.088 273.573 275.904 276.079 272.627 273.816 275.204 278.123 274.523 275.519 276.423 277.782 278.612 279.109 277.653 274.825 272.932 272.075 274.408 269.222 269.227 270.121 270.241 269.722 270.193 267.072 266.559 266.966 265.363 -999.000 -999.000 -999.000 -999.000 -999.000 -999.000 -999.000 -999.000 -999.000 -999.000 -999.000 -999.000
263.888 261.596 263.833 263.893 265.465 269.896 270.789 275.699 278.686 274.053 268.122 267.548 270.613 271.957 275.762 279.688 282.532 282.235 281.702 279.875 275.725 273.446 271.672 274.598 272.476 270.120 271.205 274.945 275.854 271.009 271.040 273.761 275.464 272.796 272.980 274.279 275.034 276.176 277.310 279.035 278.460 276.547 275.965 274.165 270.257 267.710 268.042 266.943 266.546 269.325 268.480 266.109 267.605 263.003 263.640 -999.000 -999.000 -999.000 -999.000 -999.000 -999.000 -999.000 -999.000 -999.000 -999.000 -999.000
266.445 263.022 266.454 266.752 268.948 270.946 273.231 277.793 277.303 271.208 268.879 268.238 270.778 273.052 276.125 280.741 282.435 281.641 280.764 278.449 274.910 274.792 271.121 272.651 270.310 269.620 272.404 274.979 272.720 270.597 269.703 272.188 272.883 271.397 271.240 272.683 273.770 274.455 275.360 276.182 277.495 278.451 277.709 275.239 273.443 268.581 267.457 268.111 264.883 265.217 266.905 265.655 270.179 267.788 265.999 264.819 -999.000 -999.000 -999.000 -999.000 -999.000 -999.000 -999.000 -999.000 -999.000 -999.000
267.795 264.053 264.469 269.169 270.475 272.968 274.967 278.271 274.336 270.996 266.417 270.688 271.376 274.633 278.185 282.261 282.137 281.128 280.109 277.649 273.195 271.584 270.368 268.981 269.108 270.863 272.938 270.457 270.834 269.148 270.243 271.916 269.952 270.631 270.000 271.209 272.514 272.241 272.458 272.752 275.081 276.040 277.558 276.877 274.935 273.108 272.851 272.687 270.132 268.609 267.967 267.785 271.649 268.380 268.519 265.178 -999.000 -999.000 -999.000 -999.000 -999.000 -999.000 -999.000 -999.000 -999.000 -999.000
269.616 265.404 266.194 266.758 270.852 274.433 277.243 275.792 271.831 267.814 269.498 272.692 275.037 277.750 280.872 282.466 282.101 281.132 277.663 276.160 271.727 269.190 269.381 268.887 268.334 269.248 268.571 268.735 269.653 268.844 270.363 270.597 269.227 268.244 268.357 269.828 270.326 270.438 269.773 270.327 271.003 274.144 276.591 277.404 277.166 276.711 276.297 275.624 274.958 272.421 273.273 273.436 273.820 272.749 268.477 267.280 266.280 265.281 262.977 -999.000 -999.000 -999.000 -999.000 -999.000 -999.000 262.929
271.664 267.987 268.560 268.198 271.782 273.769 276.861 275.083 270.054 270.313 271.945 274.864 278.824 281.374 282.416 282.349 282.084 280.753 278.094 273.741 272.031 272.256 272.032 270.518 270.141 270.384 270.788 270.242 270.164 269.632 268.932 268.689 268.716 269.408 270.469 269.760 269.407 268.434 268.884 269.276 269.637 271.808 275.812 274.580 275.479 275.015 274.273 273.886 276.128 274.241 271.086 271.896 268.403 272.330 268.028 268.328 265.641 264.268 263.088 263.477 -999.000 264.465 262.428 262.831 263.947 264.987
274.431 271.496 269.795 270.248 273.834 276.525 275.816 276.671 272.125 275.792 278.244 279.998 282.358 282.424 282.360 282.255 281.572 277.720 273.667 274.440 275.412 276.549 272.210 274.064 272.361 272.709 272.969 272.161 271.400 270.591 269.019 269.749 271.276 271.690 269.393 268.984 268.391 266.637 268.729 271.394 272.649 274.413 274.761 271.876 271.266 270.902 269.279 268.543 274.097 273.046 268.302 268.737 267.728 267.967 267.819 264.511 264.219 264.913 263.434 263.751 264.177 266.396 266.919 264.508 266.551 266.618
276.940 276.474 272.623 272.273 272.936 275.485 280.412 279.188 279.383 280.340 281.812 282.362 282.364 282.149 281.740 280.034 281.192 279.242 277.217 277.608 277.432 277.623 276.928 276.579 275.404 274.784 274.503 274.441 273.738 271.464 270.969 271.058 272.858 269.081 267.477 266.308 264.975 266.932 267.796 271.572 273.661 273.980 273.161 273.343 269.944 267.057 266.912 268.433 271.475 272.707 267.933 266.534 265.960 265.752 264.670 265.913 265.657 263.397 264.856 264.209 263.254 267.867 267.466 264.281 265.325 268.469
279.100 279.201 276.568 276.551 276.249 278.620 281.041 281.325 282.207 282.225 282.300 282.278 281.748 279.703 277.084 276.329 279.234 281.809 280.790 280.802 281.029 280.690 279.772 278.982 278.201 277.321 277.024 276.365 275.782 273.836 272.400 272.696 271.171 268.795 268.122 268.297 266.863 267.017 267.174 270.341 273.941 273.792 271.320 269.364 271.606 269.090 265.871 267.590 268.375 271.550 270.101 267.461 269.008 268.937 269.016 267.769 265.972 265.297 268.503 263.180 264.205 266.961 268.915 267.728 265.423 266.024
280.113 280.512 279.905 280.156 280.890 281.368 282.019 281.681 282.141 282.181 281.797 281.357 278.961 277.926 272.605 274.948 277.913 279.298 277.410 277.109 276.804 277.439 278.765 278.234 277.721 276.997 276.729 275.655 276.318 276.214 275.893 274.711 272.912 271.778 270.586 269.007 268.567 267.887 269.482 272.737 274.451 272.504 269.444 269.255 268.029 268.621 267.427 264.901 265.568 268.526 271.628 270.778 265.862 264.039 264.824 264.757 263.412 266.599 270.095 267.338 264.255 264.340 270.224 268.128 266.335 264.020
279.550 280.088 281.215 281.555 281.484 281.700 282.131 281.087 281.964 280.214 277.623 276.776 276.494 274.029 272.851 275.670 278.384 277.629 274.168 273.706 274.492 275.037 276.403 276.289 274.690 273.546 273.156 271.789 272.404 276.109 273.484 271.519 271.295 270.814 268.899 266.352 268.146 270.312 271.524 273.926 274.061 273.863 273.227 272.210 270.080 267.743 266.587 265.891 265.935 268.869 271.173 270.251 269.245 267.122 265.662 265.749 265.243 265.090 269.716 268.473 265.383 266.152 269.365 269.577 266.085 267.068
