Source/meteoio/tests/2D_interpolations/2009-01-19T12.00.00_TA_ref.asc
ncols               386
nrows               229
xllcorner    479500.000
yllcorner     73500.000
cellsize       1000.000
NODATA_value -999
[rows 58 to 86 of 229, columns 66 to 131 of 386]
-999.000 -999.000 -999.000 -999.000 -999.000 -999.000 -999.000 -999.000 -999.000 -999.000 -999.000 -999.000 -999.000 -999.000 -999.000 -999.000 -999.000 -999.000 -999.000 -999.000 -999.000 -999.000 -999.000 -999.000 -999.000 -999.000 289.780 289.034 288.621 285.014 285.222 286.246 287.432 289.195 287.917 285.922 287.792 288.865 288.679 288.244 288.895 288.885 288.768 288.026 288.587 289.719 289.728 289.378 289.542 289.758 289.673 289.557 289.433 289.201 289.199 288.803 288.858 288.595 288.402 287.896 285.763 283.292 283.721 284.300 283.944 283.481
-999.000 -999.000 -999.000 -999.000 -999.000 -999.000 -999.000 -999.000 -999.000 -999.000 -999.000 -999.000 -999.000 -999.000 -999.000 -999.000 -999.000 -999.000 -999.000 -999.000 -999.000 -999.000 -999.000 -999.000 -999.000 -999.000 285.796 285.741 284.431 284.744 286.762 288.512 287.329 287.815 284.659 286.566 288.749 288.957 289.083 289.170 289.258 289.368 289.327 289.192 289.554 289.483 289.312 288.766 288.780 289.658 288.912 288.792 287.813 288.463 288.849 287.214 286.931 287.201 286.936 287.722 286.093 285.416 284.522 284.711 283.118 282.670
-999.000 -999.000 -999.000 -999.000 -999.000 -999.000 -999.000 -999.000 -999.000 -999.000 -999.000 -999.000 -999.000 -999.000 -999.000 -999.000 -999.000 -999.000 -999.000 -999.000 -999.000 -999.000 -999.000 -999.000 284.746 284.650 285.220 285.237 285.517 286.396 288.434 289.099 286.454 284.693 286.929 287.752 288.126 288.658 288.926 288.679 288.467 289.107 288.430 288.823 288.599 289.042 288.371 288.732 288.585 288.666 286.997 286.631 286.018 286.563 285.775 287.510 288.090 288.058 286.473 285.924 283.862 284.476 283.510 285.119 282.167 283.041
-999.000 -999.000 -999.000 -999.000 -999.000 -999.000 -999.000 -999.000 -999.000 -999.000 -999.000 -999.000 -999.000 -999.000 -999.000 -999.000 -999.000 -999.000 -999.000 -999.000 -999.000 -999.000 -999.000 287.343 286.603 285.623 287.487 287.685 289.417 288.800 286.228 284.674 284.033 285.962 287.184 285.827 285.120 287.645 285.763 286.558 285.623 286.623 286.587 286.613 286.873 287.492 286.477 285.935 285.194 287.167 287.851 286.390 287.137 286.424 286.742 286.965 286.969 287.235 285.371 284.837 282.535 281.475 282.159 281.497 281.197 282.065
-999.000 -999.000 -999.000 -999.000 -999.000 -999.000 -999.000 -999.000 -999.000 -999.000 -999.000 -999.000 -999.000 -999.000 -999.000 -999.000 -999.000 -999.000 -999.000 -999.000 -999.000 -999.000 285.412 288.365 288.911 288.334 288.737 285.730 285.718 285.308 283.825 284.069 286.103 285.836 284.413 283.876 284.107 286.886 285.506 283.243 286.177 285.303 284.265 283.204 283.932 283.807 283.257 284.598 283.993 284.969 287.428 287.612 283.311 282.394 282.222 283.264 283.806 284.671 287.383 284.355 282.512 284.799 284.493 282.404 282.987 285.538
-999.000 -999.000 -999.000 -999.000 -999.000 -999.000 -999.000 -999.000 -999.000 -999.000 -999.000 -999.000 -999.000 -999.000 -999.000 -999.000 -999.000 -999.000 -999.000 -999.000 -999.000 289.206 287.672 288.344 287.580 287.056 285.280 283.479 283.392 283.321 284.257 286.592 284.606 284.739 285.609 287.335 287.858 288.359 288.531 288.365 288.084 287.669 287.522 287.193 286.723 286.056 284.951 282.808 284.435 287.383 288.959 284.165 282.161 280.179 280.607 282.020 281.821 282.046 284.180 285.877 284.455 283.396 283.005 281.792 283.692 285.665
-999.000 -999.000 -999.000 -999.000 -999.000 -999.000 -999.000 -999.000 -999.000 -999.000 -999.000 -999.000 -999.000 -999.000 -999.000 -999.000 -999.000 -999.000 289.109 288.919 287.862 286.975 285.387 283.996 283.809 283.820 283.901 284.271 283.734 284.277 284.844 283.714 284.218 283.718 283.667 283.491 284.403 285.492 286.899 284.345 285.158 285.638 284.051 284.254 284.338 282.121 282.294 282.181 282.681 286.124 285.974 283.304 282.948 284.717 285.705 285.390 285.580 285.936 283.786 282.777 281.962 281.871 283.201 282.764 285.477 288.561
-999.000 -999.000 -999.000 -999.000 -999.000 -999.000 -999.000 -999.000 -999.000 -999.000 -999.000 -999.000 -999.000 -999.000 -999.000 -999.000 -999.000 287.566 287.678 285.489 285.766 284.055 283.948 283.800 283.798 283.524 283.998 284.265 285.073 284.716 283.218 283.997 283.511 283.267 283.095 283.346 284.342 284.616 286.203 283.597 282.949 283.164 281.913 282.058 283.728 282.800 284.338 284.730 286.813 286.882 287.977 287.602 287.801 287.898 287.686 287.372 286.473 283.915 281.099 284.836 286.277 286.244 286.122 287.866 286.922 285.260
-999.000 -999.000 -999.000 -999.000 -999.000 -999.000 -999.000 -999.000 -999.000 -999.000 -999.000 -999.000 -999.000 -999.000 -999.000 -999.000 -999.000 288.864 284.877 284.671 284.481 284.350 283.823 283.520 283.858 284.002 284.197 284.287 284.174 283.671 283.566 283.663 283.364 283.331 282.701 284.358 285.369 285.307 285.817 285.193 284.978 283.882 284.114 285.000 285.634 286.621 287.766 288.133 288.188 288.418 287.921 287.981 287.293 286.876 285.751 286.539 284.074 281.642 285.630 285.885 286.854 286.433 285.979 284.779 281.628 283.242
-999.000 -999.000 -999.000 -999.000 -999.000 -999.000 -999.000 -999.000 -999.000 -999.000 -999.000 -999.000 -999.000 -999.000 -999.000 -999.000 -999.000 289.072 285.620 284.865 283.317 282.679 283.601 284.071 283.721 283.629 282.941 283.465 283.294 283.501 282.848 282.699 282.858 282.556 284.527 283.664 283.030 283.495 282.798 281.846 281.773 280.242 281.315 281.592 282.525 284.747 286.150 286.635 288.329 287.083 286.274 285.974 285.814 284.576 282.338 284.769 286.520 285.778 286.141 284.822 283.573 283.850 282.318 283.181 285.342 286.437
-999.000 -999.000 -999.000 -999.000 -999.000 -999.000 -999.000 -999.000 -999.000 -999.000 -999.000 -999.000 -999.000 -999.000 -999.000 -999.000 -999.000 -999.000 286.484 284.862 284.005 283.673 283.918 283.780 283.391 283.376 283.271 283.231 283.110 283.302 282.938 283.063 283.174 284.040 284.191 284.112 282.882 282.744 282.215 280.679 280.622 281.076 283.746 284.823 284.474 283.846 283.275 287.444 283.705 281.450 280.928 281.581 281.477 281.116 282.426 284.838 285.510 282.692 283.123 281.686 280.579 280.363 281.679 286.856 287.509 287.727
-999.000 -999.000 -999.000 -999.000 -999.000 -999.000 -999.000 -999.000 -999.000 -999.000 -999.000 -999.000 -999.000 -999.000 -999.000 -999.000 -999.000 -999.000 286.233 283.754 283.435 283.702 283.622 283.617 283.185 283.235 283.036 283.267 282.951 283.133 282.961 282.633 282.285 281.986 283.056 284.045 285.001 285.735 285.202 284.825 285.046 285.142 285.314 285.835 285.696 285.207 284.288 286.989 284.353 283.660 284.016 284.644 284.868 282.821 281.534 280.359 282.918 281.481 281.916 281.206 283.324 283.555 286.875 287.775 288.510 289.013
-999.000 -999.000 -999.000 -999.000 -999.000 -999.000 -999.000 -999.000 -999.000 -999.000 -999.000 -999.000 -999.000 -999.000 -999.000 -999.000 -999.000 286.850 284.117 282.622 283.390 283.277 283.453 282.990 283.380 283.278 283.347 283.300 283.192 282.522 281.866 281.507 282.041 282.924 285.449 285.870 285.665 285.840 286.079 286.287 286.628 286.749 286.623 286.904 287.008 286.926 287.120 286.708 286.256 285.809 284.931 282.352 282.132 280.517 280.138 280.508 282.989 284.294 286.696 286.382 287.582 287.649 288.447 287.889 288.337 289.088
-999.000 -999.000 -999.000 -999.000 -999.000 -999.000 -999.000 -999.000 -999.000 -999.000 -999.000 -999.000 -999.000 -999.000 -999.000 -999.000 286.939 285.665 283.198 283.723 283.781 283.293 283.001 283.169 283.275 283.561 283.406 282.847 282.557 283.125 284.443 284.859 284.320 284.882 285.244 285.751 285.718 286.284 285.942 285.596 285.671 285.677 285.938 285.690 285.391 285.378 284.918 282.959 281.787 280.906 279.062 279.445 281.172 282.940 285.181 286.164 287.206 287.909 288.095 288.351 288.422 288.892 288.436 289.227 289.249 289.434
-999.000 -999.000 -999.000 -999.000 -999.000 -999.000 -999.000 -999.000 -999.000 -999.000 -999.000 -999.000 -999.000 -999.000 -999.000 287.366 283.680 283.405 283.655 283.693 283.259 282.636 283.166 283.397 283.586 283.172 283.284 283.782 284.553 284.573 284.028 283.542 283.381 283.507 283.620 285.518 286.157 285.423 284.612 284.113 283.583 281.994 281.901 281.210 280.667 281.347 281.562 280.798 280.979 281.001 280.385 282.613 284.027 286.060 287.187 287.798 288.243 288.439 288.629 288.858 289.112 288.911 289.498 289.541 289.626 289.820
-999.000 -999.000 -999.000 -999.000 -999.000 -999.000 -999.000 -999.000 -999.000 -999.000 -999.000 -999.000 -999.000 -999.000 286.037 283.532 283.450 283.607 283.277 282.324 282.234 283.040 283.465 283.539 282.693 282.813 283.134 283.373 283.050 282.760 282.476 282.383 282.427 283.215 283.757 284.321 284.251 282.186 281.888 280.878 280.349 281.519 281.043 282.069 281.805 282.531 283.910 283.747 282.389 282.399 283.303 286.338 287.329 288.138 288.779 288.692 289.284 289.451 289.732 289.683 289.671 289.629 289.710 289.818 289.808 289.792
-999.000 -999.000 -999.000 -999.000 -999.000 -999.000 -999.000 -999.000 -999.000 -999.000 -999.000 -999.000 288.168 285.408 283.566 283.207 283.202 282.768 281.800 281.981 283.163 283.118 283.111 282.725 282.334 281.902 281.369 281.306 281.666 282.455 283.802 285.863 285.925 285.367 284.952 285.855 282.568 282.260 282.033 284.660 284.364 285.633 286.360 284.870 282.919 282.265 281.892 282.247 284.800 287.195 288.158 288.701 288.686 289.268 289.587 289.628 289.812 289.852 289.850 289.845 289.847 289.839 289.756 289.784 289.772 289.757
-999.000 -999.000 -999.000 -999.000 -999.000 -999.000 -999.000 -999.000 -999.000 -999.000 -999.000 -999.000 285.591 284.094 283.381 283.033 282.188 281.981 282.130 282.968 283.066 282.862 282.291 281.414 280.946 280.630 282.884 284.395 285.775 286.834 286.938 287.082 287.286 287.300 287.265 284.539 284.787 287.016 286.352 287.488 287.590 286.258 283.698 284.288 284.798 285.465 286.809 286.614 287.154 288.286 289.361 289.539 289.619 289.727 289.808 289.851 289.854 289.861 289.856 289.748 289.678 289.527 289.396 289.492 289.163 289.717
-999.000 -999.000 -999.000 -999.000 -999.000 -999.000 -999.000 -999.000 -999.000 -999.000 -999.000 286.977 284.265 283.397 282.853 282.620 282.970 283.003 283.193 282.878 282.669 281.343 280.718 280.895 281.940 283.970 286.459 286.753 286.994 286.450 286.345 286.906 285.933 285.400 285.436 285.205 287.273 285.878 286.123 284.652 285.517 284.168 284.612 286.466 285.327 284.618 285.262 287.010 288.339 289.509 289.456 289.817 289.843 289.863 289.866 289.867 289.860 289.453 289.287 289.168 288.825 288.699 288.993 289.541 289.676 289.664
-999.000 -999.000 -999.000 -999.000 -999.000 -999.000 -999.000 -999.000 -999.000 -999.000 285.516 284.192 284.104 283.069 283.225 283.221 283.274 283.387 282.969 282.582 281.420 281.086 280.934 282.905 284.938 286.717 286.783 286.276 285.636 283.325 282.215 282.996 282.131 281.693 281.274 284.141 284.885 283.827 282.034 287.305 284.613 285.481 286.121 283.768 286.578 288.986 289.515 289.730 289.824 289.830 289.875 289.877 289.877 289.883 289.875 289.734 289.345 288.900 288.882 288.527 288.520 288.846 289.431 289.571 289.644 289.612
-999.000 -999.000 -999.000 -999.000 -999.000 -999.000 -999.000 -999.000 -999.000 -999.000 287.845 286.714 283.507 283.270 283.119 283.063 283.148 282.904 282.323 281.383 280.283 281.606 284.269 285.374 286.609 286.118 285.349 283.054 281.251 281.579 281.812 281.347 280.835 280.477 280.312 280.129 282.082 283.455 285.724 287.528 288.655 286.717 286.715 289.251 289.780 289.828 289.084 289.354 289.607 289.884 289.894 289.900 289.889 289.744 289.245 289.018 288.747 288.524 288.468 288.782 289.081 289.481 289.539 289.300 289.599 289.568
-999.000 -999.000 -999.000 -999.000 -999.000 -999.000 -999.000 -999.000 -999.000 -999.000 284.457 283.539 284.235 283.161 283.007 282.874 282.161 281.631 281.084 281.135 281.419 285.094 286.301 285.771 284.172 282.687 281.087 281.041 280.671 279.794 281.150 280.792 280.177 280.877 282.174 283.727 286.454 287.192 287.428 286.373 287.364 288.539 289.765 289.745 288.542 288.615 289.146 289.776 289.893 289.924 289.897 289.888 289.810 288.848 288.586 288.428 288.528 288.471 289.224 289.150 288.789 289.362 289.540 289.558 289.539 289.523
-999.000 -999.000 -999.000 -999.000 -999.000 -999.000 -999.000 -999.000 -999.000 285.265 283.550 283.687 284.442 283.453 282.858 282.103 281.408 281.283 281.648 283.780 285.822 285.962 285.561 283.510 281.259 279.780 279.214 278.414 279.287 280.293 280.938 281.230 281.542 282.533 282.800 285.479 286.351 285.207 285.837 287.467 289.302 289.755 289.637 288.878 289.066 289.829 289.885 289.896 289.901 289.935 289.903 289.827 289.345 288.797 288.494 288.400 289.052 288.456 288.698 289.114 289.282 289.491 289.504 289.501 289.481 289.473
-999.000 -999.000 -999.000 -999.000 -999.000 -999.000 -999.000 287.229 284.031 283.142 283.508 283.506 283.652 283.003 282.349 281.930 281.838 284.625 285.633 285.703 284.014 282.810 281.819 282.703 278.667 277.964 277.204 278.019 280.540 282.401 282.780 281.465 280.118 280.249 282.794 285.163 283.880 284.886 287.358 289.685 289.819 289.561 289.721 289.801 289.710 289.865 289.912 289.913 289.896 289.832 289.592 289.194 289.181 288.623 288.481 288.458 288.114 288.362 288.277 288.544 289.514 289.493 289.472 289.448 289.390 289.432
-999.000 -999.000 -999.000 -999.000 -999.000 -999.000 287.038 283.337 282.769 283.221 283.474 283.069 282.527 282.770 282.757 282.701 285.210 284.862 283.296 282.490 282.436 282.260 281.531 278.825 278.605 277.465 279.420 281.316 282.988 283.652 280.395 280.271 281.503 284.486 283.049 282.798 284.519 288.603 289.923 289.888 289.821 289.721 289.586 289.537 289.893 289.906 289.913 289.921 289.028 288.817 289.358 289.228 289.035 288.484 288.193 288.017 287.616 287.744 288.097 289.395 289.525 289.471 289.414 289.412 289.383 289.349
-999.000 -999.000 -999.000 286.887 285.303 284.306 283.093 282.457 282.630 283.176 283.126 283.057 282.850 282.541 284.054 284.939 283.554 282.351 282.106 281.987 282.027 282.329 280.407 278.775 278.764 280.805 282.469 283.396 283.827 283.042 282.328 284.776 285.268 284.168 283.966 285.494 288.187 289.930 289.923 289.918 289.915 289.892 289.920 289.891 289.900 289.895 289.916 288.911 289.225 289.585 289.384 289.080 288.699 288.445 288.024 287.874 287.752 288.925 289.187 289.536 289.534 289.305 289.392 289.364 289.324 289.306
-999.000 -999.000 285.549 283.858 283.164 281.428 281.784 281.903 283.338 283.553 282.661 282.706 282.674 284.284 284.614 282.548 281.357 281.040 281.333 281.433 282.151 283.196 279.928 279.722 281.936 283.293 284.466 284.934 284.603 284.765 285.596 285.910 285.366 285.038 286.934 288.789 289.937 289.938 289.878 289.218 289.297 289.726 289.259 289.149 289.876 289.894 289.899 289.880 289.792 289.628 289.326 288.706 288.061 287.927 288.021 288.265 289.489 289.505 289.501 289.185 289.350 289.328 289.336 289.310 289.280 289.270
-999.000 -999.000 283.006 281.988 281.225 280.934 281.898 283.088 283.552 283.109 282.023 282.698 284.260 283.000 281.717 281.910 281.854 281.802 281.295 283.035 284.175 281.457 280.146 282.719 283.880 284.866 285.473 285.617 285.682 285.719 285.483 285.531 285.832 287.528 289.435 289.943 289.945 289.906 289.835 289.364 288.852 289.304 289.843 289.868 289.887 289.887 289.841 289.599 289.241 288.996 288.845 288.537 287.929 288.351 289.494 289.509 289.514 289.469 289.337 288.829 289.214 289.340 289.278 289.262 289.226 289.221
-999.000 -999.000 281.701 280.758 280.818 281.941 283.055 283.440 282.928 282.881 282.018 283.647 281.682 280.965 280.449 281.085 282.514 284.249 284.736 284.892 284.000 281.053 282.520 283.894 284.733 285.170 285.718 285.763 285.604 285.434 285.119 285.840 288.759 289.945 289.950 289.952 289.954 289.681 289.315 288.905 289.433 289.843 289.851 289.870 289.888 289.763 289.220 289.172 288.854 288.739 289.177 289.348 289.460 289.475 289.343 289.296 289.362 289.034 288.668 288.960 289.121 289.296 289.266 289.232 289.177 289.169
