Source/meteoio/tests/2D_interpolations/2009-01-19T12.00.00_RSWR_ref.asc
ncols               386
nrows               229
xllcorner    479500.000
yllcorner     73500.000
cellsize       1000.000
NODATA_value -999
[rows 145 to 173 of 229, columns 264 to 329 of 386]
169.658 169.663 169.669 169.681 169.702 169.733 169.777 169.833 169.897 169.970 170.049 170.136 170.231 170.333 170.441 170.554 170.673 170.795 170.917 171.048 171.193 171.345 171.507 171.674 171.845 172.012 172.179 172.350 172.524 172.710 172.893 173.074 173.253 173.430 173.606 173.781 173.952 174.120 174.283 174.440 174.591 174.732 174.865 174.986 175.095 175.192 175.275 175.344 175.398 175.435 175.456 175.463 175.456 175.435 175.401 175.354 175.298 -999.000 -999.000 -999.000 -999.000 -999.000 -999.000 -999.000 -999.000 -999.000
169.462 169.474 169.484 169.502 169.528 169.563 169.608 169.667 169.734 169.811 169.893 169.982 170.077 170.179 170.286 170.399 170.515 170.632 170.750 170.880 171.020 171.168 171.325 171.487 171.653 171.818 171.981 172.144 172.307 172.476 172.653 172.830 173.003 173.173 173.341 173.506 173.667 173.824 173.977 174.125 174.266 174.399 174.523 174.637 174.740 174.832 174.911 174.978 175.030 175.067 175.090 175.099 175.096 175.080 175.052 175.012 174.964 -999.000 -999.000 -999.000 -999.000 -999.000 -999.000 -999.000 -999.000 -999.000
169.257 169.275 169.292 169.316 169.348 169.387 169.436 169.496 169.567 169.646 169.733 169.824 169.920 170.023 170.130 170.240 170.352 170.466 170.580 170.709 170.844 170.989 171.142 171.299 171.459 171.623 171.781 171.940 172.096 172.253 172.415 172.580 172.750 172.916 173.078 173.236 173.389 173.539 173.683 173.822 173.954 174.079 174.196 174.304 174.402 174.489 174.565 174.629 174.680 174.717 174.741 174.752 174.752 174.741 174.718 174.685 174.644 -999.000 -999.000 -999.000 -999.000 -999.000 -999.000 -999.000 -999.000 -999.000
169.046 169.069 169.093 169.124 169.162 169.207 169.259 169.321 169.395 169.478 169.567 169.662 169.761 169.864 169.969 170.077 170.187 170.298 170.408 170.536 170.668 170.810 170.958 171.110 171.265 171.424 171.580 171.734 171.887 172.038 172.189 172.342 172.497 172.656 172.815 172.969 173.117 173.260 173.397 173.529 173.655 173.773 173.884 173.986 174.079 174.163 174.235 174.297 174.347 174.383 174.408 174.422 174.425 174.417 174.399 174.372 174.336 -999.000 -999.000 -999.000 -999.000 -999.000 -999.000 -999.000 -999.000 -999.000
168.828 168.857 168.889 168.927 168.971 169.022 169.079 169.145 169.221 169.306 169.398 169.496 169.597 169.700 169.805 169.912 170.019 170.126 170.237 170.361 170.490 170.630 170.774 170.920 171.070 171.224 171.378 171.528 171.678 171.823 171.969 172.114 172.257 172.405 172.550 172.698 172.844 172.983 173.117 173.244 173.364 173.478 173.583 173.681 173.770 173.850 173.920 173.980 174.028 174.065 174.091 174.106 174.111 174.107 174.093 174.070 174.038 -999.000 -999.000 -999.000 -999.000 -999.000 -999.000 -999.000 -999.000 -999.000
168.604 -999.000 -999.000 -999.000 -999.000 168.833 168.896 168.966 169.043 169.132 -999.000 -999.000 169.429 169.533 169.638 169.744 169.849 169.953 170.065 170.187 170.314 170.450 170.589 170.731 170.876 171.025 171.176 171.321 171.467 171.609 171.750 171.890 172.029 172.165 172.301 172.438 172.571 172.704 172.835 172.960 173.077 173.187 173.290 173.384 173.470 173.548 173.616 173.674 173.722 173.758 173.784 173.800 173.808 173.805 173.794 173.774 173.745 -999.000 -999.000 -999.000 -999.000 -999.000 -999.000 -999.000 -999.000 -999.000
-999.000 -999.000 -999.000 -999.000 -999.000 168.641 168.710 168.784 168.865 -999.000 -999.000 -999.000 169.256 169.363 169.468 169.573 169.677 169.778 169.892 170.012 170.138 170.271 170.405 170.543 170.683 170.826 170.973 171.115 171.256 171.395 171.531 171.666 171.801 171.933 172.064 172.191 172.315 172.439 172.560 172.675 172.787 172.896 172.997 173.090 173.174 173.250 173.317 173.374 173.420 173.456 173.483 173.500 173.508 173.507 173.497 173.478 173.449 -999.000 -999.000 -999.000 -999.000 -999.000 -999.000 -999.000 -999.000 -999.000
-999.000 -999.000 -999.000 -999.000 -999.000 -999.000 168.522 168.600 168.683 -999.000 -999.000 -999.000 169.081 169.188 169.296 169.401 169.503 169.603 169.719 169.836 169.962 170.091 170.222 170.355 170.490 170.629 170.770 170.910 171.047 171.182 171.314 171.444 171.574 171.703 171.829 171.952 172.073 172.189 172.302 172.410 172.516 172.616 172.710 172.797 172.877 172.949 173.016 173.072 173.118 173.153 173.180 173.196 173.207 173.210 173.204 173.191 173.171 -999.000 -999.000 -999.000 -999.000 -999.000 -999.000 -999.000 -999.000 -999.000
-999.000 -999.000 -999.000 -999.000 -999.000 -999.000 -999.000 168.412 168.500 -999.000 -999.000 -999.000 168.904 169.012 169.120 169.227 169.328 169.431 169.546 169.661 169.787 169.913 170.040 170.168 170.299 170.433 170.570 170.707 170.839 170.971 171.098 171.224 171.349 171.473 171.596 171.715 171.832 171.945 172.055 172.159 172.260 172.354 172.443 172.526 172.602 172.672 172.735 172.789 172.833 172.869 172.897 172.916 172.929 172.934 172.933 172.925 172.910 -999.000 -999.000 -999.000 -999.000 -999.000 -999.000 -999.000 -999.000 -999.000
-999.000 -999.000 -999.000 -999.000 -999.000 -999.000 -999.000 -999.000 -999.000 -999.000 -999.000 -999.000 168.725 168.834 168.942 169.048 169.151 169.259 169.372 169.489 169.612 169.735 169.859 169.983 170.110 170.239 170.371 170.506 170.634 170.762 170.885 171.006 171.127 171.247 171.365 171.481 171.594 171.704 171.810 171.912 172.009 172.101 172.188 172.269 172.343 172.411 172.471 172.524 172.567 172.603 172.631 172.653 172.667 172.675 172.675 172.669 172.655 -999.000 -999.000 -999.000 -999.000 -999.000 -999.000 -999.000 -999.000 -999.000
-999.000 -999.000 -999.000 -999.000 -999.000 -999.000 -999.000 -999.000 -999.000 -999.000 -999.000 -999.000 168.546 168.655 168.763 168.869 168.970 169.085 169.199 169.317 169.438 169.558 169.679 169.800 169.923 170.048 170.175 170.306 170.431 170.555 170.674 170.791 170.908 171.024 171.138 171.249 171.359 171.465 171.568 171.667 171.762 171.852 171.936 172.015 172.088 172.154 172.214 172.265 172.308 172.343 172.373 172.395 172.410 172.418 172.420 172.416 172.405 -999.000 -999.000 -999.000 -999.000 -999.000 -999.000 -999.000 -999.000 -999.000
-999.000 -999.000 -999.000 -999.000 -999.000 -999.000 -999.000 -999.000 -999.000 -999.000 -999.000 -999.000 168.366 168.476 168.583 168.688 168.793 168.909 169.024 169.145 169.264 169.382 169.500 169.619 169.738 169.859 169.982 170.108 170.231 170.351 170.467 170.580 170.692 170.804 170.914 171.022 171.128 171.231 171.331 171.427 171.519 171.606 171.689 171.766 171.837 171.902 171.960 172.010 172.053 172.089 172.118 172.140 172.157 172.166 172.170 172.167 172.158 172.143 -999.000 -999.000 -999.000 -999.000 -999.000 -999.000 -999.000 -999.000
-999.000 -999.000 -999.000 -999.000 -999.000 -999.000 -999.000 -999.000 -999.000 -999.000 -999.000 -999.000 168.186 168.296 168.403 168.506 168.617 168.732 168.850 168.972 169.091 169.207 169.323 169.439 169.555 169.673 169.792 169.914 170.035 170.150 170.264 170.373 170.481 170.589 170.695 170.799 170.902 171.001 171.098 171.191 171.281 171.366 171.446 171.521 171.591 171.654 171.712 171.760 171.803 171.839 171.868 171.891 171.908 171.919 171.924 171.923 171.917 171.904 171.888 171.868 -999.000 171.813 171.776 171.736 171.691 -999.000
-999.000 -999.000 -999.000 -999.000 -999.000 -999.000 -999.000 -999.000 -999.000 -999.000 -999.000 -999.000 168.005 168.115 168.222 168.325 168.441 168.556 168.676 168.797 168.916 169.033 169.147 169.261 169.374 169.489 169.605 169.723 169.842 169.954 170.064 170.169 170.274 170.378 170.480 170.581 170.680 170.777 170.871 170.961 171.048 171.131 171.209 171.282 171.350 171.412 171.468 171.516 171.558 171.594 171.624 171.648 171.666 171.678 171.684 171.685 171.681 171.671 171.658 171.640 171.618 171.592 171.560 171.523 171.483 -999.000
-999.000 -999.000 -999.000 -999.000 -999.000 -999.000 -999.000 -999.000 -999.000 -999.000 -999.000 -999.000 167.826 167.935 168.040 168.150 168.266 168.381 168.503 168.623 168.741 168.857 168.972 169.084 169.196 169.307 169.420 169.535 169.653 169.761 169.868 169.970 170.071 170.172 170.271 170.368 170.464 170.558 170.649 170.736 170.821 170.901 170.977 171.049 171.116 171.177 171.231 171.279 171.320 171.356 171.386 171.411 171.429 171.443 171.451 171.454 171.451 171.444 171.433 171.419 171.400 171.377 171.349 171.316 171.280 171.241
-999.000 -999.000 -999.000 -999.000 -999.000 -999.000 -999.000 -999.000 -999.000 -999.000 -999.000 -999.000 167.646 167.755 167.859 167.975 168.091 168.210 168.331 168.450 168.566 168.681 168.794 168.907 169.018 169.128 169.239 169.351 169.465 169.571 169.675 169.775 169.873 169.970 170.066 170.161 170.254 170.344 170.433 170.518 170.600 170.678 170.753 170.822 170.888 170.948 171.001 171.047 171.089 171.125 171.155 171.180 171.200 171.214 171.224 171.228 171.228 171.223 171.215 171.203 171.188 171.169 171.144 171.115 171.083 171.047
-999.000 -999.000 -999.000 -999.000 -999.000 -999.000 -999.000 -999.000 -999.000 -999.000 -999.000 -999.000 167.467 167.575 167.684 167.802 167.918 168.040 168.160 168.278 168.393 168.506 168.618 168.729 168.839 168.949 169.059 169.169 169.281 169.385 169.487 169.585 169.680 169.774 169.867 169.959 170.049 170.137 170.223 170.306 170.385 170.462 170.534 170.603 170.667 170.726 170.777 170.823 170.864 170.900 170.931 170.956 170.977 170.993 171.004 171.010 171.012 171.009 171.003 170.994 170.982 170.966 170.945 170.920 170.891 -999.000
-999.000 -999.000 -999.000 -999.000 -999.000 -999.000 -999.000 -999.000 -999.000 -999.000 -999.000 -999.000 -999.000 167.395 167.512 167.630 167.749 167.871 167.990 168.107 168.221 168.333 168.443 168.553 168.661 168.769 168.878 168.988 169.098 169.202 169.302 169.398 169.490 169.582 169.672 169.761 169.849 169.935 170.018 170.099 170.177 170.252 170.323 170.390 170.453 170.510 170.560 170.606 170.647 170.682 170.713 170.739 170.761 170.778 170.790 170.798 170.802 170.802 170.798 170.792 170.782 170.769 170.751 170.729 -999.000 -999.000
-999.000 -999.000 -999.000 -999.000 -999.000 -999.000 -999.000 -999.000 -999.000 -999.000 -999.000 -999.000 167.110 167.222 167.342 167.460 167.583 167.704 167.822 167.938 168.051 168.162 168.271 168.378 168.485 168.592 168.698 168.807 168.916 169.020 169.119 169.214 169.305 169.394 169.482 169.569 169.655 169.739 169.820 169.899 169.975 170.048 170.118 170.184 170.245 -999.000 -999.000 170.395 170.436 -999.000 -999.000 170.530 170.552 170.570 170.584 170.593 170.599 170.600 170.598 170.595 170.588 170.577 170.563 -999.000 -999.000 -999.000
-999.000 -999.000 -999.000 -999.000 -999.000 -999.000 -999.000 -999.000 -999.000 -999.000 -999.000 -999.000 -999.000 167.053 167.173 167.295 167.418 167.539 167.656 167.771 167.882 167.992 168.100 168.206 168.311 168.416 168.521 168.627 168.734 168.838 168.936 169.031 169.122 169.209 169.296 169.381 169.465 169.547 169.627 169.704 169.779 169.851 169.919 169.984 -999.000 -999.000 -999.000 -999.000 -999.000 -999.000 -999.000 170.326 170.349 170.368 170.383 170.394 170.401 170.405 170.405 170.403 170.399 170.391 170.379 -999.000 -999.000 -999.000
-999.000 -999.000 -999.000 -999.000 -999.000 -999.000 -999.000 -999.000 -999.000 -999.000 -999.000 -999.000 -999.000 -999.000 -999.000 167.132 167.256 167.375 167.492 167.606 167.716 167.825 167.931 168.036 168.140 168.243 168.346 168.451 168.556 168.659 168.755 168.849 168.938 169.025 169.112 169.197 169.279 169.360 169.438 169.514 -999.000 -999.000 -999.000 -999.000 -999.000 -999.000 -999.000 -999.000 -999.000 -999.000 -999.000 -999.000 170.153 170.173 170.189 170.201 170.209 170.215 170.216 170.217 170.214 170.208 -999.000 -999.000 -999.000 -999.000
-999.000 -999.000 -999.000 -999.000 -999.000 -999.000 -999.000 -999.000 -999.000 -999.000 -999.000 -999.000 -999.000 -999.000 -999.000 -999.000 167.095 167.214 167.330 167.443 167.552 167.660 167.765 167.868 167.971 168.072 168.174 168.277 168.380 168.482 168.577 168.670 168.756 168.843 168.928 169.012 169.094 169.174 169.253 -999.000 -999.000 -999.000 -999.000 -999.000 -999.000 -999.000 -999.000 -999.000 -999.000 -999.000 -999.000 -999.000 -999.000 169.982 169.999 170.012 170.022 170.028 170.031 170.031 170.029 170.024 -999.000 -999.000 -999.000 -999.000
-999.000 -999.000 -999.000 -999.000 -999.000 -999.000 -999.000 -999.000 -999.000 -999.000 -999.000 -999.000 -999.000 -999.000 -999.000 -999.000 166.936 167.055 167.170 167.282 167.391 167.497 167.601 167.703 167.804 167.905 168.005 168.106 168.208 168.309 168.402 168.493 -999.000 -999.000 -999.000 -999.000 168.911 -999.000 -999.000 -999.000 -999.000 -999.000 -999.000 -999.000 -999.000 -999.000 -999.000 -999.000 -999.000 -999.000 -999.000 -999.000 -999.000 169.793 169.811 169.824 169.834 169.841 169.845 169.847 169.847 169.843 -999.000 -999.000 -999.000 -999.000
-999.000 -999.000 -999.000 -999.000 -999.000 -999.000 -999.000 -999.000 -999.000 -999.000 -999.000 -999.000 -999.000 -999.000 -999.000 -999.000 166.780 166.898 167.012 167.124 167.232 167.337 167.440 167.541 167.641 167.740 167.839 167.938 168.039 168.138 168.230 168.320 -999.000 -999.000 -999.000 -999.000 -999.000 -999.000 -999.000 -999.000 -999.000 -999.000 -999.000 -999.000 -999.000 -999.000 -999.000 -999.000 -999.000 -999.000 -999.000 -999.000 169.584 169.606 169.624 169.638 169.650 169.658 169.663 169.667 169.668 169.666 -999.000 -999.000 -999.000 -999.000
-999.000 -999.000 -999.000 -999.000 -999.000 -999.000 -999.000 -999.000 -999.000 -999.000 -999.000 -999.000 -999.000 -999.000 -999.000 -999.000 -999.000 166.743 166.857 166.968 167.075 167.179 167.281 167.381 167.480 167.578 167.676 167.774 167.873 167.971 168.062 168.151 -999.000 -999.000 -999.000 -999.000 -999.000 -999.000 -999.000 -999.000 -999.000 -999.000 -999.000 -999.000 -999.000 -999.000 -999.000 -999.000 -999.000 -999.000 -999.000 -999.000 -999.000 169.422 169.441 169.457 169.469 169.478 169.485 169.490 169.493 169.493 169.491 -999.000 -999.000 -999.000
-999.000 -999.000 -999.000 -999.000 -999.000 -999.000 -999.000 -999.000 -999.000 -999.000 -999.000 -999.000 -999.000 -999.000 -999.000 -999.000 -999.000 -999.000 166.704 166.814 166.920 167.024 167.125 167.225 167.323 167.420 167.516 167.613 167.711 167.808 167.897 167.985 -999.000 -999.000 -999.000 -999.000 -999.000 -999.000 -999.000 -999.000 -999.000 -999.000 -999.000 -999.000 -999.000 -999.000 -999.000 -999.000 -999.000 -999.000 -999.000 -999.000 -999.000 -999.000 169.263 169.279 169.293 169.303 169.311 169.318 169.323 169.325 169.324 169.318 -999.000 -999.000
-999.000 -999.000 -999.000 -999.000 -999.000 -999.000 -999.000 -999.000 -999.000 -999.000 -999.000 -999.000 -999.000 -999.000 -999.000 -999.000 -999.000 -999.000 166.552 166.662 166.768 166.872 166.972 167.071 167.168 167.264 167.359 167.455 167.553 167.648 167.736 167.822 -999.000 -999.000 -999.000 -999.000 -999.000 -999.000 -999.000 -999.000 -999.000 -999.000 -999.000 -999.000 -999.000 -999.000 -999.000 -999.000 -999.000 -999.000 -999.000 -999.000 -999.000 -999.000 169.088 169.106 169.120 169.132 169.142 169.150 169.156 169.160 169.161 169.158 169.151 -999.000
-999.000 -999.000 -999.000 -999.000 -999.000 -999.000 -999.000 -999.000 -999.000 -999.000 -999.000 -999.000 -999.000 -999.000 -999.000 -999.000 -999.000 -999.000 -999.000 -999.000 -999.000 166.721 166.821 166.919 167.016 167.111 167.206 167.301 -999.000 167.492 167.579 167.664 -999.000 -999.000 -999.000 -999.000 -999.000 -999.000 -999.000 -999.000 -999.000 -999.000 -999.000 -999.000 -999.000 -999.000 -999.000 -999.000 -999.000 -999.000 -999.000 -999.000 -999.000 -999.000 168.919 168.937 168.953 168.966 168.976 168.986 168.994 168.999 169.002 169.001 168.996 168.990
-999.000 -999.000 -999.000 -999.000 -999.000 -999.000 -999.000 -999.000 -999.000 -999.000 -999.000 -999.000 -999.000 -999.000 -999.000 -999.000 -999.000 -999.000 -999.000 -999.000 -999.000 -999.000 -999.000 -999.000 -999.000 166.961 167.055 -999.000 -999.000 -999.000 -999.000 -999.000 -999.000 -999.000 -999.000 -999.000 -999.000 -999.000 -999.000 -999.000 -999.000 -999.000 -999.000 -999.000 -999.000 -999.000 -999.000 -999.000 -999.000 -999.000 -999.000 -999.000 -999.000 -999.000 -999.000 168.773 168.789 168.803 168.815 168.827 168.836 168.843 168.847 168.848 168.845 168.840
