Source/meteoio/tests/2D_interpolations/2009-01-19T12.00.00_RH_ref.asc
ncols               386
nrows               229
xllcorner    479500.000
yllcorner     73500.000
cellsize       1000.000
NODATA_value -999
[rows 165 to 197 of 229, columns 146 to 218 of 386]
0.704 0.721 0.736 0.773 0.764 0.750 0.763 0.749 0.748 0.702 0.747 0.705 0.719 0.725 0.691 0.697 0.695 0.660 0.658 0.685 0.672 0.667 0.651 0.646 0.627 0.628 0.618 0.627 0.625 0.633 0.649 0.691 0.691 0.679 0.674 0.684 0.679 0.676 0.671 0.679 0.707 0.724 -999.000 -999.000 -999.000 -999.000 -999.000 -999.000 -999.000 -999.000 -999.000 -999.000 -999.000 -999.000 0.696 0.702 0.688 0.666 0.654 0.614 0.649 0.656 0.677 0.690 0.675 0.696 0.668 0.639 0.613 0.633 0.650 0.641 0.681
0.726 0.750 0.773 0.763 0.732 0.719 0.740 0.723 0.710 0.700 0.722 0.704 0.699 0.714 0.688 0.692 0.672 0.666 0.669 0.668 0.657 0.647 0.634 0.619 0.616 0.620 0.627 0.641 0.652 0.634 0.671 0.668 0.660 0.650 0.656 0.660 0.664 0.675 0.693 0.688 0.699 -999.000 -999.000 -999.000 -999.000 -999.000 -999.000 -999.000 -999.000 -999.000 -999.000 -999.000 -999.000 -999.000 0.690 0.688 0.687 0.676 0.658 0.621 0.611 0.622 0.650 0.642 0.687 0.660 0.639 0.629 0.614 0.651 0.653 0.679 0.661
0.715 0.771 0.743 0.761 0.711 0.701 0.744 0.708 0.673 0.719 0.743 0.708 0.672 0.719 0.684 0.673 0.652 0.645 0.675 0.660 0.637 0.621 0.617 0.628 0.631 0.633 0.648 0.661 0.668 0.652 0.643 0.642 0.647 0.660 0.654 0.680 0.703 0.713 -999.000 -999.000 -999.000 -999.000 -999.000 -999.000 -999.000 -999.000 -999.000 -999.000 -999.000 -999.000 -999.000 -999.000 -999.000 -999.000 0.704 0.677 0.648 0.651 0.628 0.653 0.642 0.621 0.611 0.642 0.661 0.641 0.621 0.611 0.633 0.655 0.678 0.682 0.715
0.733 0.751 0.714 0.756 0.701 0.705 0.753 0.707 0.663 0.709 0.740 0.718 0.668 0.702 0.690 0.656 0.645 0.640 0.672 0.646 0.628 0.616 0.633 0.656 0.656 0.660 0.664 0.700 0.706 0.679 0.655 0.644 0.669 0.679 0.672 0.687 0.714 0.714 -999.000 -999.000 -999.000 -999.000 -999.000 -999.000 -999.000 -999.000 -999.000 -999.000 -999.000 -999.000 -999.000 -999.000 -999.000 -999.000 0.691 0.672 0.650 0.646 0.660 0.693 0.677 0.641 0.631 0.606 0.621 0.606 0.616 0.627 0.627 0.658 0.688 0.697 0.703
0.721 0.724 0.703 0.742 0.685 0.702 0.736 0.697 0.657 0.694 0.709 0.731 0.674 0.691 0.697 0.666 0.634 0.635 0.646 0.627 0.617 0.638 0.654 0.661 0.688 0.702 0.686 0.705 0.687 0.679 0.667 0.652 0.682 0.706 0.698 0.699 0.702 -999.000 -999.000 -999.000 -999.000 -999.000 -999.000 -999.000 -999.000 -999.000 -999.000 -999.000 -999.000 -999.000 -999.000 -999.000 -999.000 -999.000 0.704 0.693 0.682 0.681 0.686 0.690 0.671 0.679 0.646 0.625 0.603 0.617 0.646 0.634 0.670 0.648 0.667 0.679 0.676
0.714 0.702 0.683 0.698 0.673 0.694 0.703 0.694 0.651 0.689 0.716 0.722 0.689 0.674 0.696 0.664 0.631 0.635 0.622 0.619 0.634 0.643 0.661 0.685 0.711 0.725 0.717 0.696 0.671 0.685 0.664 0.656 0.686 0.697 0.717 -999.000 -999.000 -999.000 -999.000 -999.000 -999.000 -999.000 -999.000 -999.000 -999.000 -999.000 -999.000 -999.000 -999.000 -999.000 -999.000 -999.000 -999.000 0.704 0.692 0.707 0.695 0.704 0.693 0.682 0.704 0.679 0.668 0.632 0.603 0.619 0.630 0.664 0.654 0.671 0.688 0.667 0.657
0.676 0.677 0.687 0.658 0.676 0.678 0.686 0.680 0.646 0.679 0.690 0.692 0.689 0.651 0.667 0.649 0.623 0.618 0.617 0.626 0.639 0.670 0.680 0.712 0.724 0.712 0.698 0.681 0.694 0.693 0.673 0.700 0.673 0.721 0.730 -999.000 -999.000 -999.000 -999.000 -999.000 -999.000 -999.000 -999.000 -999.000 -999.000 -999.000 -999.000 -999.000 -999.000 -999.000 -999.000 -999.000 -999.000 0.694 0.677 0.672 0.671 0.671 0.672 0.659 0.674 0.680 0.650 0.625 0.602 0.638 0.647 0.660 0.678 0.684 0.690 0.660 0.654
0.650 0.652 0.648 0.645 0.657 0.658 0.653 0.655 0.638 0.665 0.669 0.668 0.664 0.648 0.645 0.633 0.618 0.618 0.626 0.628 0.637 0.672 0.706 0.710 0.706 0.718 0.713 0.702 0.717 0.700 0.684 0.723 0.690 0.712 -999.000 -999.000 -999.000 -999.000 -999.000 -999.000 -999.000 -999.000 -999.000 -999.000 -999.000 -999.000 -999.000 -999.000 -999.000 -999.000 -999.000 -999.000 0.694 0.678 0.665 0.650 0.643 0.638 0.638 0.634 0.651 0.655 0.633 0.613 0.602 0.645 0.658 0.657 0.664 0.668 0.669 0.678 0.657
0.631 0.630 0.631 0.633 0.634 0.638 0.635 0.632 0.640 0.651 0.651 0.653 0.646 0.636 0.620 0.619 0.620 0.621 0.627 0.633 0.652 0.670 0.698 0.682 0.701 0.711 0.705 0.723 0.717 0.720 0.692 0.719 0.729 0.709 -999.000 -999.000 -999.000 -999.000 -999.000 -999.000 -999.000 -999.000 -999.000 -999.000 -999.000 -999.000 -999.000 -999.000 -999.000 -999.000 -999.000 -999.000 0.689 0.671 0.661 0.679 0.681 0.671 0.660 0.632 0.621 0.620 0.612 0.617 0.602 0.618 0.638 0.631 0.658 0.664 0.653 0.682 0.663
0.638 0.631 0.629 0.629 0.628 0.627 0.626 0.626 0.625 0.626 0.629 0.628 0.621 0.622 0.622 0.632 0.630 0.631 0.629 0.649 0.667 0.662 0.668 0.683 0.687 0.694 0.712 0.720 -999.000 0.724 0.716 -999.000 -999.000 -999.000 -999.000 -999.000 -999.000 -999.000 -999.000 -999.000 -999.000 -999.000 -999.000 -999.000 -999.000 -999.000 -999.000 -999.000 -999.000 -999.000 -999.000 0.702 0.706 0.686 0.673 0.658 0.667 0.655 0.636 0.620 0.629 0.640 0.638 0.634 0.633 0.601 0.602 0.619 0.626 0.645 0.631 0.644 0.639
0.661 0.653 0.646 0.642 0.646 0.641 0.640 0.634 0.625 0.624 0.624 0.628 0.635 0.645 0.648 0.665 0.661 0.658 0.645 0.645 0.641 0.650 0.659 0.660 0.677 0.698 0.720 -999.000 -999.000 -999.000 -999.000 -999.000 -999.000 -999.000 -999.000 -999.000 -999.000 -999.000 -999.000 -999.000 -999.000 -999.000 -999.000 -999.000 -999.000 -999.000 -999.000 -999.000 -999.000 -999.000 -999.000 -999.000 0.672 0.675 0.659 0.645 0.641 0.636 0.625 0.634 0.654 0.675 0.652 0.646 0.657 0.628 0.617 0.600 0.600 0.610 0.636 0.629 0.658
0.673 0.659 0.657 0.661 0.671 0.670 0.669 0.661 0.626 0.640 0.658 0.652 0.666 0.661 0.653 0.679 0.708 0.699 0.663 0.649 0.665 0.672 0.685 0.685 0.680 0.716 -999.000 -999.000 -999.000 -999.000 -999.000 -999.000 -999.000 -999.000 -999.000 -999.000 -999.000 -999.000 -999.000 -999.000 -999.000 -999.000 -999.000 -999.000 -999.000 -999.000 -999.000 -999.000 -999.000 -999.000 -999.000 -999.000 0.663 0.653 0.649 0.643 0.656 0.645 0.654 0.639 0.672 0.681 0.669 0.679 0.654 0.626 0.644 0.616 0.604 0.600 0.616 0.624 0.656
0.680 0.676 0.671 0.665 0.673 0.680 0.668 0.659 0.629 0.640 0.648 0.677 0.701 0.673 0.664 0.693 0.729 0.698 0.666 0.673 0.663 0.694 0.694 0.710 0.721 -999.000 -999.000 -999.000 -999.000 -999.000 -999.000 -999.000 -999.000 -999.000 -999.000 -999.000 -999.000 -999.000 -999.000 -999.000 -999.000 -999.000 -999.000 -999.000 -999.000 -999.000 -999.000 -999.000 -999.000 -999.000 -999.000 -999.000 -999.000 0.666 0.661 0.660 0.685 0.657 0.675 0.657 0.680 0.676 0.677 0.657 0.647 0.648 0.658 0.640 0.630 0.610 0.600 0.626 0.641
0.697 0.697 0.683 0.683 0.681 0.689 0.680 0.652 0.627 0.642 0.662 0.675 0.700 0.696 0.673 0.704 0.724 0.698 0.690 0.704 0.661 0.699 0.713 0.734 0.761 -999.000 -999.000 -999.000 -999.000 -999.000 -999.000 -999.000 -999.000 -999.000 -999.000 -999.000 -999.000 -999.000 -999.000 -999.000 -999.000 -999.000 -999.000 -999.000 -999.000 -999.000 -999.000 -999.000 -999.000 -999.000 -999.000 -999.000 -999.000 0.688 0.669 0.669 0.686 0.686 0.706 0.705 0.695 0.676 0.676 0.675 0.679 0.669 0.671 0.662 0.628 0.613 0.600 0.608 0.628
0.702 0.720 0.714 0.702 0.699 0.705 0.691 0.651 0.628 0.649 0.661 0.680 0.694 0.703 0.679 0.709 0.727 0.723 0.712 0.699 0.674 0.685 0.720 0.736 0.743 -999.000 -999.000 -999.000 -999.000 -999.000 -999.000 -999.000 -999.000 -999.000 -999.000 -999.000 -999.000 -999.000 -999.000 -999.000 -999.000 -999.000 -999.000 -999.000 -999.000 -999.000 -999.000 -999.000 -999.000 -999.000 -999.000 -999.000 -999.000 0.675 0.686 0.682 0.698 0.686 0.672 0.685 0.692 0.680 0.658 0.658 0.672 0.677 0.678 0.651 0.622 0.633 0.606 0.599 0.605
0.709 0.745 0.747 0.725 0.704 0.696 0.692 0.654 0.632 0.656 0.666 0.675 0.701 0.701 0.676 0.704 0.728 0.711 0.692 0.688 0.691 0.697 0.715 0.740 0.759 0.777 0.778 -999.000 -999.000 -999.000 -999.000 -999.000 -999.000 -999.000 -999.000 -999.000 -999.000 -999.000 -999.000 -999.000 -999.000 -999.000 -999.000 -999.000 -999.000 -999.000 -999.000 -999.000 -999.000 -999.000 -999.000 -999.000 -999.000 -999.000 0.683 0.670 0.670 0.659 0.657 0.665 0.649 0.667 0.651 0.663 0.666 0.659 0.666 0.646 0.654 0.654 0.621 0.605 0.598
0.729 0.749 0.744 0.731 0.709 0.680 0.676 0.657 0.637 0.668 0.668 0.681 0.705 0.715 0.680 0.703 0.717 0.707 0.682 0.687 0.706 0.734 0.753 0.753 0.785 0.761 0.770 0.707 -999.000 -999.000 -999.000 -999.000 -999.000 -999.000 -999.000 -999.000 -999.000 -999.000 -999.000 -999.000 -999.000 -999.000 -999.000 -999.000 -999.000 -999.000 -999.000 -999.000 -999.000 -999.000 -999.000 -999.000 -999.000 -999.000 -999.000 0.671 0.660 0.653 0.641 0.638 0.634 0.629 0.633 0.644 0.645 0.656 0.649 0.667 0.675 0.651 0.637 0.626 0.600
0.741 0.759 0.755 0.735 0.708 0.675 0.657 0.638 0.644 0.661 0.694 0.694 0.712 0.733 0.692 0.708 0.719 0.704 0.680 0.695 0.705 0.723 0.717 0.735 0.753 0.732 0.724 0.742 -999.000 -999.000 -999.000 -999.000 -999.000 -999.000 -999.000 -999.000 -999.000 -999.000 -999.000 -999.000 -999.000 -999.000 -999.000 -999.000 -999.000 -999.000 -999.000 -999.000 -999.000 -999.000 -999.000 -999.000 -999.000 -999.000 -999.000 -999.000 -999.000 0.675 0.670 0.666 0.669 0.650 0.650 0.636 0.623 0.630 0.636 0.667 0.656 0.653 0.631 0.635 0.620
0.761 0.753 0.716 0.713 0.684 0.660 0.640 0.653 0.635 0.666 0.689 0.722 0.725 0.743 0.710 0.709 0.745 0.708 0.686 0.676 0.674 0.688 0.701 0.725 0.726 0.700 0.698 0.701 0.719 -999.000 -999.000 -999.000 -999.000 -999.000 -999.000 -999.000 -999.000 -999.000 -999.000 -999.000 -999.000 -999.000 -999.000 -999.000 -999.000 -999.000 -999.000 -999.000 -999.000 -999.000 -999.000 -999.000 -999.000 -999.000 -999.000 -999.000 -999.000 -999.000 -999.000 0.676 0.677 0.660 0.666 0.664 0.650 0.625 0.646 0.666 0.636 0.644 0.622 0.640 0.633
0.743 0.723 0.694 0.682 0.659 0.646 0.677 0.690 0.663 0.656 0.690 0.716 0.740 0.750 0.721 0.709 0.743 0.720 0.732 0.718 0.677 0.672 0.702 0.711 0.743 0.687 0.668 0.681 0.690 -999.000 -999.000 -999.000 -999.000 -999.000 -999.000 -999.000 -999.000 -999.000 -999.000 -999.000 -999.000 -999.000 -999.000 -999.000 -999.000 -999.000 -999.000 -999.000 -999.000 -999.000 -999.000 -999.000 -999.000 -999.000 -999.000 -999.000 -999.000 -999.000 -999.000 0.654 0.666 0.646 0.641 0.639 0.636 0.627 0.624 0.644 0.629 0.625 0.617 0.638 0.644
0.764 0.751 0.710 0.670 0.649 0.674 0.687 0.706 0.703 0.645 0.670 0.695 0.733 0.760 0.754 0.728 0.735 0.758 0.736 0.702 0.683 0.664 0.672 0.692 0.706 0.683 0.660 0.653 0.661 0.648 -999.000 -999.000 -999.000 -999.000 -999.000 -999.000 -999.000 -999.000 -999.000 -999.000 -999.000 -999.000 -999.000 -999.000 -999.000 -999.000 -999.000 -999.000 -999.000 -999.000 -999.000 -999.000 -999.000 -999.000 -999.000 -999.000 -999.000 -999.000 -999.000 -999.000 0.638 0.632 0.628 0.629 0.625 0.615 0.611 0.616 0.608 0.604 0.605 0.609 0.627
0.736 0.712 0.699 0.652 0.671 0.680 0.699 0.720 0.711 0.664 0.664 0.703 0.734 0.751 0.767 0.765 0.756 0.750 0.722 0.699 0.680 0.678 0.657 0.664 0.681 0.655 0.642 0.666 0.632 0.637 -999.000 -999.000 -999.000 -999.000 -999.000 -999.000 -999.000 -999.000 -999.000 -999.000 -999.000 -999.000 -999.000 -999.000 -999.000 -999.000 -999.000 -999.000 -999.000 -999.000 -999.000 -999.000 -999.000 -999.000 -999.000 -999.000 -999.000 -999.000 -999.000 -999.000 -999.000 0.638 0.648 0.660 0.647 0.641 0.631 0.624 0.628 0.626 0.623 0.605 0.618
0.756 0.705 0.673 0.659 0.677 0.691 0.722 0.742 0.712 0.695 0.656 0.692 0.726 0.735 0.739 0.758 0.776 0.793 0.740 0.723 0.717 0.698 0.674 0.648 0.647 0.672 0.696 0.673 0.640 0.661 0.694 -999.000 -999.000 -999.000 -999.000 -999.000 -999.000 -999.000 -999.000 -999.000 -999.000 -999.000 -999.000 -999.000 -999.000 -999.000 -999.000 -999.000 -999.000 -999.000 -999.000 -999.000 -999.000 -999.000 -999.000 -999.000 -999.000 -999.000 -999.000 -999.000 -999.000 -999.000 0.666 0.673 0.655 0.652 0.651 0.639 0.641 0.632 0.616 0.606 0.598
0.740 0.691 0.657 0.670 0.686 0.722 0.750 0.762 0.752 0.715 0.668 0.689 0.717 0.746 0.767 0.759 0.765 0.819 0.775 0.754 0.732 0.723 0.685 0.652 0.683 0.682 0.688 0.650 0.668 0.708 -999.000 -999.000 -999.000 -999.000 -999.000 -999.000 -999.000 -999.000 -999.000 -999.000 -999.000 -999.000 -999.000 -999.000 -999.000 -999.000 -999.000 -999.000 -999.000 -999.000 -999.000 -999.000 -999.000 -999.000 -999.000 -999.000 -999.000 -999.000 -999.000 -999.000 -999.000 -999.000 0.644 0.658 0.641 0.630 0.619 0.628 0.619 0.614 0.607 0.609 0.614
0.731 0.675 0.658 0.693 0.696 0.719 0.758 0.771 0.731 0.714 0.703 0.667 0.698 0.728 0.737 0.753 0.773 0.818 0.839 0.772 0.740 0.715 0.672 0.675 0.701 0.687 0.661 0.662 0.675 0.693 -999.000 -999.000 -999.000 -999.000 -999.000 -999.000 -999.000 -999.000 -999.000 -999.000 -999.000 -999.000 -999.000 -999.000 -999.000 -999.000 -999.000 -999.000 -999.000 -999.000 -999.000 -999.000 -999.000 -999.000 -999.000 -999.000 -999.000 -999.000 -999.000 -999.000 -999.000 -999.000 -999.000 0.628 0.631 0.617 0.613 0.608 0.614 0.615 0.611 0.624 0.637
0.712 0.669 0.670 0.705 0.734 0.715 0.755 0.751 0.738 0.764 0.721 0.682 0.677 0.708 0.738 0.760 0.778 0.806 0.815 0.753 0.722 0.699 0.670 0.696 0.718 0.688 0.656 0.681 0.686 0.699 -999.000 -999.000 -999.000 -999.000 -999.000 -999.000 -999.000 -999.000 -999.000 -999.000 -999.000 -999.000 -999.000 -999.000 -999.000 -999.000 -999.000 -999.000 -999.000 -999.000 -999.000 -999.000 -999.000 -999.000 -999.000 -999.000 -999.000 -999.000 -999.000 -999.000 -999.000 -999.000 -999.000 -999.000 0.609 0.613 0.614 0.612 0.621 0.631 0.628 0.624 0.639
0.728 0.666 0.679 0.720 0.765 0.732 0.764 0.793 0.781 0.793 0.750 0.703 0.676 0.706 0.736 0.768 0.759 0.786 0.808 0.742 0.721 0.699 0.702 0.698 0.724 0.678 0.664 0.704 0.701 0.703 -999.000 -999.000 -999.000 -999.000 -999.000 -999.000 -999.000 -999.000 -999.000 -999.000 -999.000 -999.000 -999.000 -999.000 -999.000 -999.000 -999.000 -999.000 -999.000 -999.000 -999.000 -999.000 -999.000 -999.000 -999.000 -999.000 -999.000 -999.000 -999.000 -999.000 -999.000 -999.000 -999.000 -999.000 0.625 0.627 0.625 0.623 0.630 0.636 0.650 0.650 0.634
0.702 0.666 0.689 0.739 0.779 0.757 0.775 0.797 0.829 0.786 0.732 0.696 0.673 0.697 0.725 0.730 0.760 0.784 0.824 0.766 0.739 0.733 0.720 0.732 0.726 0.668 0.694 0.705 0.716 -999.000 -999.000 -999.000 -999.000 -999.000 -999.000 -999.000 -999.000 -999.000 -999.000 -999.000 -999.000 -999.000 -999.000 -999.000 -999.000 -999.000 -999.000 -999.000 -999.000 -999.000 -999.000 -999.000 -999.000 -999.000 -999.000 -999.000 -999.000 -999.000 -999.000 -999.000 -999.000 -999.000 -999.000 -999.000 -999.000 0.642 0.645 0.640 0.646 0.669 0.635 0.634 0.619
0.714 0.666 0.684 0.742 0.790 0.802 0.809 0.813 0.828 0.784 0.745 0.712 0.679 0.688 0.705 0.733 0.758 0.789 0.823 0.786 0.753 0.751 0.734 0.747 0.712 0.681 0.712 -999.000 -999.000 -999.000 -999.000 -999.000 -999.000 -999.000 -999.000 -999.000 -999.000 -999.000 -999.000 -999.000 -999.000 -999.000 -999.000 -999.000 -999.000 -999.000 -999.000 -999.000 -999.000 -999.000 -999.000 -999.000 -999.000 -999.000 -999.000 -999.000 -999.000 -999.000 -999.000 -999.000 -999.000 -999.000 -999.000 -999.000 -999.000 0.655 0.678 -999.000 0.662 0.656 0.633 0.615 0.607
0.720 0.666 0.707 0.733 0.767 0.818 0.822 0.827 0.833 0.800 0.754 0.720 0.685 0.684 0.716 0.747 0.763 0.817 0.798 0.816 0.803 0.760 0.746 0.713 0.681 0.704 0.710 -999.000 -999.000 -999.000 -999.000 -999.000 -999.000 -999.000 -999.000 -999.000 -999.000 -999.000 -999.000 -999.000 -999.000 -999.000 -999.000 -999.000 -999.000 -999.000 -999.000 -999.000 -999.000 -999.000 -999.000 -999.000 -999.000 -999.000 -999.000 -999.000 -999.000 -999.000 -999.000 -999.000 -999.000 -999.000 -999.000 -999.000 -999.000 -999.000 -999.000 -999.000 -999.000 0.662 0.635 0.607 0.600
0.717 0.670 0.695 0.735 0.779 0.813 0.884 0.869 0.832 0.781 0.727 0.717 0.690 0.675 0.713 0.758 0.764 0.765 0.782 0.783 0.760 0.740 0.709 0.702 0.699 -999.000 -999.000 -999.000 -999.000 -999.000 -999.000 -999.000 -999.000 -999.000 -999.000 -999.000 -999.000 -999.000 -999.000 -999.000 -999.000 -999.000 -999.000 -999.000 -999.000 -999.000 -999.000 -999.000 -999.000 -999.000 -999.000 -999.000 -999.000 -999.000 -999.000 -999.000 -999.000 -999.000 -999.000 -999.000 -999.000 -999.000 -999.000 -999.000 -999.000 -999.000 -999.000 -999.000 -999.000 -999.000 -999.000 0.610 0.597
0.679 0.680 0.708 0.760 0.801 0.844 0.848 0.880 0.826 0.774 0.725 0.693 0.691 0.683 0.693 0.722 0.723 0.731 0.754 0.781 0.807 0.772 -999.000 -999.000 -999.000 -999.000 -999.000 -999.000 -999.000 -999.000 -999.000 -999.000 -999.000 -999.000 -999.000 -999.000 -999.000 -999.000 -999.000 -999.000 -999.000 -999.000 -999.000 -999.000 -999.000 -999.000 -999.000 -999.000 -999.000 -999.000 -999.000 -999.000 -999.000 -999.000 -999.000 -999.000 -999.000 -999.000 -999.000 -999.000 -999.000 -999.000 -999.000 -999.000 -999.000 -999.000 -999.000 -999.000 -999.000 -999.000 -999.000 -999.000 -999.000
0.683 0.687 0.721 0.758 0.801 0.828 0.889 0.875 0.789 0.745 0.715 0.695 0.711 0.714 0.680 0.712 0.729 0.732 0.743 0.766 0.805 -999.000 -999.000 -999.000 -999.000 -999.000 -999.000 -999.000 -999.000 -999.000 -999.000 -999.000 -999.000 -999.000 -999.000 -999.000 -999.000 -999.000 -999.000 -999.000 -999.000 -999.000 -999.000 -999.000 -999.000 -999.000 -999.000 -999.000 -999.000 -999.000 -999.000 -999.000 -999.000 -999.000 -999.000 -999.000 -999.000 -999.000 -999.000 -999.000 -999.000 -999.000 -999.000 -999.000 -999.000 -999.000 -999.000 -999.000 -999.000 -999.000 -999.000 -999.000 -999.000
