Source/meteoio/tests/2D_interpolations/2009-01-19T12.00.00_PSUM_ref.asc
ncols               386
nrows               229
xllcorner    479500.000
yllcorner     73500.000
cellsize       1000.000
NODATA_value -999
[rows 132 to 164 of 229, columns 292 to 364 of 386]
1.023 0.738 0.881 1.114 1.189 1.564 1.665 1.695 1.497 1.539 1.637 1.678 1.691 1.821 1.768 2.008 1.837 1.754 1.759 1.731 1.704 1.709 1.689 1.603 1.496 1.514 1.180 1.124 1.442 1.531 1.782 1.579 1.757 1.639 1.717 1.544 1.506 1.128 1.350 1.464 1.409 1.557 1.553 1.576 1.570 1.612 1.634 1.646 1.680 1.679 1.541 1.667 1.725 1.783 1.893 1.882 -999.000 -999.000 0.959 -999.000 -999.000 -999.000 -999.000 -999.000 -999.000 -999.000 -999.000 -999.000 -999.000 -999.000 -999.000 -999.000 -999.000
1.279 1.184 0.904 0.906 1.211 1.245 1.367 1.450 1.535 1.634 1.577 1.583 1.659 1.798 1.878 2.053 1.939 1.944 1.765 1.795 1.584 1.672 1.221 1.549 1.421 1.363 1.096 1.235 1.643 1.537 1.949 1.683 1.830 1.647 1.781 1.519 1.682 1.256 1.184 1.483 1.564 1.659 1.721 1.625 1.619 1.657 1.574 1.654 1.566 1.505 1.471 1.553 1.510 1.595 1.750 1.665 1.630 1.288 1.021 0.852 0.997 -999.000 -999.000 -999.000 -999.000 -999.000 -999.000 -999.000 -999.000 -999.000 -999.000 -999.000 -999.000
1.542 1.296 1.304 0.970 0.979 1.152 1.328 1.092 1.155 1.529 1.541 1.592 1.682 1.850 1.921 2.113 1.988 2.065 2.022 1.913 1.662 1.613 1.512 1.220 1.138 1.125 1.131 1.486 1.787 1.617 2.154 1.760 1.886 1.831 1.890 1.572 1.738 1.593 1.407 1.178 1.491 1.599 -999.000 1.676 1.707 1.663 1.722 1.632 1.576 1.213 1.145 1.223 1.482 1.577 1.669 1.626 1.474 1.135 0.891 0.871 1.193 1.461 -999.000 -999.000 -999.000 -999.000 -999.000 -999.000 -999.000 -999.000 -999.000 -999.000 -999.000
1.704 1.537 1.394 1.147 0.956 0.966 1.011 1.353 1.477 1.640 1.586 1.672 1.720 1.823 1.956 2.173 1.979 1.984 1.825 1.914 1.717 1.686 1.528 1.355 1.193 1.131 1.400 1.493 1.820 1.637 1.942 1.811 2.049 1.767 1.904 1.726 1.840 1.578 1.481 1.238 -999.000 -999.000 -999.000 -999.000 1.718 1.767 1.667 1.746 1.695 1.528 1.404 1.169 1.181 1.233 1.393 1.364 1.208 1.016 0.876 1.094 1.430 1.577 -999.000 -999.000 -999.000 -999.000 -999.000 -999.000 -999.000 -999.000 -999.000 -999.000 -999.000
1.791 1.748 1.636 1.491 1.119 0.956 1.096 1.354 1.439 1.633 1.733 1.721 1.872 1.915 1.953 1.812 2.082 2.053 1.932 1.812 1.731 1.592 1.448 1.258 1.138 1.175 1.423 1.506 1.549 1.838 1.919 1.942 2.000 1.935 -999.000 -999.000 -999.000 -999.000 -999.000 -999.000 -999.000 -999.000 -999.000 -999.000 1.658 1.731 1.697 1.773 1.622 1.690 1.569 1.450 1.182 1.106 1.070 1.092 1.105 0.927 1.014 1.348 1.605 1.701 -999.000 -999.000 -999.000 -999.000 -999.000 -999.000 -999.000 -999.000 -999.000 -999.000 -999.000
1.945 1.826 1.798 1.749 1.387 1.143 1.104 1.535 1.751 1.863 1.869 1.718 1.973 1.977 2.056 2.172 1.996 1.878 1.707 1.709 1.585 1.428 1.161 1.147 1.421 1.374 1.251 1.220 1.662 1.639 1.683 1.850 1.934 -999.000 -999.000 -999.000 -999.000 -999.000 -999.000 -999.000 -999.000 -999.000 -999.000 -999.000 1.616 1.713 1.746 1.723 1.804 1.808 1.746 1.621 1.461 1.205 1.173 1.000 0.992 0.995 1.352 1.525 1.789 1.759 -999.000 -999.000 -999.000 -999.000 -999.000 -999.000 -999.000 -999.000 -999.000 -999.000 -999.000
1.909 1.958 1.580 1.895 1.510 1.505 1.374 1.289 1.444 1.596 1.880 1.931 2.002 1.775 1.842 1.772 1.822 1.846 1.694 1.543 1.411 1.174 1.148 1.418 1.562 1.459 1.627 1.431 1.608 1.723 1.796 1.846 1.900 -999.000 -999.000 -999.000 -999.000 -999.000 -999.000 -999.000 -999.000 -999.000 -999.000 -999.000 1.632 1.586 1.746 1.777 1.784 1.676 1.675 1.814 1.637 1.477 1.323 1.166 1.331 1.399 1.459 1.560 1.786 1.894 -999.000 -999.000 -999.000 -999.000 -999.000 -999.000 -999.000 -999.000 -999.000 -999.000 -999.000
1.780 1.964 1.963 1.918 1.684 1.555 1.198 1.543 1.629 1.769 1.782 1.786 1.680 1.947 1.931 1.865 1.754 1.501 1.461 1.410 1.165 1.149 1.451 1.573 1.654 1.585 1.699 1.644 1.572 1.557 1.794 1.955 1.910 -999.000 -999.000 -999.000 -999.000 -999.000 -999.000 -999.000 -999.000 -999.000 -999.000 -999.000 1.669 1.678 1.770 1.686 1.834 1.810 1.772 1.562 1.635 1.560 1.244 1.576 1.512 1.566 1.670 1.721 1.785 1.888 -999.000 -999.000 -999.000 -999.000 -999.000 -999.000 -999.000 -999.000 -999.000 -999.000 -999.000
1.820 1.833 1.747 1.950 1.784 1.615 1.536 1.546 1.583 1.637 1.766 1.856 1.986 1.910 1.846 1.796 1.716 1.607 1.239 1.155 1.165 1.512 1.581 1.774 1.842 1.716 1.766 1.736 1.785 1.895 1.699 1.922 -999.000 -999.000 -999.000 -999.000 -999.000 -999.000 -999.000 -999.000 -999.000 -999.000 -999.000 -999.000 -999.000 -999.000 -999.000 1.800 1.782 1.805 1.839 1.828 1.823 1.714 1.733 1.693 1.694 1.707 1.758 1.650 1.994 1.901 -999.000 -999.000 -999.000 -999.000 -999.000 -999.000 -999.000 -999.000 -999.000 -999.000 -999.000
1.701 1.785 1.887 1.893 1.734 1.776 1.591 1.589 1.715 1.700 1.756 1.731 1.637 1.666 1.709 1.654 1.459 1.439 1.156 1.166 1.437 1.558 1.618 1.916 1.831 1.896 1.713 1.819 1.613 1.917 1.857 -999.000 -999.000 -999.000 -999.000 -999.000 -999.000 -999.000 -999.000 -999.000 -999.000 -999.000 -999.000 -999.000 -999.000 -999.000 -999.000 1.917 1.970 1.678 1.819 1.753 1.776 1.648 1.891 1.875 1.804 1.873 1.869 1.606 2.004 1.856 -999.000 -999.000 -999.000 -999.000 -999.000 -999.000 -999.000 -999.000 -999.000 -999.000 -999.000
1.681 1.823 1.888 1.750 1.927 1.988 1.880 1.687 1.726 1.551 1.603 1.702 1.689 1.638 1.596 1.561 1.509 1.158 1.210 1.394 1.579 1.577 1.637 1.731 1.827 2.000 1.860 1.994 1.695 1.944 1.828 -999.000 -999.000 -999.000 -999.000 -999.000 -999.000 -999.000 -999.000 -999.000 -999.000 -999.000 -999.000 -999.000 -999.000 -999.000 -999.000 -999.000 1.926 1.844 1.884 1.824 -999.000 -999.000 1.932 2.006 1.941 1.860 1.912 1.786 2.038 1.950 -999.000 -999.000 -999.000 -999.000 -999.000 -999.000 -999.000 -999.000 -999.000 -999.000 -999.000
1.742 1.875 2.009 1.924 2.007 1.877 1.691 1.767 1.806 1.850 1.824 1.769 1.698 1.234 1.216 1.503 1.187 1.161 1.450 1.461 1.618 1.679 1.737 1.786 1.808 1.791 1.782 1.930 1.887 1.934 -999.000 -999.000 -999.000 -999.000 -999.000 -999.000 -999.000 -999.000 -999.000 -999.000 -999.000 -999.000 -999.000 -999.000 -999.000 -999.000 -999.000 -999.000 -999.000 -999.000 -999.000 -999.000 -999.000 -999.000 -999.000 -999.000 -999.000 -999.000 -999.000 1.966 1.987 -999.000 -999.000 -999.000 -999.000 -999.000 -999.000 -999.000 -999.000 -999.000 -999.000 -999.000 -999.000
1.887 1.929 2.131 2.009 1.930 1.942 1.888 1.899 1.848 1.826 1.764 1.732 1.711 1.428 1.354 1.329 1.167 1.189 1.611 1.689 1.770 1.612 1.692 1.691 1.780 1.853 1.946 1.958 1.913 -999.000 -999.000 -999.000 -999.000 -999.000 -999.000 -999.000 -999.000 -999.000 -999.000 -999.000 -999.000 -999.000 -999.000 -999.000 -999.000 -999.000 -999.000 -999.000 -999.000 -999.000 -999.000 -999.000 -999.000 -999.000 -999.000 -999.000 -999.000 -999.000 -999.000 -999.000 -999.000 -999.000 -999.000 -999.000 -999.000 -999.000 -999.000 -999.000 -999.000 -999.000 -999.000 -999.000 -999.000
2.043 1.788 2.078 1.873 1.972 1.957 1.833 1.873 1.723 2.032 1.838 1.960 1.832 1.668 1.478 1.172 1.166 1.502 1.546 1.782 1.929 1.796 1.750 1.663 1.740 1.675 1.901 1.963 1.920 -999.000 -999.000 -999.000 -999.000 -999.000 -999.000 -999.000 -999.000 -999.000 -999.000 -999.000 -999.000 -999.000 -999.000 -999.000 -999.000 -999.000 -999.000 -999.000 -999.000 -999.000 -999.000 -999.000 -999.000 -999.000 -999.000 -999.000 -999.000 -999.000 -999.000 -999.000 -999.000 -999.000 -999.000 -999.000 -999.000 -999.000 -999.000 -999.000 -999.000 -999.000 -999.000 -999.000 -999.000
1.960 2.044 2.256 2.177 1.858 2.026 1.816 1.965 2.006 1.835 2.013 1.853 1.574 1.544 1.193 1.170 1.214 1.481 1.861 1.792 1.885 1.945 1.853 1.686 1.767 1.694 1.680 2.013 1.917 -999.000 -999.000 -999.000 -999.000 -999.000 -999.000 -999.000 -999.000 -999.000 -999.000 -999.000 -999.000 -999.000 -999.000 -999.000 -999.000 -999.000 -999.000 -999.000 -999.000 -999.000 -999.000 -999.000 -999.000 -999.000 -999.000 -999.000 -999.000 -999.000 -999.000 -999.000 -999.000 -999.000 -999.000 -999.000 -999.000 -999.000 -999.000 -999.000 -999.000 -999.000 -999.000 -999.000 -999.000
2.020 2.008 1.796 2.166 2.036 2.080 1.560 2.172 1.896 2.023 1.979 1.869 1.701 1.487 1.176 1.175 1.437 1.558 1.743 1.977 1.993 1.969 1.861 1.887 1.670 1.836 1.776 1.929 1.987 -999.000 -999.000 -999.000 -999.000 -999.000 -999.000 -999.000 -999.000 -999.000 -999.000 -999.000 -999.000 -999.000 -999.000 -999.000 -999.000 -999.000 -999.000 -999.000 -999.000 -999.000 -999.000 -999.000 -999.000 -999.000 -999.000 -999.000 -999.000 -999.000 -999.000 -999.000 -999.000 -999.000 -999.000 -999.000 -999.000 -999.000 -999.000 -999.000 -999.000 -999.000 -999.000 -999.000 -999.000
1.932 2.033 2.111 2.105 1.875 2.233 1.794 2.175 1.858 1.989 1.841 1.693 1.507 1.233 1.178 1.186 1.244 1.544 1.756 1.991 2.019 1.786 1.970 1.867 1.705 1.874 1.840 1.911 1.968 -999.000 -999.000 -999.000 -999.000 -999.000 -999.000 -999.000 -999.000 -999.000 -999.000 -999.000 -999.000 -999.000 -999.000 -999.000 -999.000 -999.000 -999.000 -999.000 -999.000 -999.000 -999.000 -999.000 -999.000 -999.000 -999.000 -999.000 -999.000 -999.000 -999.000 -999.000 -999.000 -999.000 -999.000 -999.000 -999.000 -999.000 -999.000 -999.000 -999.000 -999.000 -999.000 -999.000 -999.000
1.707 1.949 1.992 2.062 2.047 1.984 2.000 2.080 1.771 1.836 1.711 1.656 1.479 1.377 1.305 1.238 1.193 1.518 1.661 1.669 2.038 2.032 2.088 1.880 1.851 1.872 1.914 2.003 2.008 -999.000 -999.000 -999.000 -999.000 -999.000 -999.000 -999.000 -999.000 -999.000 -999.000 -999.000 -999.000 -999.000 -999.000 -999.000 -999.000 -999.000 -999.000 -999.000 -999.000 -999.000 -999.000 -999.000 -999.000 -999.000 -999.000 -999.000 -999.000 -999.000 -999.000 -999.000 -999.000 -999.000 -999.000 -999.000 -999.000 -999.000 -999.000 -999.000 -999.000 -999.000 -999.000 -999.000 -999.000
1.909 1.918 2.021 1.997 2.053 2.151 1.912 2.034 1.967 1.799 1.655 1.501 1.236 1.212 1.246 1.416 1.405 1.214 1.650 1.747 1.945 1.861 1.984 2.034 1.973 1.956 1.865 2.048 1.959 -999.000 -999.000 -999.000 -999.000 -999.000 -999.000 -999.000 -999.000 -999.000 -999.000 -999.000 -999.000 -999.000 -999.000 -999.000 -999.000 -999.000 -999.000 -999.000 -999.000 -999.000 -999.000 -999.000 -999.000 -999.000 -999.000 -999.000 -999.000 -999.000 -999.000 -999.000 -999.000 -999.000 -999.000 -999.000 -999.000 -999.000 -999.000 -999.000 -999.000 -999.000 -999.000 -999.000 -999.000
1.672 1.800 1.935 1.968 1.773 2.062 1.741 1.889 1.778 1.656 1.539 1.423 1.215 1.475 1.580 1.539 1.462 1.469 1.569 1.600 1.905 1.947 1.991 2.028 1.944 2.020 1.901 2.057 1.942 -999.000 -999.000 -999.000 -999.000 -999.000 -999.000 -999.000 -999.000 -999.000 -999.000 -999.000 -999.000 -999.000 -999.000 -999.000 -999.000 -999.000 -999.000 -999.000 -999.000 -999.000 -999.000 -999.000 -999.000 -999.000 -999.000 -999.000 -999.000 -999.000 -999.000 -999.000 -999.000 -999.000 -999.000 -999.000 -999.000 -999.000 -999.000 -999.000 -999.000 -999.000 -999.000 -999.000 -999.000
1.657 1.855 1.686 1.887 1.701 1.883 1.830 1.715 1.662 1.593 1.457 1.410 1.520 1.649 1.640 1.553 1.694 1.422 1.540 1.604 1.653 1.893 2.017 2.049 1.928 1.776 1.895 1.935 1.924 -999.000 -999.000 -999.000 -999.000 -999.000 -999.000 -999.000 -999.000 -999.000 -999.000 -999.000 -999.000 -999.000 -999.000 -999.000 -999.000 -999.000 -999.000 -999.000 -999.000 -999.000 -999.000 -999.000 -999.000 -999.000 -999.000 -999.000 -999.000 -999.000 -999.000 -999.000 -999.000 -999.000 -999.000 -999.000 -999.000 -999.000 -999.000 -999.000 -999.000 -999.000 -999.000 -999.000 -999.000
1.579 1.703 1.701 1.844 1.876 1.891 1.878 1.860 1.591 1.514 1.397 1.470 1.659 1.840 1.781 1.606 1.753 1.515 1.698 1.611 1.630 1.729 1.600 1.900 1.928 1.965 2.003 1.947 1.970 -999.000 -999.000 -999.000 -999.000 -999.000 -999.000 -999.000 -999.000 -999.000 -999.000 -999.000 -999.000 -999.000 -999.000 -999.000 -999.000 -999.000 -999.000 -999.000 -999.000 -999.000 -999.000 -999.000 -999.000 -999.000 -999.000 -999.000 -999.000 -999.000 -999.000 -999.000 -999.000 -999.000 -999.000 -999.000 -999.000 -999.000 -999.000 -999.000 -999.000 -999.000 -999.000 -999.000 -999.000
1.587 1.645 1.735 1.807 1.682 1.890 1.570 1.635 1.517 1.428 1.240 1.563 1.793 1.694 1.789 1.812 1.752 1.735 1.661 1.660 1.615 1.704 1.723 1.716 1.852 1.689 1.806 1.800 1.985 -999.000 -999.000 -999.000 -999.000 -999.000 -999.000 -999.000 -999.000 -999.000 -999.000 -999.000 -999.000 -999.000 -999.000 -999.000 -999.000 -999.000 -999.000 -999.000 -999.000 -999.000 -999.000 -999.000 -999.000 -999.000 -999.000 -999.000 -999.000 -999.000 -999.000 -999.000 -999.000 -999.000 -999.000 -999.000 -999.000 -999.000 -999.000 -999.000 -999.000 -999.000 -999.000 -999.000 -999.000
1.505 1.744 1.715 2.040 1.707 1.931 1.738 1.575 1.467 1.228 1.473 1.654 1.832 1.811 1.818 1.752 1.772 1.850 1.813 1.666 1.652 1.578 1.751 1.718 1.683 1.656 1.927 1.954 1.835 -999.000 -999.000 -999.000 -999.000 -999.000 -999.000 -999.000 -999.000 -999.000 -999.000 -999.000 -999.000 -999.000 -999.000 -999.000 -999.000 -999.000 -999.000 -999.000 -999.000 -999.000 -999.000 -999.000 -999.000 -999.000 -999.000 -999.000 -999.000 -999.000 -999.000 -999.000 -999.000 -999.000 -999.000 -999.000 -999.000 -999.000 -999.000 -999.000 -999.000 -999.000 -999.000 -999.000 -999.000
1.640 1.887 1.641 1.881 1.692 1.686 1.590 1.233 1.228 1.472 1.582 1.719 1.907 1.734 1.772 1.763 1.813 1.857 1.983 1.759 1.742 1.634 1.672 1.694 1.696 1.801 1.805 1.956 1.817 1.810 -999.000 -999.000 -999.000 -999.000 -999.000 -999.000 -999.000 -999.000 -999.000 -999.000 -999.000 -999.000 -999.000 -999.000 -999.000 -999.000 -999.000 -999.000 -999.000 -999.000 -999.000 -999.000 -999.000 -999.000 -999.000 -999.000 -999.000 -999.000 -999.000 -999.000 -999.000 -999.000 -999.000 -999.000 -999.000 -999.000 -999.000 -999.000 -999.000 -999.000 -999.000 -999.000 -999.000
1.843 1.683 1.833 1.729 1.644 1.556 1.232 1.234 1.475 1.605 1.736 1.916 2.004 1.774 1.788 1.793 1.930 2.002 2.046 1.811 1.833 1.736 1.778 1.798 1.690 1.713 1.596 1.708 1.765 1.754 1.789 1.934 -999.000 2.090 1.957 1.940 1.846 -999.000 -999.000 -999.000 -999.000 -999.000 -999.000 -999.000 -999.000 -999.000 -999.000 -999.000 -999.000 -999.000 -999.000 -999.000 -999.000 -999.000 -999.000 -999.000 -999.000 -999.000 -999.000 -999.000 -999.000 -999.000 -999.000 -999.000 -999.000 -999.000 -999.000 -999.000 -999.000 -999.000 -999.000 -999.000 -999.000
1.637 1.813 1.682 1.551 1.232 1.232 1.371 1.436 1.599 1.714 2.023 1.843 1.959 1.791 1.808 1.801 2.081 2.001 2.046 1.827 1.889 1.678 1.984 1.838 1.813 1.726 1.778 1.718 1.625 1.665 1.711 1.745 2.043 1.777 1.843 1.885 1.793 -999.000 -999.000 -999.000 -999.000 -999.000 -999.000 -999.000 -999.000 -999.000 -999.000 -999.000 -999.000 -999.000 -999.000 -999.000 -999.000 -999.000 -999.000 -999.000 -999.000 -999.000 -999.000 -999.000 -999.000 -999.000 -999.000 -999.000 -999.000 -999.000 -999.000 -999.000 -999.000 -999.000 -999.000 -999.000 -999.000
1.774 1.623 1.508 1.411 1.232 1.414 1.436 1.573 1.596 1.748 2.144 1.890 2.008 1.861 1.820 1.828 1.848 2.087 2.105 1.992 1.938 1.977 2.050 1.892 1.971 1.773 1.738 1.647 1.660 1.597 1.647 1.685 1.695 1.867 1.756 1.686 1.761 1.796 -999.000 -999.000 -999.000 -999.000 -999.000 -999.000 -999.000 -999.000 -999.000 -999.000 -999.000 -999.000 -999.000 -999.000 -999.000 -999.000 -999.000 -999.000 -999.000 -999.000 -999.000 -999.000 -999.000 -999.000 -999.000 -999.000 -999.000 -999.000 -999.000 -999.000 -999.000 -999.000 -999.000 -999.000 -999.000
1.421 1.490 1.407 1.431 1.487 1.524 1.435 1.585 1.710 1.838 2.151 1.869 2.046 1.890 1.838 1.976 2.216 2.036 2.055 2.127 1.959 2.007 2.159 2.085 1.935 2.011 1.848 1.743 1.582 1.461 1.484 1.539 1.403 1.546 1.585 1.651 1.757 1.821 -999.000 -999.000 -999.000 -999.000 -999.000 -999.000 -999.000 -999.000 -999.000 -999.000 -999.000 -999.000 -999.000 -999.000 -999.000 -999.000 -999.000 -999.000 -999.000 -999.000 -999.000 -999.000 -999.000 -999.000 -999.000 -999.000 -999.000 -999.000 -999.000 -999.000 -999.000 -999.000 -999.000 -999.000 -999.000
1.118 1.094 1.368 1.509 1.624 1.606 1.714 1.533 1.736 1.659 2.094 1.837 2.061 1.964 1.710 2.045 2.182 2.413 2.204 2.426 2.152 2.200 2.353 2.202 2.118 1.974 1.587 1.668 1.682 1.390 1.212 1.100 1.455 1.565 1.647 1.714 1.778 -999.000 -999.000 -999.000 -999.000 -999.000 -999.000 -999.000 -999.000 -999.000 -999.000 -999.000 -999.000 -999.000 -999.000 -999.000 -999.000 -999.000 -999.000 -999.000 -999.000 -999.000 -999.000 -999.000 -999.000 -999.000 -999.000 -999.000 -999.000 -999.000 -999.000 -999.000 -999.000 -999.000 -999.000 -999.000 -999.000
1.176 1.341 1.467 1.595 1.613 1.687 1.838 1.521 1.734 1.794 2.021 1.974 2.107 2.045 1.980 2.168 2.276 2.379 2.008 2.480 2.258 2.349 2.275 2.089 2.076 1.946 1.812 1.566 1.588 1.267 1.072 1.164 1.404 1.563 1.685 1.729 -999.000 -999.000 -999.000 -999.000 -999.000 -999.000 -999.000 -999.000 -999.000 -999.000 -999.000 -999.000 -999.000 -999.000 -999.000 -999.000 -999.000 -999.000 -999.000 -999.000 -999.000 -999.000 -999.000 -999.000 -999.000 -999.000 -999.000 -999.000 -999.000 -999.000 -999.000 -999.000 -999.000 -999.000 -999.000 -999.000 -999.000
1.203 1.313 1.576 1.724 1.621 1.786 1.903 1.596 1.715 1.817 1.876 1.852 2.209 2.144 2.237 2.255 2.189 -999.000 -999.000 2.614 2.388 -999.000 -999.000 2.232 2.219 1.991 1.787 1.556 1.474 1.223 0.897 1.163 1.362 1.552 1.736 -999.000 -999.000 -999.000 -999.000 -999.000 -999.000 -999.000 -999.000 -999.000 -999.000 -999.000 -999.000 -999.000 -999.000 -999.000 -999.000 -999.000 -999.000 -999.000 -999.000 -999.000 -999.000 -999.000 -999.000 -999.000 -999.000 -999.000 -999.000 -999.000 -999.000 -999.000 -999.000 -999.000 -999.000 -999.000 -999.000 -999.000 -999.000
1.421 1.534 1.591 1.753 1.836 1.739 2.029 1.797 1.752 1.907 1.997 2.030 2.120 2.203 2.202 2.393 -999.000 -999.000 -999.000 -999.000 -999.000 -999.000 -999.000 2.220 2.248 1.990 1.720 1.557 1.169 1.159 0.864 0.895 1.404 1.670 1.799 -999.000 -999.000 -999.000 -999.000 -999.000 -999.000 -999.000 -999.000 -999.000 -999.000 -999.000 -999.000 -999.000 -999.000 -999.000 -999.000 -999.000 -999.000 -999.000 -999.000 -999.000 -999.000 -999.000 -999.000 -999.000 -999.000 -999.000 -999.000 -999.000 -999.000 -999.000 -999.000 -999.000 -999.000 -999.000 -999.000 -999.000 -999.000
