Source/alpine3d/doc/examples/Stillberg/input/surface-grids/dischma.dem
ncols                17
nrows                17
xllcorner    784500.000
yllcorner    181800.000
cellsize       100.0000
NODATA_value -9999
2435	2384	2333	2285	2233	2183	2142	2101	2057	2015	1969	1916	1863	1814	1768	1730	1704	
2418	2369	2324	2283	2242	2201	2164	2125	2084	2039	1991	1945	1902	1856	1816	1782	1741	
2411	2363	2320	2280	2249	2224	2192	2158	2121	2077	2031	1987	1943	1896	1855	1817	1768	
2402	2356	2318	2283	2267	2255	2230	2201	2168	2131	2089	2038	1985	1933	1884	1837	1788	
2400	2359	2327	2302	2294	2288	2269	2244	2215	2182	2144	2088	2028	1974	1919	1865	1816	
2474	2419	2363	2330	2324	2314	2298	2278	2251	2217	2179	2128	2075	2025	1974	1923	1870	
2567	2493	2402	2362	2359	2347	2330	2312	2284	2247	2208	2164	2120	2075	2032	1987	1930	
2604	2542	2463	2429	2418	2398	2374	2347	2312	2274	2234	2195	2155	2114	2076	2036	1983	
2593	2577	2556	2534	2495	2455	2419	2378	2335	2296	2257	2217	2178	2141	2106	2071	2026	
2585	2609	2631	2614	2560	2514	2466	2413	2361	2321	2280	2238	2199	2165	2134	2101	2067	
2563	2599	2632	2637	2615	2589	2534	2470	2408	2357	2307	2263	2222	2186	2156	2125	2094	
2528	2571	2614	2638	2655	2654	2593	2519	2452	2389	2332	2286	2243	2206	2177	2147	2119	
2494	2542	2590	2624	2654	2662	2606	2534	2471	2409	2350	2306	2264	2230	2201	2172	2148	
2465	2508	2550	2584	2618	2630	2584	2520	2465	2414	2363	2324	2290	2259	2228	2198	2181	
2432	2471	2507	2542	2578	2597	2560	2505	2457	2419	2378	2346	2318	2292	2260	2228	2215	
2417	2452	2486	2520	2551	2568	2552	2522	2489	2452	2414	2388	2364	2337	2308	2277	2250	
2411	2443	2473	2501	2523	2537	2545	2549	2531	2489	2450	2431	2412	2385	2358	2328	2286	
