Source/.svn/pristine/b0/b093b03baadc059eb7275abc0fcc888afd4f1676.svn-base
ncols               386
nrows               229
xllcorner    479497.492
yllcorner     73502.967
cellsize       1000.000
NODATA_value -999
[rows 99 to 131 of 229, columns 146 to 218 of 386]
0.571 0.629 0.666 0.641 0.680 0.701 0.844 0.704 0.657 0.693 0.639 0.721 0.712 0.781 0.783 0.676 0.646 0.538 0.650 0.575 0.474 0.555 0.571 0.642 0.702 0.758 0.858 0.706 0.742 0.908 0.901 1.026 0.939 0.839 1.166 1.275 1.277 1.062 0.789 0.538 0.585 0.496 0.298 0.302 0.643 0.375 0.308 0.305 0.302 0.307 0.305 0.298 0.298 0.298 0.298 0.298 0.298 0.298 0.298 0.450 0.599 0.674 0.298 0.298 0.581 1.084 1.168 0.918 0.939 0.989 0.911 0.934 0.733
0.594 0.536 0.680 0.582 0.680 0.687 0.711 0.731 0.637 0.655 0.620 0.713 0.745 0.734 0.677 0.663 0.692 0.676 0.578 0.481 0.552 0.620 0.578 0.565 0.585 0.726 0.755 0.909 0.866 1.065 1.221 1.114 1.167 1.150 1.204 1.113 1.196 0.949 0.579 0.311 0.298 0.298 0.301 0.302 0.307 0.307 0.311 0.352 0.375 0.410 0.532 0.464 0.374 0.307 0.298 0.298 0.364 0.530 0.606 0.643 0.652 0.564 0.298 0.298 0.581 1.057 1.245 1.135 1.161 1.147 1.015 1.100 0.997
0.559 0.631 0.547 0.663 0.620 0.646 0.674 0.693 0.605 0.582 0.619 0.700 0.703 0.709 0.713 0.737 0.649 0.558 0.489 0.521 0.654 0.703 0.786 0.746 0.707 0.739 0.685 0.796 1.130 1.112 1.012 0.921 0.907 0.830 0.987 0.934 0.955 0.604 0.300 0.298 0.298 0.487 0.348 0.348 0.344 0.312 0.315 0.415 0.532 0.637 0.945 0.575 0.504 0.589 0.577 0.573 0.536 0.614 0.648 0.779 0.715 0.601 0.298 0.298 0.317 0.608 0.849 0.925 1.063 1.045 1.133 1.189 0.939
0.505 0.546 0.557 0.599 0.555 0.676 0.613 0.629 0.609 0.694 0.759 0.794 0.760 0.703 0.666 0.632 0.588 0.522 0.498 0.603 0.741 0.764 0.839 0.709 0.785 0.841 0.749 0.743 1.025 1.120 1.049 0.960 0.936 0.821 0.629 0.630 0.487 0.366 0.306 0.301 0.528 0.370 0.392 0.507 0.480 0.453 0.321 0.389 0.631 1.042 0.937 0.781 0.709 0.841 0.865 0.894 0.714 0.988 1.080 1.285 0.847 0.486 0.298 0.298 0.324 0.691 0.777 0.699 0.756 0.875 0.916 1.082 1.242
0.461 0.487 0.543 0.511 0.589 0.695 0.555 0.621 0.573 0.730 0.714 0.758 0.730 0.648 0.633 0.578 0.541 0.504 0.522 0.735 0.868 0.977 0.774 0.793 0.841 1.058 1.135 0.742 0.904 1.045 1.132 1.086 1.020 0.890 0.673 0.466 0.392 0.327 0.308 0.445 0.380 0.361 0.597 0.889 0.869 0.915 0.480 0.334 0.690 0.927 1.026 0.961 0.876 1.084 1.043 0.904 0.688 0.929 1.073 1.015 0.559 0.298 0.298 0.298 0.535 0.965 1.108 1.008 1.067 1.178 1.211 1.346 1.420
0.546 0.526 0.481 0.509 0.577 0.672 0.567 0.645 0.678 0.695 0.820 0.795 0.656 0.632 0.571 0.529 0.535 0.621 0.538 0.827 0.962 0.867 0.830 0.817 0.946 0.947 0.803 0.870 1.084 1.066 0.953 0.920 0.829 0.710 0.621 0.519 0.383 0.344 0.312 0.411 0.398 0.457 0.964 1.173 0.902 0.768 0.443 0.347 0.471 0.706 1.073 1.157 0.891 1.033 1.159 0.883 0.897 1.006 1.334 1.317 0.569 0.360 0.298 0.298 0.603 0.854 1.315 1.135 1.284 1.382 1.419 1.518 1.427
0.604 0.631 0.535 0.488 0.495 0.505 0.633 0.541 0.717 0.675 0.716 0.744 0.611 0.566 0.563 0.659 0.712 0.655 0.550 0.786 0.921 0.903 0.950 1.135 0.908 0.958 0.872 1.193 1.015 0.880 0.925 0.911 0.931 1.029 0.820 0.514 0.385 0.327 0.379 0.406 0.443 0.541 0.765 0.956 0.772 0.648 0.476 0.343 0.683 0.776 0.812 1.005 1.128 1.221 1.206 1.236 1.318 1.106 0.871 0.826 0.895 0.700 0.302 0.298 0.298 0.613 0.685 0.995 1.256 1.361 1.413 1.430 1.487
0.603 0.722 0.646 0.576 0.549 0.625 0.509 0.521 0.721 0.774 0.728 0.652 0.584 0.602 0.635 0.759 0.893 0.868 0.589 0.874 0.854 1.055 1.245 1.021 1.199 1.012 0.965 1.066 0.946 1.066 1.130 1.072 1.053 0.893 0.627 0.476 0.323 0.360 0.404 0.390 0.504 0.676 0.832 0.941 0.828 0.879 0.717 0.352 0.742 1.054 1.063 1.143 1.303 1.356 1.292 1.184 0.944 0.687 0.652 0.640 0.537 0.664 0.298 0.298 0.298 0.553 0.863 1.008 1.169 1.177 1.250 1.264 1.392
0.581 0.668 0.709 0.663 0.574 0.642 0.709 0.647 0.529 0.570 0.642 0.594 0.593 0.652 0.777 1.106 0.956 0.729 0.592 0.740 0.931 1.221 1.143 1.223 1.159 1.024 1.098 0.975 1.016 1.116 0.979 0.919 0.908 0.737 0.585 0.413 0.322 0.363 0.389 0.439 0.541 0.848 0.998 0.938 1.028 0.972 0.590 0.357 0.818 1.123 1.224 1.347 1.291 1.237 1.117 1.061 0.823 0.823 0.999 0.782 1.054 0.722 0.298 0.298 0.298 0.586 0.993 1.169 1.219 1.089 1.120 1.143 1.269
0.491 0.537 0.672 0.694 0.644 0.765 0.780 0.651 0.560 0.629 0.547 0.640 0.648 0.747 0.978 1.115 0.862 0.708 0.609 0.759 1.139 1.073 1.363 1.252 1.261 1.039 1.019 1.061 1.153 0.959 0.861 0.775 0.695 0.625 0.501 0.337 0.326 0.385 0.440 0.511 0.646 0.894 1.197 1.074 0.957 0.738 0.364 0.563 0.549 0.743 0.945 1.252 1.332 1.355 1.150 1.131 0.946 1.011 1.186 0.792 1.069 0.839 0.395 0.299 0.301 0.316 0.656 1.014 0.918 0.750 0.846 1.008 1.072
0.535 0.578 0.736 0.771 0.753 0.818 0.795 0.772 0.698 0.625 0.550 0.659 0.716 0.882 1.117 1.055 0.992 0.819 0.632 0.801 1.068 0.996 1.246 1.163 1.200 1.045 0.904 0.892 0.968 0.862 0.773 0.691 0.587 0.539 0.385 0.322 0.351 0.404 0.493 0.563 0.714 1.007 1.270 1.116 0.987 0.611 0.422 0.684 0.741 0.635 0.825 1.032 1.134 1.382 1.288 1.261 0.845 1.078 1.143 0.835 1.184 1.301 0.692 0.314 0.303 0.306 0.318 0.580 0.509 0.506 0.532 0.646 0.795
0.579 0.505 0.550 0.665 0.691 0.745 0.815 0.695 0.709 0.596 0.562 0.644 0.889 1.046 0.988 0.938 0.823 0.706 0.617 0.837 1.045 0.918 0.996 1.069 1.168 1.085 1.124 0.996 0.767 0.710 0.633 0.542 0.538 0.382 0.322 0.322 0.415 0.454 0.539 0.668 0.969 1.224 1.356 1.139 0.884 0.466 0.474 0.638 0.881 0.818 1.111 1.337 1.335 1.502 1.223 1.023 0.955 1.286 1.302 1.108 1.115 1.102 0.843 0.590 0.309 0.310 0.328 0.350 0.456 0.530 0.838 0.643 0.562
0.617 0.515 0.529 0.583 0.743 0.746 0.881 0.753 0.646 0.626 0.574 0.605 0.815 0.834 0.814 0.922 0.909 0.866 0.651 0.707 0.726 0.880 1.037 1.105 1.159 1.069 1.068 0.934 0.734 0.628 0.461 0.414 0.330 0.322 0.322 0.338 0.439 0.529 0.597 0.910 1.113 1.071 1.301 1.163 0.684 0.397 0.572 0.921 1.251 1.254 1.160 1.220 1.602 1.655 1.567 1.357 1.153 1.487 1.444 1.551 1.395 0.976 0.770 0.982 0.425 0.310 0.317 0.390 0.758 0.846 0.739 1.121 0.866
0.533 0.587 0.571 0.662 0.740 0.734 0.755 0.810 0.722 0.621 0.661 0.887 0.857 0.887 0.872 0.904 1.075 1.033 0.655 0.749 0.963 0.923 1.147 1.056 0.985 1.050 0.923 0.805 0.681 0.482 0.372 0.340 0.322 0.322 0.356 0.424 0.534 0.833 0.692 0.588 0.728 0.953 1.374 0.960 0.656 0.411 0.849 1.130 1.241 1.357 1.364 1.487 1.575 1.531 1.759 1.664 1.749 1.783 1.749 1.541 1.101 0.955 1.158 0.905 0.505 0.316 0.312 0.489 0.636 0.858 0.904 1.233 1.028
0.645 0.651 0.569 0.592 0.683 0.810 0.778 0.808 0.768 0.604 0.659 1.020 0.990 0.892 1.004 1.165 1.174 0.929 0.667 0.840 1.155 0.990 1.074 1.119 0.935 0.920 0.781 0.657 0.503 0.381 0.338 0.327 0.322 0.368 0.514 0.600 0.850 0.947 1.049 0.767 0.659 0.944 1.168 0.912 0.739 0.435 0.746 1.138 1.356 1.454 1.462 1.549 1.640 1.783 1.851 1.640 1.587 1.737 1.684 1.432 1.155 1.226 1.094 1.012 0.719 0.315 0.314 0.756 0.966 0.886 0.955 1.297 1.413
0.720 0.703 0.579 0.698 0.649 0.707 0.854 0.878 0.647 0.727 0.900 0.884 0.959 1.013 1.128 1.270 1.003 0.864 0.732 0.981 1.226 1.091 1.177 1.062 0.935 0.774 0.694 0.698 0.469 0.376 0.343 0.330 0.373 0.577 0.747 0.831 1.042 1.308 0.941 0.574 0.735 1.019 1.283 1.159 1.253 0.492 0.724 0.972 1.182 1.202 0.904 1.296 1.585 1.717 1.694 1.624 1.708 1.664 1.618 1.611 1.193 1.005 0.988 0.830 0.637 0.410 0.316 0.957 1.014 1.240 1.360 1.497 1.421
0.767 0.735 0.654 0.570 0.696 0.770 0.754 0.676 0.715 0.913 0.948 0.886 0.978 1.098 1.356 1.133 0.955 0.871 0.745 0.941 1.161 1.268 1.103 0.966 0.860 0.910 0.868 0.680 0.454 0.357 0.341 0.352 0.623 0.809 1.123 1.105 1.295 1.163 0.881 0.657 0.919 1.238 1.295 1.238 1.205 0.617 0.774 0.901 1.015 0.949 0.846 1.238 1.543 1.640 1.641 1.335 1.231 1.338 1.672 1.552 1.205 1.347 1.152 1.271 0.972 0.525 0.322 0.564 1.084 1.309 1.517 1.549 1.609
0.716 0.769 0.772 0.705 0.621 0.659 0.613 0.638 0.839 0.803 0.819 0.897 0.976 1.279 1.264 1.042 0.944 0.824 0.861 0.771 0.848 1.053 1.164 1.068 0.997 0.962 0.896 0.794 0.572 0.548 0.342 0.483 0.906 0.594 1.041 1.327 1.341 0.973 0.907 0.723 1.024 1.322 1.337 1.142 0.991 0.862 0.681 0.705 0.698 0.707 1.014 1.149 1.512 1.592 1.532 1.449 1.201 1.603 1.664 1.503 1.261 1.209 1.100 0.999 0.744 0.503 0.325 0.424 0.790 1.094 1.202 1.517 1.649
0.715 0.718 0.804 0.776 0.692 0.659 0.662 0.632 0.647 0.657 0.674 0.715 0.904 1.327 1.268 1.007 0.907 0.945 0.963 0.925 0.835 0.859 1.005 1.031 1.126 1.227 1.131 0.901 0.881 0.641 0.478 0.814 1.217 0.775 0.910 1.168 1.273 1.238 0.800 0.764 1.101 1.376 1.301 1.280 0.997 0.874 0.823 0.846 0.851 0.702 0.733 1.051 1.204 1.337 1.428 1.109 1.581 1.620 1.459 1.317 1.215 1.042 0.809 0.706 0.812 0.856 0.612 0.329 0.490 0.741 0.974 1.577 1.813
0.787 0.859 0.933 0.878 0.942 0.869 0.780 0.802 0.765 0.734 0.718 0.660 0.738 0.957 0.935 0.848 0.921 0.962 1.065 1.020 0.949 0.907 0.886 1.008 1.134 1.387 1.083 1.041 0.873 0.474 0.525 0.892 1.131 0.812 0.793 1.238 1.219 1.021 0.748 0.865 1.110 1.303 1.672 1.417 1.323 1.018 1.237 0.876 0.934 0.971 0.858 0.738 1.085 1.291 1.152 1.020 1.506 1.455 1.881 1.208 1.303 1.352 1.319 1.134 1.178 1.085 0.786 0.383 0.379 0.727 1.247 1.441 1.706
0.865 0.806 0.945 0.891 0.848 0.801 0.882 0.913 0.922 0.961 0.872 0.928 0.923 0.818 0.821 0.867 1.019 0.952 1.069 1.122 1.213 1.207 1.154 1.268 1.306 1.391 1.238 1.063 0.764 0.474 0.625 0.947 1.272 0.827 1.140 1.187 1.361 1.001 0.948 0.908 1.233 1.474 1.531 1.613 1.364 1.201 1.179 1.248 1.248 1.298 1.178 1.127 0.809 0.838 0.905 1.157 1.814 1.937 1.851 1.760 1.742 1.691 1.560 1.396 1.311 1.259 0.886 0.539 0.354 0.703 1.186 1.328 1.568
0.702 0.712 0.687 0.718 0.765 0.842 0.967 1.178 1.296 1.333 1.276 1.169 0.962 0.769 0.853 1.046 1.064 1.110 1.380 1.391 1.196 1.422 1.447 1.371 1.421 1.224 1.143 0.857 0.497 0.483 0.629 0.921 1.171 0.943 1.341 1.309 1.275 1.100 1.196 1.228 1.399 1.464 1.543 1.602 1.536 1.382 1.448 1.363 1.618 1.617 1.458 1.245 1.182 1.090 1.394 1.625 1.774 1.847 1.932 1.763 1.543 1.632 1.768 1.669 1.211 1.228 1.256 0.850 0.354 0.649 1.113 1.294 1.185
0.793 0.770 0.882 0.796 0.748 0.844 1.293 1.276 1.302 1.247 1.242 1.049 0.887 0.827 1.014 1.116 1.307 1.262 1.131 1.113 1.189 1.139 1.008 1.059 1.164 1.198 0.940 0.586 0.508 0.537 0.859 1.152 1.125 0.992 1.266 1.375 1.251 1.292 1.377 1.385 1.387 1.358 1.275 1.265 1.290 1.356 1.699 1.673 1.798 1.807 1.466 1.831 1.600 1.704 1.736 1.666 1.822 1.977 1.752 2.032 1.897 1.820 1.725 1.352 1.275 1.053 0.948 0.667 0.378 0.560 0.802 0.877 0.873
0.837 0.917 0.962 0.845 0.982 0.847 1.137 1.084 1.116 1.117 0.989 0.992 1.005 0.894 1.171 1.323 1.192 0.976 0.950 0.833 0.766 0.830 0.752 0.807 0.915 1.131 1.032 0.854 0.624 0.653 0.974 1.292 1.340 1.347 1.158 1.346 1.378 1.404 1.304 1.341 1.369 1.266 1.123 1.327 1.610 1.698 1.724 1.462 1.568 1.725 1.908 1.784 1.751 1.625 1.660 1.809 1.816 1.981 1.684 1.805 1.722 1.431 1.677 1.274 1.207 0.978 0.738 0.501 0.445 0.755 0.769 0.613 0.766
0.886 0.948 1.081 1.014 1.205 1.060 1.073 0.935 1.174 1.097 1.051 0.971 0.910 1.060 1.287 0.990 0.793 0.545 0.513 0.458 0.547 0.474 0.541 0.550 0.567 0.781 0.911 0.770 0.653 0.875 0.955 0.990 1.081 1.202 1.332 1.398 1.405 1.347 1.396 1.323 1.258 0.972 1.332 1.507 1.468 1.215 1.426 1.353 1.229 1.778 1.893 1.672 1.949 1.656 1.709 1.638 1.638 1.524 1.736 1.655 1.210 1.542 1.432 1.396 1.246 0.901 0.463 0.539 0.847 1.163 1.210 0.750 1.099
0.892 1.123 1.131 1.263 1.223 1.101 0.923 1.029 1.231 1.099 1.044 1.080 1.089 1.231 0.946 0.649 0.403 0.388 0.388 0.388 0.388 0.410 0.449 0.446 0.481 0.490 0.731 0.602 0.694 0.657 0.706 0.806 0.922 1.024 1.162 1.158 1.310 1.495 1.387 1.248 0.891 1.237 1.247 1.291 1.277 1.297 1.117 1.089 1.451 1.600 1.687 1.687 1.729 1.340 1.493 1.314 1.235 1.492 1.576 1.479 1.529 1.267 1.133 1.170 1.012 0.739 0.442 0.844 1.137 1.386 1.356 1.000 1.084
1.017 1.174 1.123 1.238 1.069 1.000 0.784 0.963 1.035 1.115 1.091 1.277 1.143 0.882 0.521 0.388 0.388 0.388 0.388 0.388 0.388 0.388 0.392 0.395 0.397 0.397 0.398 0.398 0.400 0.405 0.603 0.696 0.773 0.883 1.012 1.308 1.375 1.297 1.141 0.847 1.154 1.136 1.202 1.005 0.860 0.906 0.972 1.164 1.386 1.465 1.702 1.592 1.652 1.332 1.272 1.145 1.054 1.191 1.215 1.383 1.404 1.290 1.139 1.130 0.959 0.630 0.671 1.043 1.394 1.142 1.650 1.203 1.057
1.183 0.912 1.256 1.220 1.165 1.091 0.846 0.801 0.959 0.957 1.072 1.307 0.837 0.511 0.388 0.388 0.388 0.388 0.388 0.517 0.621 0.760 0.521 0.512 0.516 0.488 0.486 0.586 0.404 0.404 0.405 0.443 0.605 0.731 0.935 1.161 1.177 1.204 0.832 1.132 1.117 1.008 1.000 0.801 1.039 1.106 1.078 1.075 1.251 1.251 1.327 1.564 1.303 1.534 1.678 1.621 1.471 1.080 0.946 1.024 1.119 1.254 1.174 0.972 0.693 0.589 1.106 0.997 1.580 1.655 1.664 1.478 1.141
0.892 1.047 1.276 1.182 0.942 0.923 0.776 0.749 0.794 1.044 1.172 0.826 0.495 0.388 0.388 0.388 0.388 0.516 0.743 0.767 0.975 0.987 1.036 1.100 1.078 0.899 0.888 0.919 0.827 0.493 0.412 0.412 0.415 0.534 0.741 1.019 1.015 0.878 0.873 0.773 0.671 0.726 0.828 1.149 1.371 1.500 1.538 1.542 1.498 1.486 1.626 1.617 1.866 1.902 1.634 1.831 1.745 1.431 1.300 1.007 0.840 0.911 1.235 0.938 0.531 1.059 1.133 1.218 1.550 1.733 1.741 1.625 1.594
0.966 1.263 1.154 0.978 1.005 0.767 0.577 0.825 1.083 0.836 0.681 0.468 0.388 0.388 0.388 0.388 0.595 0.842 1.016 0.784 1.148 1.190 1.150 1.517 1.141 1.141 1.264 1.170 1.226 1.005 0.697 0.531 0.452 0.484 0.520 0.703 0.665 0.584 0.619 0.738 0.829 0.880 0.828 1.220 1.402 1.580 1.682 1.680 1.709 1.756 1.796 1.835 1.642 2.039 1.942 1.975 1.845 1.723 1.650 1.456 1.311 0.991 0.722 0.663 0.765 1.232 1.332 1.143 1.424 1.744 1.825 1.845 1.700
1.228 1.139 1.004 0.938 0.822 0.496 0.773 0.970 0.640 0.479 0.403 0.388 0.388 0.388 0.431 0.634 1.034 1.108 1.169 0.928 1.305 1.526 1.314 1.423 1.378 1.408 1.319 1.317 1.337 1.103 0.942 0.930 0.716 0.549 0.428 0.447 0.674 0.827 1.027 1.164 1.271 1.376 1.095 1.128 1.512 1.688 1.861 1.919 2.002 1.817 2.019 2.066 1.944 2.111 1.962 1.696 2.105 1.973 1.774 1.504 1.323 1.136 0.923 0.634 0.934 1.360 1.425 1.180 1.665 1.916 1.635 1.774 1.700
1.037 0.849 0.703 0.844 0.583 0.560 0.849 0.579 0.424 0.388 0.388 0.388 0.388 0.556 0.750 0.949 1.462 1.326 1.225 1.058 1.329 1.484 1.744 1.447 1.621 1.558 1.470 1.363 1.349 1.190 0.850 1.089 0.997 1.114 0.621 0.443 0.840 1.376 1.308 1.392 1.547 1.536 1.555 1.182 1.153 1.365 1.709 2.016 1.913 2.059 2.149 2.024 1.889 1.977 1.915 1.882 1.697 1.803 1.811 1.785 1.609 1.073 0.820 0.809 1.220 1.485 1.505 1.673 1.604 1.778 1.929 1.933 1.587
0.773 0.573 0.646 0.703 0.409 0.413 0.394 0.391 0.393 0.388 0.388 0.420 0.626 0.939 1.184 1.197 1.501 1.378 1.258 1.244 1.366 1.642 1.775 1.741 1.713 1.386 1.355 1.346 1.162 0.919 1.073 1.353 1.244 0.707 0.636 0.633 0.637 1.164 1.313 1.569 1.711 1.509 1.629 1.546 1.229 1.283 1.825 1.884 2.178 1.853 2.031 2.072 2.042 2.006 1.827 1.818 1.803 1.659 1.766 1.670 1.395 1.298 0.806 0.886 1.382 1.591 1.694 1.866 1.747 1.935 1.526 1.856 1.463
