Source/.svn/pristine/b0/b093b03baadc059eb7275abc0fcc888afd4f1676.svn-base
ncols               386
nrows               229
xllcorner    479497.492
yllcorner     73502.967
cellsize       1000.000
NODATA_value -999
[rows 165 to 197 of 229, columns 146 to 218 of 386]
1.449 1.717 1.945 1.808 1.992 2.205 2.065 2.061 1.679 2.032 1.541 1.980 1.842 1.755 1.863 1.670 1.486 1.171 1.163 1.275 1.362 1.309 1.105 1.047 0.779 0.805 0.645 0.796 0.769 0.880 1.113 1.289 1.385 1.501 1.570 1.538 1.593 1.622 1.693 1.785 1.809 1.924 -999.000 -999.000 -999.000 -999.000 -999.000 -999.000 -999.000 -999.000 -999.000 -999.000 -999.000 -999.000 1.689 1.569 1.548 1.240 1.091 0.508 1.013 1.109 1.296 1.364 1.497 1.227 1.244 0.867 0.480 0.794 1.022 0.907 1.346
1.547 1.804 1.874 1.954 2.026 2.027 1.875 1.918 1.776 1.898 1.792 1.835 1.781 1.612 1.711 1.447 1.306 1.235 1.283 1.283 1.156 1.024 0.854 0.628 0.595 0.666 0.776 0.977 1.135 0.892 1.377 1.347 1.248 1.119 1.197 1.246 1.288 1.647 1.593 1.681 1.786 -999.000 -999.000 -999.000 -999.000 -999.000 -999.000 -999.000 -999.000 -999.000 -999.000 -999.000 -999.000 -999.000 1.662 1.572 1.378 1.200 1.139 0.606 0.447 0.619 1.029 0.916 1.161 1.152 0.867 0.728 0.488 1.032 1.070 1.293 1.174
1.723 1.634 2.128 1.735 1.902 1.889 1.624 1.732 1.190 1.607 1.617 1.719 1.240 1.373 1.601 1.292 1.037 0.944 1.348 1.171 0.863 0.635 0.574 0.758 0.805 0.838 1.058 1.238 1.326 1.122 1.006 0.987 1.058 1.236 1.153 1.488 1.576 1.682 -999.000 -999.000 -999.000 -999.000 -999.000 -999.000 -999.000 -999.000 -999.000 -999.000 -999.000 -999.000 -999.000 -999.000 -999.000 -999.000 1.563 1.473 1.011 1.047 0.716 1.071 0.921 0.599 0.448 0.910 1.169 0.903 0.605 0.444 0.793 1.087 1.332 1.552 1.334
1.488 1.647 2.051 1.482 1.776 1.750 1.421 1.572 1.057 1.540 1.641 1.615 1.173 1.438 1.482 1.058 0.921 0.860 1.299 0.968 0.710 0.534 0.804 1.129 1.141 1.195 1.258 1.403 1.371 1.382 1.148 1.000 1.329 1.452 1.370 1.679 1.713 1.892 -999.000 -999.000 -999.000 -999.000 -999.000 -999.000 -999.000 -999.000 -999.000 -999.000 -999.000 -999.000 -999.000 -999.000 -999.000 -999.000 1.623 1.317 1.039 0.978 1.156 1.148 1.186 0.904 0.758 0.363 0.610 0.355 0.524 0.697 0.692 1.130 1.306 1.507 1.524
1.461 1.598 1.746 1.268 1.252 1.600 1.449 1.481 0.965 1.461 1.808 1.489 1.239 1.467 1.360 1.183 0.746 0.780 0.941 0.681 0.528 0.860 1.091 1.187 1.489 1.527 1.740 1.578 1.662 1.487 1.284 1.104 1.425 1.520 1.699 1.748 1.813 -999.000 -999.000 -999.000 -999.000 -999.000 -999.000 -999.000 -999.000 -999.000 -999.000 -999.000 -999.000 -999.000 -999.000 -999.000 -999.000 -999.000 1.632 1.548 1.482 1.432 1.471 1.490 1.283 1.217 0.967 0.670 0.310 0.539 0.965 0.797 0.995 1.002 1.241 1.479 1.550
1.271 1.403 1.196 1.385 1.104 1.365 1.477 1.397 0.882 1.370 1.527 1.481 1.500 1.240 1.182 1.142 0.693 0.768 0.582 0.532 0.777 0.923 1.166 1.557 1.690 1.669 1.645 1.645 1.327 1.475 1.246 1.142 1.559 1.808 1.836 -999.000 -999.000 -999.000 -999.000 -999.000 -999.000 -999.000 -999.000 -999.000 -999.000 -999.000 -999.000 -999.000 -999.000 -999.000 -999.000 -999.000 -999.000 1.669 1.656 1.450 1.511 1.395 1.449 1.502 1.292 1.376 1.253 0.764 0.296 0.565 0.741 1.202 1.071 1.374 1.310 1.247 1.128
1.073 1.105 1.242 0.882 1.139 1.182 1.283 1.227 0.799 1.244 1.382 1.452 1.263 0.935 1.155 0.935 0.554 0.493 0.479 0.632 0.846 1.255 1.385 1.599 1.736 1.900 1.854 1.796 1.648 1.551 1.346 1.414 1.340 1.657 1.921 -999.000 -999.000 -999.000 -999.000 -999.000 -999.000 -999.000 -999.000 -999.000 -999.000 -999.000 -999.000 -999.000 -999.000 -999.000 -999.000 -999.000 -999.000 1.544 1.519 1.305 1.289 1.283 1.305 1.134 1.313 1.220 1.015 0.657 0.289 0.853 0.976 1.156 1.260 1.365 1.340 1.163 1.083
0.730 0.772 0.726 0.707 0.878 0.910 0.859 0.902 0.672 1.068 1.131 1.123 1.086 0.880 0.858 0.689 0.465 0.467 0.606 0.656 0.803 1.274 1.448 1.671 1.830 1.767 1.753 1.814 1.682 1.722 1.805 1.492 1.924 1.815 -999.000 -999.000 -999.000 -999.000 -999.000 -999.000 -999.000 -999.000 -999.000 -999.000 -999.000 -999.000 -999.000 -999.000 -999.000 -999.000 -999.000 -999.000 1.566 1.471 1.214 1.017 0.921 0.853 0.856 0.793 1.027 1.082 0.775 0.475 0.283 0.957 1.127 1.106 1.206 1.257 1.392 1.281 1.127
0.437 0.440 0.469 0.512 0.549 0.624 0.592 0.552 0.695 0.872 0.881 0.920 0.828 0.703 0.465 0.460 0.478 0.508 0.613 0.716 1.003 1.241 1.389 1.675 1.666 1.719 1.877 1.798 1.892 1.743 1.896 1.777 1.824 1.861 -999.000 -999.000 -999.000 -999.000 -999.000 -999.000 -999.000 -999.000 -999.000 -999.000 -999.000 -999.000 -999.000 -999.000 -999.000 -999.000 -999.000 -999.000 1.596 1.289 1.165 1.204 1.135 1.283 1.152 0.763 0.589 0.576 0.457 0.530 0.289 0.547 0.852 0.748 1.125 1.198 1.071 1.070 1.201
0.537 0.439 0.438 0.439 0.439 0.440 0.444 0.452 0.453 0.479 0.550 0.551 0.451 0.467 0.482 0.646 0.633 0.655 0.643 0.935 1.188 1.129 1.216 1.407 1.552 1.738 1.806 1.882 -999.000 1.878 1.868 -999.000 -999.000 -999.000 -999.000 -999.000 -999.000 -999.000 -999.000 -999.000 -999.000 -999.000 -999.000 -999.000 -999.000 -999.000 -999.000 -999.000 -999.000 -999.000 -999.000 1.651 1.477 1.399 1.301 1.125 1.234 1.081 0.818 0.573 0.718 0.873 0.844 0.794 0.770 0.268 0.281 0.565 0.673 0.953 0.752 0.939 0.876
0.867 0.777 0.692 0.634 0.707 0.658 0.661 0.581 0.449 0.446 0.451 0.528 0.662 0.807 0.868 1.101 1.067 1.037 0.858 0.876 0.825 0.964 1.088 1.106 1.317 1.665 1.782 -999.000 -999.000 -999.000 -999.000 -999.000 -999.000 -999.000 -999.000 -999.000 -999.000 -999.000 -999.000 -999.000 -999.000 -999.000 -999.000 -999.000 -999.000 -999.000 -999.000 -999.000 -999.000 -999.000 -999.000 -999.000 1.298 1.324 1.128 0.945 0.885 0.811 0.657 0.792 1.060 1.086 1.032 0.956 1.106 0.706 0.524 0.253 0.250 0.427 0.828 0.736 1.135
1.020 0.849 0.834 0.897 1.042 1.042 1.047 0.962 0.452 0.693 0.948 0.882 1.084 1.031 0.925 1.275 1.332 1.268 1.101 0.917 1.143 1.236 1.367 1.482 1.353 1.662 -999.000 -999.000 -999.000 -999.000 -999.000 -999.000 -999.000 -999.000 -999.000 -999.000 -999.000 -999.000 -999.000 -999.000 -999.000 -999.000 -999.000 -999.000 -999.000 -999.000 -999.000 -999.000 -999.000 -999.000 -999.000 -999.000 1.180 1.046 0.995 0.915 1.091 0.937 1.064 0.853 1.281 1.307 1.248 1.116 1.067 0.676 0.930 0.516 0.310 0.244 0.530 0.653 1.097
1.100 1.068 1.018 0.948 1.062 1.164 1.030 0.925 0.496 0.677 0.807 1.204 1.170 1.168 1.066 1.479 1.440 1.563 1.130 1.225 1.100 1.368 1.653 1.731 1.798 -999.000 -999.000 -999.000 -999.000 -999.000 -999.000 -999.000 -999.000 -999.000 -999.000 -999.000 -999.000 -999.000 -999.000 -999.000 -999.000 -999.000 -999.000 -999.000 -999.000 -999.000 -999.000 -999.000 -999.000 -999.000 -999.000 -999.000 -999.000 1.215 1.143 1.129 1.171 1.097 1.287 1.093 1.376 1.448 1.364 1.100 0.962 0.977 1.108 0.871 0.727 0.419 0.243 0.671 0.906
1.296 1.308 1.155 1.170 1.162 1.271 1.177 0.816 0.466 0.708 0.995 1.169 1.376 1.367 1.176 1.550 1.639 1.727 1.579 1.264 1.070 1.434 1.719 1.857 1.902 -999.000 -999.000 -999.000 -999.000 -999.000 -999.000 -999.000 -999.000 -999.000 -999.000 -999.000 -999.000 -999.000 -999.000 -999.000 -999.000 -999.000 -999.000 -999.000 -999.000 -999.000 -999.000 -999.000 -999.000 -999.000 -999.000 -999.000 -999.000 1.386 1.245 1.245 1.419 1.484 1.303 1.385 1.437 1.463 1.323 1.263 1.208 1.244 1.269 1.169 0.696 0.462 0.237 0.386 0.714
1.347 1.518 1.563 1.391 1.364 1.339 1.302 0.795 0.467 0.797 0.973 1.226 1.453 1.400 1.237 1.557 1.669 1.636 1.558 1.453 1.231 1.357 1.752 2.007 2.188 -999.000 -999.000 -999.000 -999.000 -999.000 -999.000 -999.000 -999.000 -999.000 -999.000 -999.000 -999.000 -999.000 -999.000 -999.000 -999.000 -999.000 -999.000 -999.000 -999.000 -999.000 -999.000 -999.000 -999.000 -999.000 -999.000 -999.000 -999.000 1.311 1.401 1.439 1.323 1.416 1.280 1.439 1.366 1.316 1.108 1.109 1.283 1.318 1.213 1.014 0.604 0.777 0.343 0.224 0.329
1.799 1.621 1.647 1.628 1.529 1.337 1.307 0.836 0.532 0.881 1.029 1.155 1.451 1.469 1.191 1.584 1.635 1.710 1.622 1.375 1.564 1.745 1.965 2.113 2.201 2.251 2.212 -999.000 -999.000 -999.000 -999.000 -999.000 -999.000 -999.000 -999.000 -999.000 -999.000 -999.000 -999.000 -999.000 -999.000 -999.000 -999.000 -999.000 -999.000 -999.000 -999.000 -999.000 -999.000 -999.000 -999.000 -999.000 -999.000 -999.000 1.438 1.255 1.245 1.116 1.094 1.184 0.985 1.214 1.015 1.166 1.209 1.116 1.211 0.951 1.055 1.065 0.597 0.323 0.213
1.883 1.818 1.900 1.734 1.508 1.146 1.105 0.868 0.590 1.040 1.050 1.217 1.540 1.480 1.239 1.588 1.669 1.607 1.290 1.353 1.612 1.639 1.709 2.041 1.871 2.234 1.920 2.042 -999.000 -999.000 -999.000 -999.000 -999.000 -999.000 -999.000 -999.000 -999.000 -999.000 -999.000 -999.000 -999.000 -999.000 -999.000 -999.000 -999.000 -999.000 -999.000 -999.000 -999.000 -999.000 -999.000 -999.000 -999.000 -999.000 -999.000 1.254 1.127 1.033 0.871 0.827 0.768 0.700 0.750 0.914 0.934 1.070 0.989 1.215 1.114 1.013 0.819 0.669 0.237
2.015 1.795 1.717 1.593 1.383 1.080 0.860 0.590 0.688 0.948 1.356 1.370 1.697 1.530 1.369 1.650 1.689 1.626 1.260 1.407 1.532 1.621 1.937 2.027 1.941 2.050 1.930 1.757 -999.000 -999.000 -999.000 -999.000 -999.000 -999.000 -999.000 -999.000 -999.000 -999.000 -999.000 -999.000 -999.000 -999.000 -999.000 -999.000 -999.000 -999.000 -999.000 -999.000 -999.000 -999.000 -999.000 -999.000 -999.000 -999.000 -999.000 -999.000 -999.000 1.303 1.248 1.192 1.227 0.995 0.988 0.804 0.596 0.719 0.796 1.217 1.074 1.044 0.738 0.795 0.573
1.902 1.706 1.743 1.424 1.173 0.878 0.614 0.799 0.549 1.002 1.298 1.520 1.818 1.669 1.794 1.784 1.534 1.756 1.328 1.212 1.191 1.367 1.720 1.836 1.853 1.829 1.662 1.668 1.690 -999.000 -999.000 -999.000 -999.000 -999.000 -999.000 -999.000 -999.000 -999.000 -999.000 -999.000 -999.000 -999.000 -999.000 -999.000 -999.000 -999.000 -999.000 -999.000 -999.000 -999.000 -999.000 -999.000 -999.000 -999.000 -999.000 -999.000 -999.000 -999.000 -999.000 1.292 1.183 1.123 1.192 1.167 0.986 0.640 0.943 1.199 0.799 0.913 0.597 0.869 0.769
2.086 1.840 1.264 1.131 0.847 0.673 1.110 1.274 0.944 0.864 1.303 1.564 1.789 1.829 1.934 1.941 1.731 1.941 1.589 1.397 1.219 1.167 1.421 1.692 1.363 1.368 1.147 1.306 1.361 -999.000 -999.000 -999.000 -999.000 -999.000 -999.000 -999.000 -999.000 -999.000 -999.000 -999.000 -999.000 -999.000 -999.000 -999.000 -999.000 -999.000 -999.000 -999.000 -999.000 -999.000 -999.000 -999.000 -999.000 -999.000 -999.000 -999.000 -999.000 -999.000 -999.000 1.040 1.184 0.928 0.855 0.829 0.799 0.656 0.615 0.910 0.688 0.632 0.509 0.830 0.912
1.760 1.485 1.337 0.977 0.706 1.055 1.218 1.361 1.163 0.701 1.054 1.361 1.824 1.878 1.916 2.066 2.027 1.785 1.764 1.640 1.290 1.064 1.175 1.471 1.405 1.314 1.038 0.957 1.058 0.892 -999.000 -999.000 -999.000 -999.000 -999.000 -999.000 -999.000 -999.000 -999.000 -999.000 -999.000 -999.000 -999.000 -999.000 -999.000 -999.000 -999.000 -999.000 -999.000 -999.000 -999.000 -999.000 -999.000 -999.000 -999.000 -999.000 -999.000 -999.000 -999.000 -999.000 0.807 0.721 0.666 0.688 0.629 0.462 0.398 0.479 0.349 0.293 0.311 0.382 0.670
1.929 1.682 1.318 0.735 1.000 1.124 1.356 1.544 1.383 0.964 0.973 1.405 1.721 1.940 1.909 1.966 2.134 2.100 2.001 1.724 1.247 1.234 0.976 1.067 1.278 0.962 0.784 1.118 0.645 0.731 -999.000 -999.000 -999.000 -999.000 -999.000 -999.000 -999.000 -999.000 -999.000 -999.000 -999.000 -999.000 -999.000 -999.000 -999.000 -999.000 -999.000 -999.000 -999.000 -999.000 -999.000 -999.000 -999.000 -999.000 -999.000 -999.000 -999.000 -999.000 -999.000 -999.000 -999.000 0.814 0.954 1.112 0.945 0.855 0.718 0.612 0.677 0.639 0.604 0.304 0.529
1.627 1.369 0.997 0.822 1.074 1.253 1.654 1.681 1.708 1.332 0.850 1.309 1.689 2.002 2.196 2.180 2.187 1.928 2.159 1.856 1.630 1.468 1.186 0.843 0.833 1.175 1.068 1.194 0.767 1.056 1.331 -999.000 -999.000 -999.000 -999.000 -999.000 -999.000 -999.000 -999.000 -999.000 -999.000 -999.000 -999.000 -999.000 -999.000 -999.000 -999.000 -999.000 -999.000 -999.000 -999.000 -999.000 -999.000 -999.000 -999.000 -999.000 -999.000 -999.000 -999.000 -999.000 -999.000 -999.000 1.186 1.267 1.039 1.010 0.990 0.828 0.856 0.733 0.477 0.313 0.178
1.707 1.208 0.778 0.974 1.181 1.511 1.743 1.793 1.635 1.452 1.007 1.276 1.575 1.753 1.815 2.125 2.430 2.041 2.378 2.076 1.872 1.500 1.302 0.900 1.290 1.287 1.363 0.896 1.134 1.220 -999.000 -999.000 -999.000 -999.000 -999.000 -999.000 -999.000 -999.000 -999.000 -999.000 -999.000 -999.000 -999.000 -999.000 -999.000 -999.000 -999.000 -999.000 -999.000 -999.000 -999.000 -999.000 -999.000 -999.000 -999.000 -999.000 -999.000 -999.000 -999.000 -999.000 -999.000 -999.000 0.894 1.076 0.855 0.695 0.517 0.659 0.529 0.442 0.330 0.368 0.456
1.561 1.012 0.799 1.250 1.286 1.732 1.812 1.825 2.001 1.757 1.449 1.003 1.378 1.714 2.022 2.161 2.372 2.284 1.916 2.144 1.869 1.559 1.150 1.184 1.343 1.341 1.031 1.048 1.207 1.465 -999.000 -999.000 -999.000 -999.000 -999.000 -999.000 -999.000 -999.000 -999.000 -999.000 -999.000 -999.000 -999.000 -999.000 -999.000 -999.000 -999.000 -999.000 -999.000 -999.000 -999.000 -999.000 -999.000 -999.000 -999.000 -999.000 -999.000 -999.000 -999.000 -999.000 -999.000 -999.000 -999.000 0.656 0.695 0.487 0.419 0.335 0.435 0.458 0.396 0.607 0.803
1.535 0.922 0.949 1.376 1.532 1.923 1.912 2.138 2.192 1.720 1.681 1.180 1.131 1.629 1.875 2.060 2.272 2.371 2.198 2.286 1.888 1.605 1.115 1.478 1.380 1.345 0.960 1.276 1.338 1.509 -999.000 -999.000 -999.000 -999.000 -999.000 -999.000 -999.000 -999.000 -999.000 -999.000 -999.000 -999.000 -999.000 -999.000 -999.000 -999.000 -999.000 -999.000 -999.000 -999.000 -999.000 -999.000 -999.000 -999.000 -999.000 -999.000 -999.000 -999.000 -999.000 -999.000 -999.000 -999.000 -999.000 -999.000 0.343 0.418 0.431 0.394 0.549 0.707 0.657 0.593 0.828
1.334 0.882 1.058 1.589 1.596 2.088 2.017 2.017 2.260 1.851 1.704 1.456 1.117 1.506 1.777 1.854 2.308 2.435 2.147 2.326 1.905 1.727 1.597 1.717 1.433 1.223 1.058 1.360 1.576 1.601 -999.000 -999.000 -999.000 -999.000 -999.000 -999.000 -999.000 -999.000 -999.000 -999.000 -999.000 -999.000 -999.000 -999.000 -999.000 -999.000 -999.000 -999.000 -999.000 -999.000 -999.000 -999.000 -999.000 -999.000 -999.000 -999.000 -999.000 -999.000 -999.000 -999.000 -999.000 -999.000 -999.000 -999.000 0.604 0.631 0.604 0.580 0.690 0.779 0.976 0.977 0.751
1.307 0.875 1.176 1.652 1.825 2.286 2.297 2.405 2.096 2.198 1.977 1.333 1.072 1.363 1.673 2.021 2.154 2.400 2.020 2.292 2.006 1.795 1.828 1.704 1.487 1.094 1.400 1.563 1.658 -999.000 -999.000 -999.000 -999.000 -999.000 -999.000 -999.000 -999.000 -999.000 -999.000 -999.000 -999.000 -999.000 -999.000 -999.000 -999.000 -999.000 -999.000 -999.000 -999.000 -999.000 -999.000 -999.000 -999.000 -999.000 -999.000 -999.000 -999.000 -999.000 -999.000 -999.000 -999.000 -999.000 -999.000 -999.000 -999.000 0.848 0.891 0.832 0.904 1.208 0.751 0.744 0.510
1.476 0.879 1.109 1.714 1.908 2.200 2.336 2.525 2.318 2.315 1.944 1.550 1.137 1.257 1.679 1.918 2.189 2.398 2.224 2.399 2.315 2.007 1.969 1.591 1.587 1.248 1.474 -999.000 -999.000 -999.000 -999.000 -999.000 -999.000 -999.000 -999.000 -999.000 -999.000 -999.000 -999.000 -999.000 -999.000 -999.000 -999.000 -999.000 -999.000 -999.000 -999.000 -999.000 -999.000 -999.000 -999.000 -999.000 -999.000 -999.000 -999.000 -999.000 -999.000 -999.000 -999.000 -999.000 -999.000 -999.000 -999.000 -999.000 -999.000 1.025 1.149 -999.000 1.120 1.048 0.726 0.448 0.310
1.469 0.877 1.377 1.781 2.219 2.320 2.666 2.734 2.391 2.143 1.898 1.577 1.213 1.209 1.591 1.849 2.192 1.959 2.434 2.105 1.914 1.981 1.771 1.727 1.244 1.523 1.592 -999.000 -999.000 -999.000 -999.000 -999.000 -999.000 -999.000 -999.000 -999.000 -999.000 -999.000 -999.000 -999.000 -999.000 -999.000 -999.000 -999.000 -999.000 -999.000 -999.000 -999.000 -999.000 -999.000 -999.000 -999.000 -999.000 -999.000 -999.000 -999.000 -999.000 -999.000 -999.000 -999.000 -999.000 -999.000 -999.000 -999.000 -999.000 -999.000 -999.000 -999.000 -999.000 1.111 0.743 0.302 0.174
1.349 0.924 1.233 1.859 2.216 2.594 2.245 2.516 2.491 2.244 1.983 1.527 1.263 1.093 1.554 1.626 1.949 2.186 2.256 2.382 2.473 2.233 1.923 1.622 1.527 -999.000 -999.000 -999.000 -999.000 -999.000 -999.000 -999.000 -999.000 -999.000 -999.000 -999.000 -999.000 -999.000 -999.000 -999.000 -999.000 -999.000 -999.000 -999.000 -999.000 -999.000 -999.000 -999.000 -999.000 -999.000 -999.000 -999.000 -999.000 -999.000 -999.000 -999.000 -999.000 -999.000 -999.000 -999.000 -999.000 -999.000 -999.000 -999.000 -999.000 -999.000 -999.000 -999.000 -999.000 -999.000 -999.000 0.351 0.133
1.030 1.050 1.380 1.809 2.181 2.432 2.946 2.492 2.411 2.034 1.773 1.280 1.273 1.184 1.306 1.696 1.963 2.077 2.150 2.207 2.016 2.154 -999.000 -999.000 -999.000 -999.000 -999.000 -999.000 -999.000 -999.000 -999.000 -999.000 -999.000 -999.000 -999.000 -999.000 -999.000 -999.000 -999.000 -999.000 -999.000 -999.000 -999.000 -999.000 -999.000 -999.000 -999.000 -999.000 -999.000 -999.000 -999.000 -999.000 -999.000 -999.000 -999.000 -999.000 -999.000 -999.000 -999.000 -999.000 -999.000 -999.000 -999.000 -999.000 -999.000 -999.000 -999.000 -999.000 -999.000 -999.000 -999.000 -999.000 -999.000
1.074 1.127 1.539 1.913 2.217 2.637 2.396 2.391 2.577 2.158 1.812 1.309 1.602 1.481 1.148 1.562 1.829 2.052 2.186 2.266 2.242 -999.000 -999.000 -999.000 -999.000 -999.000 -999.000 -999.000 -999.000 -999.000 -999.000 -999.000 -999.000 -999.000 -999.000 -999.000 -999.000 -999.000 -999.000 -999.000 -999.000 -999.000 -999.000 -999.000 -999.000 -999.000 -999.000 -999.000 -999.000 -999.000 -999.000 -999.000 -999.000 -999.000 -999.000 -999.000 -999.000 -999.000 -999.000 -999.000 -999.000 -999.000 -999.000 -999.000 -999.000 -999.000 -999.000 -999.000 -999.000 -999.000 -999.000 -999.000 -999.000
