Source/.svn/pristine/b0/b093b03baadc059eb7275abc0fcc888afd4f1676.svn-base
ncols               386
nrows               229
xllcorner    479497.492
yllcorner     73502.967
cellsize       1000.000
NODATA_value -999
[rows 99 to 131 of 229, columns 219 to 291 of 386]
0.472 0.426 0.448 0.471 0.462 0.815 0.967 1.039 1.137 1.148 1.234 1.418 1.476 1.555 1.548 1.603 1.416 1.645 1.168 1.112 0.975 0.812 0.531 0.390 0.646 0.770 0.911 0.764 1.190 1.312 1.259 1.104 0.715 0.615 0.884 0.923 0.858 1.100 1.408 1.430 1.000 1.265 1.278 1.170 1.468 1.463 1.393 1.212 1.611 1.679 1.662 1.685 1.135 0.933 0.840 0.854 0.647 0.782 1.122 0.911 0.775 0.433 0.362 0.363 0.369 0.481 0.739 0.690 0.813 0.949 0.988 1.119 0.938
0.887 0.799 0.848 0.841 0.895 0.684 0.546 1.048 1.149 1.052 1.089 1.237 1.538 1.433 1.638 1.458 1.589 1.430 1.312 1.200 1.228 0.929 0.406 0.533 0.922 1.108 0.921 1.145 1.200 1.368 1.241 1.144 0.890 0.593 0.834 1.032 1.226 1.334 1.416 1.370 1.156 1.384 1.535 1.557 1.636 1.559 1.608 1.303 1.609 1.762 1.664 1.634 1.438 1.326 1.210 1.149 0.672 0.770 1.163 0.954 0.656 0.375 0.360 0.364 0.379 0.599 0.706 0.775 0.969 1.162 1.157 1.100 0.993
1.029 1.123 0.972 1.075 1.165 1.050 0.748 0.657 0.920 1.170 1.254 1.353 1.485 1.550 1.610 1.615 1.574 1.458 1.210 1.059 1.035 0.815 0.411 0.713 1.119 1.192 0.991 1.230 1.236 1.368 1.482 1.221 0.899 0.598 1.056 1.188 1.353 1.550 1.573 1.586 1.238 1.559 1.685 1.620 1.623 1.587 1.497 1.519 1.578 1.761 1.745 1.642 1.611 1.536 1.194 1.132 0.677 0.832 1.156 0.907 0.675 0.373 0.364 0.380 0.459 0.755 0.851 0.705 0.998 1.185 1.219 1.065 0.799
1.318 1.150 0.940 1.287 1.267 1.146 0.900 0.584 0.776 0.989 1.247 1.295 1.481 1.541 1.640 1.598 1.500 1.123 1.129 0.931 0.865 0.497 0.511 0.715 1.101 1.117 1.203 1.363 1.548 1.477 1.437 1.259 1.024 0.620 1.044 1.224 1.274 1.251 1.462 1.595 1.725 1.494 1.600 1.566 1.488 1.486 1.459 1.519 1.642 1.457 1.754 1.532 1.486 1.466 1.189 0.919 0.679 1.208 1.069 0.818 0.593 0.369 0.365 0.403 0.494 0.769 1.001 0.804 1.011 1.140 1.130 0.980 0.660
1.357 1.258 0.942 1.093 1.326 1.210 1.120 0.880 0.767 1.100 1.280 1.284 1.298 1.494 1.504 1.414 1.570 1.195 0.924 0.752 0.547 0.461 0.788 1.128 0.921 1.321 1.477 1.546 1.567 1.398 1.487 1.246 0.960 0.647 1.019 1.104 1.114 1.118 1.685 1.565 1.754 1.623 1.569 1.248 1.165 1.118 1.114 1.109 1.396 1.307 1.430 1.346 1.344 1.301 0.973 0.680 0.963 1.120 1.040 0.714 0.568 0.394 0.367 0.396 0.493 1.050 0.993 0.861 1.045 1.249 1.064 0.911 0.661
1.273 1.191 1.070 1.176 1.346 1.289 1.257 0.971 0.854 1.266 1.246 1.375 1.419 1.537 1.656 1.573 1.331 1.217 1.073 0.668 0.449 0.610 0.954 1.045 1.341 1.492 1.621 1.534 1.622 1.266 1.287 1.111 0.944 0.670 0.762 0.864 1.046 1.486 1.758 1.645 1.818 1.736 1.264 1.272 1.485 1.475 1.263 1.154 0.926 1.088 0.986 0.931 0.959 0.924 0.665 0.772 1.132 1.328 1.251 1.016 0.750 0.621 0.370 0.397 0.705 0.920 1.182 1.001 0.992 1.292 1.245 0.982 0.805
1.411 1.291 1.063 1.360 1.472 1.497 1.292 1.189 0.820 0.934 1.169 1.280 1.539 1.497 1.280 1.289 1.234 1.004 0.796 0.471 0.619 0.983 0.844 1.076 1.396 1.581 1.621 1.539 1.496 1.305 1.036 0.838 0.715 0.799 1.047 1.142 1.353 1.688 1.625 1.946 1.837 1.787 1.534 1.623 1.720 1.813 1.765 1.636 1.293 1.303 1.282 1.057 1.040 0.678 0.775 1.290 1.277 1.446 1.236 1.051 0.745 0.515 0.377 0.425 0.703 0.912 1.253 1.192 0.978 1.229 1.275 1.147 0.947
1.303 1.273 1.268 1.499 1.491 1.503 1.394 1.198 0.977 1.092 1.363 1.490 1.310 1.289 1.115 0.926 0.900 0.916 0.778 0.550 0.686 1.055 1.200 0.913 1.379 1.446 1.736 1.527 1.292 1.125 0.898 0.809 1.059 1.270 1.175 1.287 1.680 1.719 1.833 1.987 1.602 1.815 1.711 1.842 1.563 1.861 1.568 1.736 1.481 1.388 1.455 1.166 0.965 0.708 1.106 1.368 1.541 1.549 1.286 0.959 0.622 0.377 0.403 0.449 0.606 0.962 1.158 1.311 1.059 1.242 1.353 1.252 1.029
1.311 1.384 1.474 1.542 1.702 1.555 1.111 1.142 1.191 1.172 1.418 1.315 1.224 0.977 0.926 1.080 1.214 1.240 0.981 0.542 0.762 1.138 1.262 1.007 1.171 1.561 1.512 1.284 1.069 1.006 0.856 1.058 1.469 1.486 1.661 1.657 1.552 1.859 1.706 1.896 1.827 1.764 1.698 1.714 1.842 2.072 1.896 2.135 1.855 1.681 1.464 1.177 0.785 0.827 1.305 1.578 1.568 1.454 1.192 0.928 0.531 0.386 0.454 0.529 0.728 1.033 1.043 1.319 1.227 1.436 1.402 1.248 1.027
1.156 1.249 1.422 1.497 1.350 1.459 1.481 1.389 1.492 1.547 1.445 1.255 0.950 0.999 1.203 1.269 1.304 1.254 0.864 0.567 0.921 1.388 1.304 1.285 1.611 1.519 1.756 1.198 1.126 1.142 1.099 1.460 1.685 1.696 1.867 1.732 1.781 1.859 1.726 1.719 1.625 1.769 1.656 1.277 1.579 1.864 1.785 1.808 1.824 1.539 1.199 1.028 0.744 1.082 1.484 1.370 1.534 1.265 1.056 0.751 0.401 0.411 0.498 0.586 0.797 1.180 1.318 1.473 1.508 1.542 1.553 1.202 1.394
0.936 1.009 1.044 1.264 1.435 1.399 1.358 1.413 1.398 1.408 1.426 1.036 1.179 1.364 1.397 1.286 1.217 1.252 0.911 0.617 1.224 1.631 1.453 1.884 1.885 1.477 1.796 1.610 1.462 1.283 1.625 1.639 1.786 1.882 1.839 1.832 1.670 1.671 1.652 1.604 1.619 1.593 1.496 1.592 1.524 1.697 1.666 1.819 1.576 1.461 1.073 0.832 0.957 1.297 1.372 1.468 1.223 1.022 0.788 0.520 0.383 0.414 0.498 0.796 0.925 1.306 1.338 1.479 1.541 1.526 1.520 1.441 1.464
0.699 0.833 0.904 1.000 0.976 1.007 1.107 1.152 1.284 1.597 1.519 1.249 1.476 1.694 1.600 1.621 1.436 1.128 0.941 0.869 1.347 1.576 1.870 1.661 1.605 1.963 1.921 1.744 1.582 1.696 1.704 1.668 1.942 1.849 1.787 1.761 1.693 1.618 1.472 1.451 1.298 1.515 1.556 1.455 1.180 1.493 1.524 1.722 1.521 1.301 1.131 0.865 1.018 1.197 1.323 1.287 1.036 0.696 0.477 0.387 0.393 0.416 0.530 0.759 1.133 1.280 1.261 1.280 1.447 1.465 1.482 1.495 1.491
0.966 0.806 0.681 0.700 0.806 0.847 0.946 1.226 1.467 1.531 1.551 1.613 1.714 1.654 1.671 1.798 1.475 1.257 0.828 1.269 1.521 1.521 1.836 1.929 1.962 2.015 1.579 1.870 1.691 1.795 1.657 1.797 1.807 1.728 1.743 1.634 1.540 1.477 1.358 1.121 1.082 1.153 1.299 1.287 1.264 1.074 1.327 1.431 1.414 1.125 0.894 0.955 0.881 1.272 0.957 0.746 0.595 0.392 0.387 0.392 0.401 0.460 0.791 1.139 1.073 0.989 0.892 1.265 1.105 1.252 1.222 1.199 1.269
1.088 1.113 1.072 0.969 1.154 1.273 1.272 1.502 1.641 1.810 1.928 1.924 1.811 1.890 1.788 1.602 1.193 0.841 1.361 1.355 1.159 1.618 1.825 1.832 1.859 1.896 1.736 1.699 1.611 1.599 1.646 1.643 1.669 1.593 1.635 1.646 1.542 1.196 1.117 1.176 0.956 0.966 0.888 1.078 0.891 0.858 0.898 1.229 1.259 1.202 0.983 0.560 0.665 0.648 0.566 0.439 0.392 0.392 0.410 0.445 0.592 0.493 0.660 0.834 0.801 0.816 0.799 0.859 0.889 0.990 1.043 1.068 1.073
1.443 1.297 0.995 1.114 1.335 1.580 1.579 1.746 1.920 1.705 1.729 1.884 1.833 1.844 1.762 1.587 1.052 0.919 1.433 1.610 1.507 1.277 1.676 1.773 1.842 1.795 1.771 1.581 1.505 1.486 1.587 1.532 1.266 1.563 1.529 1.603 1.437 1.351 1.224 1.003 0.927 0.833 0.743 0.761 0.667 0.672 0.664 0.890 0.891 0.917 0.714 0.506 0.481 0.405 0.404 0.397 0.399 0.445 0.621 0.846 0.911 0.661 0.440 0.527 0.526 0.507 0.536 0.615 0.683 0.750 0.825 0.851 0.907
1.441 1.152 0.871 1.178 1.551 1.547 1.885 1.934 1.876 2.074 2.150 2.042 1.956 1.865 1.717 1.532 1.188 1.104 1.555 1.712 1.694 1.277 1.632 1.775 1.884 1.727 1.510 1.466 0.998 1.270 1.465 1.421 1.467 1.246 1.441 1.534 1.464 1.341 1.093 0.953 0.838 0.817 0.761 0.729 0.663 0.585 0.551 0.603 0.582 0.519 0.477 0.422 0.451 0.411 0.408 0.441 0.478 0.684 0.773 1.231 1.029 0.774 0.655 0.818 0.843 0.870 0.815 0.701 0.747 0.791 0.853 0.876 0.968
1.483 1.168 0.968 1.165 1.587 1.824 1.840 1.653 2.039 2.034 2.125 1.954 1.947 2.034 1.842 1.709 1.503 1.146 1.743 1.844 1.695 1.277 1.674 1.760 1.760 1.698 1.574 1.339 1.228 1.023 1.296 1.396 1.406 1.119 1.332 1.283 1.204 1.178 1.115 0.929 0.784 0.800 0.731 0.696 0.672 0.634 0.587 0.491 0.461 0.467 0.449 0.412 0.502 0.426 0.577 0.799 0.872 0.896 1.108 1.209 0.967 0.734 0.799 1.096 1.136 1.068 1.022 0.904 0.914 1.051 1.150 1.183 1.301
1.538 1.210 1.085 1.683 1.591 1.725 1.782 1.864 1.815 2.025 2.056 1.895 1.958 2.001 1.419 1.933 1.866 1.916 1.764 1.994 1.858 1.570 1.503 1.604 1.598 1.575 1.266 1.198 1.021 0.956 1.264 1.358 1.300 1.077 1.260 1.154 0.994 0.988 1.020 0.861 0.715 0.780 0.743 0.652 0.526 0.565 0.529 0.580 0.567 0.469 0.457 0.453 0.412 0.675 0.891 1.104 1.135 1.241 1.257 1.202 0.916 0.738 0.992 1.261 1.346 1.365 1.207 1.082 1.293 1.375 1.450 1.434 1.367
1.447 1.578 1.402 1.267 1.585 1.602 1.197 1.817 1.942 1.985 1.761 1.875 2.008 2.153 1.998 2.184 2.161 1.594 1.765 1.785 1.672 1.729 1.292 1.181 1.481 1.388 1.378 1.099 1.062 0.811 1.113 1.220 1.142 1.063 1.204 1.232 0.910 0.824 0.841 0.716 0.669 0.609 0.605 0.447 0.688 0.603 0.512 0.670 0.603 0.640 0.504 0.436 0.774 0.993 1.102 1.170 1.298 1.418 1.400 1.334 1.034 0.742 0.991 1.267 1.428 1.470 1.440 1.304 1.514 1.488 1.545 1.491 1.303
1.727 1.799 1.724 1.677 1.489 1.120 1.619 1.724 1.894 1.918 1.978 1.699 1.908 1.879 1.940 1.764 2.168 1.763 2.249 2.119 1.912 1.697 1.511 1.265 1.077 1.322 1.333 1.115 1.114 0.889 0.878 1.002 0.872 0.987 1.018 1.015 0.950 0.589 0.631 0.619 0.535 0.488 0.542 0.480 0.638 0.740 0.621 0.613 0.898 0.920 0.586 0.508 0.640 0.823 1.054 1.172 1.236 1.476 1.484 1.372 1.168 0.870 0.995 1.207 1.468 1.605 1.516 1.623 1.612 1.570 1.591 1.452 1.215
1.550 1.508 1.373 1.246 1.053 1.170 1.631 1.436 2.066 1.478 1.877 1.629 1.767 1.799 2.127 2.042 2.156 2.077 1.604 1.777 1.668 1.610 1.492 1.304 1.101 1.175 1.189 1.054 0.937 0.832 0.688 0.689 0.719 0.754 0.772 0.787 0.737 0.542 0.480 0.467 0.467 0.606 0.628 0.690 0.997 1.017 0.705 0.494 0.893 1.182 0.785 0.499 0.427 0.949 0.998 0.919 1.132 1.377 1.446 1.465 1.109 0.910 0.871 1.040 1.258 1.509 1.634 1.745 1.475 1.625 1.525 1.261 1.179
1.230 1.232 0.973 0.883 1.037 1.466 1.714 1.761 2.061 1.665 1.646 1.635 1.656 1.757 2.093 1.710 1.839 1.856 1.761 1.757 1.654 1.634 1.441 1.211 1.081 0.936 0.988 0.923 0.758 0.706 0.620 0.509 0.498 0.494 0.494 0.502 0.480 0.479 0.505 0.596 0.851 0.838 0.948 0.825 1.015 0.982 0.854 0.718 0.815 1.238 0.922 0.836 0.589 0.590 0.751 0.836 0.975 1.307 1.414 1.557 1.376 1.242 1.036 0.996 1.170 1.569 1.631 1.826 1.689 1.636 1.557 1.449 1.320
0.975 0.791 0.867 1.180 1.434 1.635 1.769 1.777 1.812 1.780 1.416 1.502 1.531 1.690 1.705 1.841 1.707 1.688 1.610 1.490 1.451 1.271 1.161 0.936 0.848 0.877 0.922 0.891 0.668 0.512 0.658 0.793 0.766 0.740 0.675 0.592 0.488 0.551 0.631 0.970 1.093 1.146 1.157 0.978 1.132 1.162 1.106 0.711 0.756 1.197 1.155 0.838 0.491 0.441 0.549 0.803 0.974 1.106 1.406 1.403 1.492 1.278 1.118 1.028 1.140 1.574 1.702 1.719 1.663 1.669 1.611 1.365 1.209
0.828 1.077 1.283 1.553 1.309 1.807 1.735 1.835 1.681 1.610 1.244 1.070 1.487 1.557 1.745 1.719 1.613 1.333 1.286 1.050 1.139 1.022 0.911 0.885 0.726 0.647 0.601 0.553 0.571 0.836 0.873 0.894 0.961 1.009 0.950 0.755 0.606 0.577 0.919 1.148 1.200 1.299 1.390 1.187 1.219 1.278 1.252 0.995 0.632 1.175 1.138 0.866 0.578 0.436 0.535 0.626 0.991 1.065 1.099 1.522 1.472 1.313 1.142 1.068 1.220 1.640 1.768 1.905 1.924 1.796 1.555 1.683 1.614
1.192 1.403 1.655 1.820 1.854 1.935 1.652 1.787 1.892 1.747 1.571 1.376 1.022 1.455 1.538 1.464 1.282 1.059 1.031 0.740 0.742 0.775 0.729 0.607 0.566 0.680 0.794 0.828 0.879 0.953 0.983 1.062 1.156 1.163 1.033 0.906 0.742 0.516 0.881 0.975 1.101 1.294 1.427 1.490 1.510 1.384 1.156 0.931 0.881 1.212 1.133 0.897 0.652 0.435 0.476 0.564 0.843 1.060 1.312 1.470 1.509 1.260 1.053 1.046 1.279 1.628 1.638 1.872 1.711 1.690 1.678 1.797 1.707
1.497 1.768 1.877 1.612 1.936 1.984 1.790 1.971 1.801 1.574 1.636 1.370 1.073 1.280 1.321 1.138 1.060 0.787 0.728 0.604 0.584 0.592 0.622 0.777 0.920 0.927 0.911 0.954 0.967 1.165 1.125 1.259 1.254 1.258 1.117 0.964 0.813 0.533 0.694 0.729 0.959 1.114 1.616 1.605 1.554 1.252 0.950 0.837 1.134 1.202 1.148 0.904 0.669 0.440 0.450 0.520 0.754 1.060 1.322 1.401 1.455 1.175 1.030 1.057 1.223 1.513 1.818 1.871 1.917 1.860 1.868 1.725 1.705
1.393 1.417 2.001 1.793 1.972 1.868 1.726 1.702 1.790 1.633 1.636 1.294 1.056 1.094 1.133 0.975 0.826 0.658 0.599 0.726 0.816 0.809 0.965 1.060 1.215 1.148 1.065 1.157 1.104 1.250 1.317 1.327 1.239 1.099 0.969 0.880 0.631 0.742 0.914 0.982 1.125 1.470 1.608 1.618 1.479 1.209 0.814 1.088 1.222 1.274 1.143 0.935 0.701 0.446 0.446 0.497 0.638 1.147 1.112 1.411 1.393 1.167 1.060 1.012 1.144 1.589 1.827 1.742 1.863 1.661 1.672 1.642 1.617
1.625 1.701 1.988 1.944 1.899 1.829 1.787 1.716 1.571 1.547 1.380 1.111 0.932 0.936 0.737 0.696 0.618 0.616 0.840 1.087 1.085 0.963 1.209 1.274 1.359 1.344 1.205 1.303 1.238 1.225 1.331 1.230 1.128 0.952 0.851 0.731 0.602 0.813 1.025 1.098 1.323 1.551 1.395 1.656 1.215 1.087 0.808 1.260 1.319 1.213 1.087 0.926 0.746 0.531 0.454 0.469 0.635 0.799 1.012 1.270 1.340 1.182 1.114 0.971 1.133 1.382 1.799 1.704 1.806 1.643 1.653 1.581 1.549
1.700 1.604 1.884 1.599 1.840 1.752 1.621 1.410 1.361 1.263 1.122 0.879 0.710 0.703 0.779 0.764 0.778 0.769 1.064 1.208 1.229 1.146 1.423 1.504 1.490 1.483 1.269 1.419 1.452 1.404 1.364 1.117 1.017 0.847 0.824 0.580 0.703 0.870 1.014 1.008 1.258 1.589 1.633 1.574 1.230 1.019 0.959 1.222 1.354 1.230 1.073 0.862 0.675 0.547 0.464 0.457 0.536 0.721 0.861 1.166 1.174 1.213 1.018 0.960 1.110 1.507 1.625 1.756 1.587 1.540 1.392 1.170 1.143
1.630 1.558 1.789 1.517 1.743 1.553 1.378 1.082 0.968 0.928 0.777 0.699 0.926 0.984 1.034 1.015 1.137 0.772 1.170 1.370 1.435 1.549 1.639 1.613 1.615 1.608 1.456 1.587 1.506 1.440 1.273 1.118 0.930 0.803 0.655 0.675 0.904 1.022 0.953 1.177 1.343 1.581 1.506 1.530 1.224 0.975 1.163 1.258 1.358 1.201 1.070 0.932 0.779 0.607 0.491 0.468 0.593 0.480 0.742 0.809 1.061 0.901 0.790 0.973 1.068 1.445 1.453 1.656 1.384 1.140 1.153 1.171 1.057
1.751 1.462 1.617 1.489 1.497 1.486 1.175 0.984 0.877 0.802 0.732 0.975 1.169 1.252 1.262 1.238 1.259 0.845 1.169 1.457 1.583 1.732 1.761 1.753 1.625 1.677 1.535 1.619 1.515 1.419 1.196 1.035 0.881 0.673 0.668 0.796 1.034 1.131 0.977 1.134 1.260 1.546 1.503 1.463 1.193 0.889 1.279 1.365 1.246 1.110 1.005 0.875 0.741 0.545 0.554 0.767 0.842 0.740 0.700 0.565 0.810 0.678 0.912 0.963 0.961 1.179 1.343 1.388 1.200 1.047 1.166 1.044 0.880
1.653 1.366 1.243 1.192 1.217 1.237 1.253 0.919 0.855 0.866 1.065 1.152 1.346 1.394 1.503 1.404 1.078 0.935 0.938 1.347 1.463 1.796 1.774 1.814 1.705 1.747 1.530 1.564 1.461 1.277 1.093 0.997 0.728 0.806 0.647 0.930 1.265 1.350 1.227 1.022 1.247 1.540 1.515 1.259 1.041 0.917 1.167 1.300 1.113 0.988 0.896 0.750 0.796 0.935 0.708 0.527 1.085 1.298 1.171 0.875 0.741 0.536 0.665 0.870 0.878 0.978 1.195 1.043 0.862 0.845 0.805 0.787 0.683
1.426 1.202 1.056 0.991 0.976 0.995 0.961 0.921 0.878 1.036 1.137 1.110 1.563 1.637 1.689 1.475 1.143 1.190 0.878 1.201 1.569 1.696 1.769 1.865 1.678 1.548 1.506 1.451 1.300 1.136 0.915 0.847 0.828 1.155 0.715 0.981 1.278 1.327 1.405 1.265 1.495 1.428 1.476 1.203 0.912 1.056 1.136 1.337 1.264 1.049 0.949 0.960 1.060 1.069 0.832 0.581 0.927 1.164 1.200 0.896 0.988 0.877 0.702 0.690 0.716 0.798 0.793 0.740 0.728 0.740 0.665 0.656 0.844
