Source/.svn/pristine/b0/b093b03baadc059eb7275abc0fcc888afd4f1676.svn-base
ncols               386
nrows               229
xllcorner    479497.492
yllcorner     73502.967
cellsize       1000.000
NODATA_value -999
[rows 132 to 164 of 229, columns 219 to 291 of 386]
1.172 0.995 0.929 0.989 0.924 0.972 0.994 1.026 1.120 0.890 1.015 1.129 1.542 1.444 1.692 1.620 1.557 1.390 1.182 0.938 1.402 1.693 1.731 1.747 1.677 1.652 1.226 1.118 1.050 0.869 0.896 1.019 1.193 1.074 0.814 0.986 1.215 1.255 1.520 1.694 1.589 1.534 1.404 1.106 1.186 1.290 1.282 1.461 1.492 1.274 1.179 1.310 1.214 1.287 0.996 0.833 1.093 1.257 1.367 1.197 1.191 1.118 0.945 0.781 0.612 0.592 0.622 0.653 0.675 0.767 0.820 1.008 1.056
1.114 1.022 1.203 1.210 1.163 1.263 1.236 1.243 1.177 0.966 1.144 1.112 1.521 1.757 1.861 1.826 1.581 1.432 1.313 1.003 1.168 1.614 1.711 1.822 1.686 1.427 1.376 1.217 1.043 0.866 1.208 1.284 1.391 1.263 0.950 0.744 1.129 1.534 1.618 1.575 1.601 1.520 1.219 0.971 1.457 1.462 1.660 1.638 1.554 1.500 1.455 1.476 1.387 1.176 1.074 0.590 0.938 1.296 1.443 1.512 1.391 1.203 1.088 0.936 0.749 0.750 0.913 1.029 0.939 1.153 1.140 1.226 1.234
1.372 1.436 1.266 1.111 1.371 1.479 1.520 1.398 1.223 0.949 1.257 1.387 1.660 1.570 1.703 1.641 1.670 1.677 1.491 1.086 1.112 1.521 1.608 1.721 1.585 1.540 1.352 1.156 0.920 1.239 1.213 1.346 1.596 1.445 1.185 0.907 1.211 1.455 1.664 1.714 1.699 1.478 1.123 1.371 1.669 1.552 1.819 1.730 1.661 1.756 1.602 1.450 1.218 1.021 0.860 0.683 0.984 1.263 1.513 1.563 1.538 1.310 1.174 1.040 0.851 0.686 1.075 1.171 1.229 1.334 1.269 1.283 1.433
1.499 1.533 1.463 1.135 1.453 1.655 1.652 1.495 1.305 0.974 1.313 1.292 1.662 1.741 1.902 1.910 1.806 1.781 1.674 1.599 1.274 1.687 1.603 1.764 1.585 1.219 1.231 1.044 1.154 1.315 1.660 1.754 1.653 1.484 1.210 0.942 1.323 1.651 1.802 1.663 1.661 1.455 1.153 1.551 1.637 1.877 1.889 1.796 1.738 1.661 1.483 1.251 1.120 0.875 0.658 0.740 1.025 1.271 1.656 1.611 1.633 1.498 1.264 1.118 0.961 0.828 1.100 1.324 1.560 1.649 1.547 1.730 1.484
1.517 1.634 1.580 1.551 1.557 1.796 1.546 1.514 1.197 1.031 1.436 1.637 1.760 1.893 1.664 1.924 1.834 1.714 1.778 1.674 1.692 1.738 1.714 1.673 1.532 1.256 1.273 1.153 1.366 1.675 1.633 1.864 1.548 1.536 1.133 0.862 1.208 1.606 1.721 1.716 1.661 1.451 1.156 1.687 1.568 1.907 1.795 1.715 1.654 1.580 1.283 1.150 0.957 0.784 0.651 0.862 1.239 1.483 1.689 1.588 1.755 1.622 1.426 1.181 1.007 0.812 0.937 1.234 1.433 1.745 1.697 1.955 1.615
1.698 1.720 1.633 1.663 1.752 1.670 1.669 1.483 1.059 1.370 1.538 1.682 1.783 2.022 1.868 1.940 1.949 1.849 1.958 1.690 1.740 1.735 1.683 1.696 1.641 1.480 1.311 1.117 1.506 1.773 1.596 1.832 1.632 1.404 1.065 0.918 1.234 1.637 1.552 1.764 1.641 1.449 1.168 1.612 1.577 2.030 1.869 1.713 1.644 1.497 1.366 1.046 1.006 0.783 0.708 0.940 1.351 1.568 1.871 1.725 1.817 1.464 1.394 1.196 0.986 0.830 0.806 1.176 1.478 1.805 1.437 2.000 1.649
1.528 1.643 1.728 1.693 1.775 1.788 1.600 1.137 1.292 1.255 1.518 1.861 1.995 2.112 1.808 1.943 1.800 1.871 1.948 1.908 1.814 1.769 1.783 1.734 1.742 1.631 1.400 1.120 1.547 1.790 1.707 1.785 1.505 1.180 0.893 1.044 1.359 1.684 1.794 1.742 1.658 1.485 1.196 1.661 1.725 1.804 1.800 1.708 1.662 1.605 1.520 1.271 1.065 0.672 0.701 1.015 1.430 1.620 1.788 1.625 1.748 1.618 1.245 1.089 1.018 0.888 0.824 1.037 1.224 1.609 1.723 1.937 1.887
1.641 1.784 1.840 1.782 1.742 1.683 1.512 1.197 1.281 1.127 1.617 1.751 1.868 1.923 1.931 1.915 1.782 1.786 1.795 1.729 1.726 1.721 1.760 1.781 1.695 1.581 1.238 1.597 1.724 1.760 1.833 1.606 1.278 0.990 1.053 1.079 1.424 1.569 1.823 1.687 1.681 1.487 1.282 1.648 1.768 1.853 1.866 1.668 1.620 1.614 1.403 1.390 1.006 0.674 0.762 1.272 1.538 1.772 1.830 1.765 1.771 1.598 1.448 1.271 1.117 0.976 0.801 0.861 1.194 1.382 1.596 1.645 1.553
1.619 1.849 1.865 1.666 1.776 1.723 1.549 1.593 1.424 1.613 1.613 1.686 1.882 2.005 1.755 1.665 1.636 1.453 1.703 1.708 1.649 1.690 1.809 1.709 1.934 1.772 1.681 1.700 1.828 1.782 1.642 1.459 1.094 1.189 1.313 1.260 1.245 1.524 1.802 1.664 1.670 1.602 1.293 1.758 1.820 1.913 1.736 1.686 1.625 1.578 1.582 1.405 1.124 0.751 0.878 1.281 1.448 1.639 1.847 1.621 1.774 1.591 1.553 1.423 1.212 0.941 0.886 0.856 0.998 1.231 1.254 1.284 1.683
1.688 1.966 1.691 1.800 1.633 1.582 1.578 1.704 1.648 1.624 1.659 1.694 1.828 1.899 1.590 1.589 1.121 1.507 1.657 1.558 1.548 1.612 1.706 1.898 1.755 1.859 1.903 1.844 1.715 1.699 1.560 1.119 1.461 1.512 1.501 1.444 1.152 1.471 1.843 1.839 1.837 1.707 1.582 1.565 1.787 1.826 1.836 1.687 1.548 1.414 1.442 1.325 1.230 0.742 1.060 1.298 1.578 1.756 1.752 1.790 1.877 1.667 1.599 1.468 1.196 1.047 1.136 1.010 0.834 0.997 1.203 1.312 1.497
1.639 2.045 1.842 1.851 1.630 1.579 1.618 1.776 1.643 1.938 1.685 1.695 1.741 1.654 1.642 1.470 0.989 1.269 1.455 1.458 1.222 1.522 1.787 1.893 1.857 1.711 1.737 1.497 1.703 1.698 1.238 1.513 1.597 1.630 1.619 1.499 1.267 1.738 1.719 1.739 1.771 1.755 1.847 1.839 1.857 1.512 1.575 1.371 1.229 1.052 1.189 1.280 1.145 0.943 0.906 1.182 1.521 1.674 1.854 1.772 1.815 1.698 1.651 1.468 1.171 1.224 1.325 1.227 0.948 1.034 1.211 1.514 1.620
1.690 1.810 1.586 1.553 1.519 1.555 1.596 1.853 1.792 2.019 1.736 1.640 1.626 1.630 1.389 1.275 0.903 1.070 1.247 1.206 1.136 1.488 1.798 1.578 2.003 1.701 1.806 1.739 1.586 1.633 1.546 1.739 1.697 1.648 1.632 1.267 1.582 1.725 1.744 1.821 1.757 1.701 1.676 1.621 1.670 1.544 1.470 1.120 0.975 0.963 0.992 0.972 1.026 1.210 1.075 1.124 1.433 1.650 1.801 1.782 1.824 1.689 1.595 1.462 1.277 1.503 1.419 1.353 1.119 1.061 1.275 1.496 1.787
1.911 1.927 1.838 1.727 1.594 1.541 1.621 1.766 1.674 1.800 1.724 1.680 1.550 1.170 1.179 1.105 0.845 1.031 1.093 1.126 1.459 1.646 1.726 1.703 1.822 1.757 1.652 1.596 1.280 1.619 1.667 1.859 1.650 1.782 1.721 1.652 1.673 1.645 1.697 1.702 1.654 1.636 1.492 1.492 1.330 1.175 1.062 1.033 1.096 1.297 1.290 1.196 1.299 1.278 0.937 1.066 1.480 1.602 1.747 1.796 1.749 1.684 1.564 1.272 1.612 1.480 1.726 1.462 1.059 1.010 1.414 1.646 1.763
1.522 1.653 1.604 1.723 1.504 1.537 1.516 1.650 1.729 1.840 1.732 1.605 1.442 1.184 0.998 0.975 0.837 1.218 1.270 1.385 1.478 1.793 1.842 1.739 1.870 1.645 1.652 1.650 1.669 1.721 1.738 1.861 1.902 1.869 1.697 1.579 1.649 1.582 1.578 1.447 1.403 1.389 1.359 1.119 1.050 1.005 1.068 1.242 1.451 1.457 1.533 1.572 1.471 1.401 0.974 1.128 1.481 1.761 1.852 1.708 1.777 1.736 1.564 1.619 1.733 1.727 1.829 1.457 1.178 1.089 1.342 1.628 1.855
1.670 1.681 1.731 1.654 1.533 1.553 1.247 1.265 1.488 1.498 1.490 1.435 1.370 1.278 1.169 1.250 0.807 1.002 1.155 1.499 1.560 1.864 1.930 1.689 1.912 1.746 1.883 1.778 1.723 1.815 1.883 1.908 2.005 1.656 1.741 1.616 1.554 1.411 1.189 1.119 1.080 1.044 1.043 1.087 1.138 1.238 1.206 1.429 1.653 1.546 1.679 1.687 1.541 1.402 1.006 1.362 1.532 1.692 1.846 1.797 1.798 1.695 1.542 1.738 1.911 1.421 1.766 1.540 1.316 1.044 1.375 1.644 1.721
1.601 1.687 1.721 1.697 1.667 1.571 1.443 1.422 1.210 1.445 1.457 1.420 1.314 1.135 1.042 1.090 0.773 0.749 1.243 1.204 1.586 1.671 1.771 1.749 1.992 1.813 1.895 1.685 1.835 1.829 1.839 1.925 1.833 1.540 1.556 1.444 1.145 1.117 1.158 1.285 1.088 1.383 1.496 1.313 1.509 1.345 1.210 1.520 1.714 1.577 1.817 1.723 1.593 1.523 0.976 1.328 1.542 1.634 1.733 1.738 1.891 1.749 1.760 1.870 1.646 1.885 1.726 1.513 1.118 1.120 1.300 1.571 1.692
1.421 1.526 1.716 1.697 1.714 1.669 1.615 1.555 1.217 1.156 1.273 1.237 1.100 0.993 0.742 0.646 0.606 0.767 1.111 1.392 1.677 1.801 1.926 1.880 2.070 1.849 1.973 1.976 1.855 1.852 1.677 1.899 1.653 1.643 1.183 1.111 1.243 1.450 1.514 1.467 1.208 1.443 1.555 1.669 1.677 1.461 1.272 1.619 1.742 1.880 1.909 1.752 1.677 1.500 1.141 1.016 1.454 1.578 1.733 1.618 1.767 1.697 1.925 1.851 1.716 1.785 1.621 1.254 1.256 1.072 1.227 1.555 1.690
1.196 1.522 1.464 1.603 1.577 1.568 1.476 1.504 1.492 1.455 1.086 0.979 0.984 0.950 0.955 0.890 0.625 0.738 1.016 1.280 1.622 1.688 1.898 1.903 2.176 1.772 2.009 2.028 1.882 1.941 1.803 1.679 1.215 1.230 1.404 1.461 1.419 1.715 1.675 1.528 1.609 1.680 1.649 1.789 1.748 1.608 1.577 1.639 1.768 1.865 1.829 1.713 1.685 1.290 1.428 1.294 1.144 1.209 1.632 1.805 1.888 1.837 1.761 1.733 1.759 1.697 1.616 1.490 1.426 1.178 1.253 1.450 1.627
0.969 1.132 1.396 1.478 1.449 1.534 1.529 1.573 1.520 1.423 1.444 1.237 1.241 1.264 1.158 1.027 0.684 0.641 1.079 1.200 1.467 1.702 1.880 1.846 2.210 1.935 1.910 1.789 1.745 1.555 1.599 1.218 1.578 1.498 1.496 1.578 1.697 1.578 1.740 1.701 1.685 1.735 1.693 1.842 1.761 1.726 -999.000 -999.000 -999.000 -999.000 1.854 1.728 1.691 1.643 1.542 -999.000 -999.000 1.158 1.293 1.671 1.780 1.993 1.956 2.036 1.906 1.745 1.717 1.607 1.568 1.434 1.155 1.475 1.704
0.722 0.936 1.157 0.983 1.105 1.129 1.200 1.378 1.499 1.541 1.506 1.461 1.440 1.341 1.251 1.053 0.748 0.522 0.765 1.041 1.162 1.584 1.691 2.034 1.839 2.197 2.116 1.991 1.951 1.823 1.276 1.710 1.495 1.622 1.586 1.604 1.533 1.766 1.888 1.800 1.574 1.817 1.635 -999.000 -999.000 -999.000 -999.000 -999.000 -999.000 -999.000 1.766 1.707 1.727 1.622 -999.000 -999.000 -999.000 1.220 1.559 1.643 1.770 1.705 1.890 1.895 1.823 1.735 1.905 1.578 1.650 1.488 1.160 1.455 1.656
0.735 0.728 0.671 0.714 0.792 0.818 0.911 1.108 1.221 1.408 1.572 1.507 1.498 1.193 1.120 0.893 0.646 0.530 0.745 0.955 0.955 1.597 1.738 2.033 1.794 2.116 2.020 1.827 1.923 1.833 1.832 1.623 1.764 1.647 1.521 1.537 1.541 1.771 1.801 1.683 1.831 1.853 1.808 -999.000 -999.000 -999.000 -999.000 -999.000 -999.000 -999.000 -999.000 1.660 1.794 1.800 -999.000 -999.000 -999.000 1.420 1.278 1.566 1.722 1.837 1.820 2.047 1.768 1.895 1.982 1.800 1.793 1.584 1.211 1.480 1.565
1.046 0.804 0.698 0.816 0.517 0.534 0.730 0.814 0.937 1.077 1.370 1.507 1.386 1.103 0.746 0.606 0.478 0.516 0.783 1.213 1.501 1.535 1.622 1.910 1.731 1.959 1.921 1.930 2.020 1.658 1.735 1.888 1.821 1.652 1.265 1.417 1.515 1.718 1.587 1.886 1.772 1.930 1.853 -999.000 -999.000 -999.000 -999.000 -999.000 -999.000 -999.000 -999.000 -999.000 1.843 1.845 -999.000 -999.000 -999.000 1.453 1.256 1.504 1.637 1.644 1.787 1.919 1.962 2.120 2.090 1.820 1.821 1.646 1.412 1.236 1.508
1.242 0.965 0.933 0.886 0.783 0.588 0.494 0.621 0.829 1.068 1.380 1.406 1.215 1.027 0.822 0.530 0.399 0.555 1.016 1.351 1.585 1.663 1.679 1.629 1.706 1.763 1.933 1.887 1.921 2.039 1.919 1.765 1.744 1.566 1.438 1.185 1.211 1.548 1.640 1.805 1.826 1.843 1.876 -999.000 -999.000 -999.000 -999.000 -999.000 -999.000 -999.000 -999.000 -999.000 -999.000 -999.000 -999.000 -999.000 -999.000 1.474 1.205 1.398 1.610 1.611 1.648 1.694 1.828 1.659 1.901 1.847 1.818 1.675 1.580 1.303 1.262
1.496 1.243 1.255 0.971 0.980 0.978 0.731 0.456 0.738 1.055 1.307 1.316 1.145 0.963 0.774 0.574 0.385 0.601 1.153 1.327 1.764 1.680 1.651 1.501 1.239 1.499 1.745 1.977 1.824 1.821 1.828 1.650 1.738 1.663 1.467 1.143 1.143 1.280 1.684 1.707 1.880 1.824 -999.000 -999.000 -999.000 -999.000 -999.000 -999.000 -999.000 -999.000 -999.000 -999.000 -999.000 -999.000 -999.000 -999.000 -999.000 1.485 1.225 1.494 1.684 1.644 1.618 1.698 1.725 1.854 1.911 1.888 1.918 1.713 1.571 1.508 1.519
1.526 1.449 1.236 1.076 1.155 1.003 0.939 0.817 0.509 0.875 1.238 1.326 1.234 1.066 0.798 0.617 0.406 0.522 1.007 1.388 1.645 1.608 1.669 1.461 1.131 1.012 1.500 1.873 1.656 1.716 1.709 1.667 1.708 1.641 1.458 1.147 1.142 1.162 1.555 1.690 1.777 -999.000 -999.000 -999.000 -999.000 -999.000 -999.000 -999.000 -999.000 -999.000 -999.000 -999.000 -999.000 -999.000 -999.000 -999.000 -999.000 1.498 1.298 1.617 1.767 1.849 1.569 1.659 1.684 1.763 1.860 1.774 1.683 1.830 1.599 1.599 1.641
1.768 1.552 1.153 0.983 1.128 1.186 0.864 0.855 0.434 0.643 0.978 1.271 1.274 1.294 0.942 0.694 0.480 0.440 0.845 1.088 1.431 1.434 1.458 1.331 1.183 0.859 1.407 1.666 1.763 1.716 1.183 1.283 1.655 1.544 1.503 1.199 1.155 1.087 1.374 1.451 1.793 -999.000 -999.000 -999.000 -999.000 -999.000 -999.000 -999.000 -999.000 -999.000 -999.000 -999.000 -999.000 -999.000 -999.000 -999.000 -999.000 1.532 1.284 1.550 1.713 1.844 1.690 1.733 1.661 1.653 1.832 1.791 1.865 1.797 1.623 1.691 1.731
1.845 1.670 1.575 1.546 1.523 1.489 1.271 1.073 0.689 0.417 0.733 1.062 1.329 1.221 1.172 0.877 0.604 0.339 0.370 0.777 1.073 1.264 1.230 1.133 0.985 0.777 1.221 1.544 1.713 1.648 1.086 1.381 1.574 1.588 1.478 1.274 1.024 0.986 0.934 1.413 1.584 -999.000 -999.000 -999.000 -999.000 -999.000 -999.000 -999.000 -999.000 -999.000 -999.000 -999.000 -999.000 -999.000 -999.000 -999.000 -999.000 1.603 1.674 1.686 1.863 1.765 1.785 1.810 1.716 1.725 1.842 1.930 1.659 1.812 1.779 1.738 1.784
1.582 1.783 1.660 1.471 1.530 1.416 1.397 1.190 0.946 0.534 0.489 0.830 1.080 1.306 1.302 1.093 0.919 0.696 0.401 0.325 0.803 1.068 0.851 0.744 0.750 0.928 1.112 1.560 1.669 1.609 1.399 0.975 1.425 1.567 1.569 1.457 1.110 0.880 0.805 0.985 1.434 1.578 -999.000 -999.000 -999.000 -999.000 -999.000 -999.000 -999.000 -999.000 -999.000 -999.000 -999.000 -999.000 -999.000 -999.000 -999.000 1.719 1.674 1.676 1.787 1.766 1.809 1.809 1.813 1.821 1.863 2.012 1.778 1.831 1.753 1.687 1.694
1.767 1.684 1.868 1.698 1.659 1.447 1.197 0.967 0.710 0.544 0.317 0.543 0.910 1.153 1.266 1.294 1.115 0.851 0.523 0.318 0.560 0.787 0.664 0.796 0.976 1.217 1.254 1.677 1.806 1.507 1.404 0.955 1.411 1.378 1.687 1.514 1.361 1.270 0.928 0.763 1.128 1.446 1.665 -999.000 -999.000 -999.000 -999.000 -999.000 -999.000 -999.000 -999.000 -999.000 -999.000 -999.000 -999.000 -999.000 -999.000 1.834 1.793 1.643 1.777 1.655 1.816 1.880 1.902 1.942 1.920 1.889 1.765 1.736 1.698 1.627 1.572
1.734 1.670 1.821 1.650 1.506 1.226 0.912 0.659 0.958 0.803 0.492 0.306 0.677 0.939 1.169 1.183 1.228 0.965 0.568 0.260 0.380 0.693 0.890 1.077 0.992 1.232 1.359 1.515 1.710 1.684 1.422 0.984 1.286 1.372 1.602 1.476 1.466 1.145 0.772 0.604 0.949 1.212 1.627 -999.000 -999.000 -999.000 -999.000 -999.000 -999.000 -999.000 -999.000 -999.000 -999.000 -999.000 -999.000 -999.000 -999.000 1.922 1.768 1.679 1.759 1.756 1.859 1.948 1.857 1.944 1.880 1.879 1.695 1.630 1.621 1.477 1.206
1.498 1.524 1.665 1.584 1.522 1.194 1.209 1.186 1.186 0.708 0.638 0.288 0.316 0.733 0.974 1.046 1.161 1.017 0.602 0.278 0.309 0.645 0.964 1.104 1.223 1.420 1.615 1.832 1.684 1.505 1.350 0.949 1.064 1.118 1.689 1.684 1.487 1.153 0.784 0.542 0.875 1.336 1.529 -999.000 -999.000 -999.000 -999.000 -999.000 -999.000 -999.000 -999.000 -999.000 -999.000 -999.000 -999.000 -999.000 -999.000 -999.000 1.787 1.759 1.762 1.765 1.765 2.018 1.965 1.894 1.932 1.914 1.776 1.682 1.530 1.355 1.004
1.549 1.665 1.565 1.385 1.240 1.231 1.463 1.186 1.124 1.173 1.011 0.600 0.249 0.326 0.687 0.910 1.024 1.024 0.640 0.248 0.247 0.760 0.859 1.136 1.246 1.294 1.441 1.484 1.521 1.634 1.139 0.875 1.209 1.405 1.472 1.542 1.419 1.244 0.839 0.540 0.770 1.241 1.480 -999.000 -999.000 -999.000 -999.000 -999.000 -999.000 -999.000 -999.000 -999.000 -999.000 -999.000 -999.000 -999.000 -999.000 1.874 1.906 1.764 1.818 1.865 1.996 1.948 1.926 2.110 1.948 1.690 1.713 1.463 1.410 1.304 0.990
1.565 1.572 1.100 1.184 1.030 1.009 1.360 1.397 1.582 1.201 1.139 0.627 0.562 0.233 0.266 0.607 0.896 0.988 0.558 0.248 0.300 0.531 0.668 0.600 0.784 1.015 1.216 1.546 1.512 1.443 1.084 0.884 1.202 1.737 1.713 1.659 1.447 0.981 0.821 0.467 0.772 1.273 1.624 -999.000 -999.000 -999.000 -999.000 -999.000 -999.000 -999.000 -999.000 -999.000 -999.000 -999.000 -999.000 -999.000 -999.000 -999.000 1.880 1.757 1.903 1.757 1.906 1.799 1.873 1.720 1.695 1.648 1.537 1.527 1.272 1.201 0.996
