Source/.svn/pristine/ea/ea4f1905ebce819f15d6a572c20b8f0815fa8ad9.svn-base
ncols               386
nrows               229
xllcorner    479497.492
yllcorner     73502.967
cellsize       1000.000
NODATA_value -999
[rows 93 to 123 of 229, columns 284 to 354 of 386]
2.649 3.387 2.467 6.783 11.831 12.156 8.824 4.587 2.265 5.444 8.785 4.117 6.896 10.783 8.989 5.660 2.360 2.642 3.190 2.844 2.747 4.639 -999.000 -999.000 -999.000 -999.000 -999.000 -999.000 -999.000 -999.000 -999.000 -999.000 -999.000 -999.000 -999.000 -999.000 -999.000 -999.000 -999.000 -999.000 -999.000 -999.000 -999.000 -999.000 -999.000 -999.000 -999.000 -999.000 -999.000 -999.000 -999.000 -999.000 -999.000 -999.000 -999.000 -999.000 -999.000 -999.000 -999.000 -999.000 9.480 8.412 -999.000 -999.000 -999.000 -999.000 -999.000 -999.000 -999.000 -999.000 -999.000
5.955 4.606 6.770 9.790 15.290 15.880 10.542 5.168 4.013 7.883 12.300 7.660 12.825 10.251 4.843 4.306 1.924 5.088 1.835 1.877 4.135 2.178 4.027 -999.000 -999.000 -999.000 -999.000 -999.000 -999.000 -999.000 -999.000 -999.000 -999.000 -999.000 -999.000 -999.000 -999.000 -999.000 -999.000 -999.000 -999.000 -999.000 -999.000 -999.000 -999.000 -999.000 -999.000 -999.000 -999.000 -999.000 -999.000 -999.000 -999.000 -999.000 -999.000 -999.000 -999.000 -999.000 8.392 7.605 5.844 9.776 2.143 -999.000 -999.000 -999.000 -999.000 -999.000 -999.000 -999.000 -999.000
11.792 10.502 11.053 13.067 16.925 13.708 13.489 11.070 8.633 10.534 11.318 12.912 13.398 10.939 7.171 7.019 2.578 4.719 2.293 5.129 2.570 2.746 3.849 -999.000 -999.000 -999.000 -999.000 -999.000 -999.000 -999.000 -999.000 -999.000 -999.000 -999.000 -999.000 -999.000 -999.000 -999.000 -999.000 -999.000 -999.000 -999.000 -999.000 -999.000 -999.000 -999.000 -999.000 -999.000 -999.000 -999.000 -999.000 -999.000 -999.000 -999.000 -999.000 -999.000 -999.000 10.821 8.827 4.443 3.896 2.774 5.945 2.550 -999.000 -999.000 -999.000 -999.000 -999.000 -999.000 -999.000
14.236 14.918 15.685 16.908 19.441 18.826 16.734 15.554 14.548 16.320 17.606 15.208 12.914 12.411 10.335 5.365 2.397 2.619 4.725 4.896 2.097 3.097 -999.000 -999.000 -999.000 -999.000 -999.000 -999.000 -999.000 -999.000 -999.000 -999.000 -999.000 -999.000 -999.000 -999.000 -999.000 -999.000 -999.000 -999.000 -999.000 -999.000 -999.000 -999.000 -999.000 -999.000 -999.000 -999.000 -999.000 -999.000 -999.000 -999.000 -999.000 -999.000 -999.000 -999.000 -999.000 9.248 5.656 4.995 5.068 2.643 4.426 5.409 -999.000 -999.000 -999.000 -999.000 -999.000 -999.000 -999.000
21.838 19.523 19.183 20.420 20.827 20.746 19.091 18.716 19.662 17.520 14.016 10.744 7.947 7.058 7.183 6.989 6.971 8.157 7.602 4.754 1.830 4.385 -999.000 -999.000 -999.000 -999.000 -999.000 -999.000 -999.000 -999.000 -999.000 -999.000 -999.000 -999.000 -999.000 -999.000 -999.000 -999.000 -999.000 -999.000 -999.000 -999.000 -999.000 -999.000 -999.000 -999.000 -999.000 -999.000 -999.000 -999.000 -999.000 -999.000 -999.000 -999.000 -999.000 -999.000 -999.000 6.915 5.258 1.871 3.498 4.657 4.022 5.512 6.983 -999.000 -999.000 -999.000 -999.000 -999.000 -999.000
22.526 15.446 19.279 17.364 17.264 13.893 15.439 17.712 18.311 15.203 10.045 8.120 5.876 2.329 2.968 4.451 9.177 6.903 2.336 3.842 2.053 5.061 -999.000 -999.000 -999.000 -999.000 -999.000 -999.000 -999.000 -999.000 -999.000 -999.000 -999.000 -999.000 -999.000 -999.000 -999.000 -999.000 -999.000 -999.000 -999.000 -999.000 -999.000 -999.000 -999.000 -999.000 -999.000 -999.000 -999.000 -999.000 -999.000 -999.000 -999.000 -999.000 -999.000 11.897 10.074 12.497 3.259 3.835 2.467 2.673 1.944 3.604 2.202 4.405 7.295 8.364 -999.000 -999.000 -999.000
21.791 15.795 15.644 14.001 10.647 9.173 6.325 9.813 15.683 19.055 14.158 11.057 10.459 5.635 2.695 3.896 9.996 7.208 1.839 2.216 2.468 2.930 -999.000 -999.000 -999.000 -999.000 -999.000 -999.000 -999.000 -999.000 -999.000 -999.000 -999.000 -999.000 -999.000 -999.000 -999.000 -999.000 -999.000 -999.000 -999.000 -999.000 -999.000 -999.000 -999.000 -999.000 -999.000 -999.000 -999.000 -999.000 -999.000 -999.000 -999.000 -999.000 -999.000 7.188 3.277 2.404 2.406 2.013 6.852 3.954 1.962 1.625 7.370 6.925 1.813 6.026 -999.000 -999.000 -999.000
19.574 15.614 14.045 10.754 5.962 5.658 6.386 8.172 14.339 19.029 17.231 11.907 6.363 2.976 5.164 7.094 10.864 4.542 2.003 2.916 5.317 2.291 6.703 -999.000 -999.000 -999.000 -999.000 -999.000 -999.000 -999.000 -999.000 -999.000 -999.000 -999.000 -999.000 -999.000 -999.000 -999.000 -999.000 -999.000 -999.000 -999.000 -999.000 -999.000 -999.000 -999.000 -999.000 -999.000 -999.000 -999.000 -999.000 -999.000 -999.000 -999.000 -999.000 -999.000 5.743 1.555 7.535 2.668 11.494 3.406 4.964 6.253 10.060 14.147 9.694 4.734 11.272 -999.000 -999.000
16.427 12.867 14.790 9.937 5.341 4.308 6.959 11.572 16.369 18.548 16.586 9.685 8.464 8.040 8.682 12.514 8.427 1.876 4.310 3.429 9.307 9.433 11.067 5.670 -999.000 -999.000 -999.000 -999.000 -999.000 -999.000 -999.000 -999.000 -999.000 -999.000 -999.000 -999.000 -999.000 -999.000 -999.000 -999.000 -999.000 -999.000 -999.000 -999.000 -999.000 -999.000 -999.000 -999.000 -999.000 -999.000 7.501 2.103 5.419 9.696 -999.000 17.106 13.352 3.706 7.556 3.771 12.105 3.270 5.964 11.342 12.533 8.077 3.310 5.347 11.388 -999.000 -999.000
15.623 9.065 12.853 9.730 6.160 5.740 8.315 13.739 15.217 17.851 18.728 15.019 12.669 12.059 13.595 10.989 8.012 3.979 2.244 2.780 4.413 7.479 6.293 4.301 3.702 -999.000 -999.000 -999.000 -999.000 -999.000 -999.000 -999.000 -999.000 -999.000 -999.000 -999.000 -999.000 -999.000 -999.000 -999.000 -999.000 -999.000 -999.000 -999.000 -999.000 -999.000 -999.000 -999.000 -999.000 -999.000 6.922 3.337 8.252 9.933 8.961 5.533 9.474 9.369 4.804 5.252 8.800 4.301 7.944 11.155 7.466 3.666 2.082 7.594 -999.000 -999.000 -999.000
9.621 9.284 10.914 8.600 4.020 6.766 9.206 14.179 13.194 13.917 16.060 17.237 16.684 15.823 15.634 14.640 13.385 10.764 6.540 4.026 3.435 4.729 3.754 1.850 3.219 2.494 8.169 8.484 11.753 10.178 -999.000 -999.000 -999.000 -999.000 -999.000 -999.000 -999.000 -999.000 -999.000 -999.000 -999.000 -999.000 -999.000 -999.000 -999.000 -999.000 -999.000 -999.000 -999.000 -999.000 8.016 3.998 7.243 7.920 4.514 5.835 8.550 15.366 11.895 8.345 15.733 9.473 14.686 11.308 6.018 2.573 5.002 8.598 -999.000 -999.000 -999.000
12.156 5.396 8.334 9.160 3.130 3.608 8.086 11.843 10.796 8.930 10.221 12.490 15.337 15.601 14.511 15.064 16.156 15.175 11.788 7.520 2.650 2.073 2.824 3.098 2.004 3.754 1.875 3.723 4.773 4.437 8.533 -999.000 -999.000 -999.000 -999.000 -999.000 -999.000 -999.000 -999.000 -999.000 -999.000 -999.000 -999.000 -999.000 -999.000 -999.000 -999.000 -999.000 -999.000 12.133 8.231 5.539 7.396 7.847 5.822 1.813 6.973 9.559 8.947 9.790 14.459 13.214 7.432 4.505 2.369 2.565 6.843 11.395 -999.000 -999.000 -999.000
12.222 4.009 4.741 8.948 4.413 3.038 4.956 8.986 10.558 4.319 5.593 7.876 12.850 7.837 8.892 10.297 12.686 14.415 15.018 12.963 8.343 4.726 3.134 6.650 3.632 3.573 2.072 1.955 2.833 2.150 6.780 8.301 6.431 9.391 -999.000 -999.000 -999.000 -999.000 -999.000 -999.000 -999.000 -999.000 -999.000 -999.000 -999.000 -999.000 -999.000 -999.000 -999.000 14.068 9.825 5.491 11.961 13.418 7.977 5.498 1.856 3.649 5.244 9.295 12.016 9.184 3.557 2.057 4.014 6.932 10.342 -999.000 -999.000 -999.000 -999.000
11.023 6.015 2.668 7.124 3.953 2.068 1.881 7.582 9.940 1.817 1.761 5.200 8.616 4.373 4.257 6.260 7.732 9.807 11.998 14.784 13.845 10.896 9.599 6.849 2.178 6.397 5.783 7.528 8.341 3.187 4.426 10.145 6.422 14.713 14.663 -999.000 -999.000 -999.000 -999.000 -999.000 -999.000 -999.000 -999.000 -999.000 -999.000 -999.000 -999.000 -999.000 -999.000 -999.000 10.516 11.057 13.401 6.035 3.461 6.777 2.291 2.077 4.137 6.953 8.912 3.409 3.374 3.176 6.441 9.265 11.096 -999.000 -999.000 -999.000 -999.000
9.581 8.056 1.860 3.833 1.759 2.781 3.320 7.241 4.228 1.668 2.792 2.893 4.266 2.001 1.851 3.585 5.419 6.661 8.062 9.493 11.968 13.442 12.488 9.096 5.541 5.287 7.658 5.787 12.908 12.027 7.639 11.536 2.302 5.955 9.345 10.832 -999.000 -999.000 -999.000 -999.000 -999.000 -999.000 -999.000 -999.000 -999.000 -999.000 -999.000 -999.000 -999.000 16.103 13.228 11.072 8.197 2.343 1.797 2.038 3.171 3.983 2.007 6.963 11.110 2.022 2.947 5.754 9.893 13.665 10.657 5.007 -999.000 -999.000 -999.000
5.814 2.527 1.587 3.546 3.281 1.561 3.807 1.706 1.587 3.461 1.964 2.523 2.277 1.620 2.292 1.715 3.274 2.935 3.223 3.636 7.146 8.971 12.060 11.484 8.357 4.923 4.150 3.913 2.758 5.502 6.817 7.457 2.304 5.186 4.600 10.301 -999.000 -999.000 -999.000 -999.000 -999.000 -999.000 -999.000 -999.000 -999.000 -999.000 15.472 19.657 11.732 13.114 12.677 14.504 9.311 3.879 8.199 4.997 3.990 4.772 3.822 7.417 5.714 2.053 6.474 9.125 13.396 9.935 5.095 1.607 -999.000 -999.000 -999.000
2.933 3.382 2.970 3.808 5.054 3.400 4.590 4.130 2.645 3.984 1.816 1.686 3.358 5.455 5.210 2.628 1.951 1.832 2.721 2.011 1.709 5.477 9.803 12.058 11.534 10.614 9.572 8.430 7.477 3.547 4.520 4.364 5.026 3.464 5.012 6.639 8.322 9.411 13.642 -999.000 -999.000 -999.000 -999.000 -999.000 -999.000 16.762 15.186 8.668 9.213 4.730 9.827 12.031 6.987 11.750 12.457 5.317 2.724 6.752 3.521 2.170 2.303 3.864 6.338 11.150 13.131 5.196 1.534 9.076 -999.000 -999.000 -999.000
3.536 3.783 3.318 1.899 2.216 2.019 1.867 2.113 2.156 2.732 4.031 4.541 4.530 3.239 1.908 2.717 3.098 4.979 4.434 3.954 3.546 2.351 8.627 7.175 8.276 7.516 6.191 5.194 8.581 6.427 1.832 2.088 5.435 2.762 5.277 4.627 9.916 12.153 14.227 14.494 -999.000 12.405 16.892 16.722 14.549 12.056 9.211 3.687 4.644 7.758 8.937 11.069 11.902 12.275 6.839 12.096 5.194 5.624 8.234 6.772 5.720 7.660 7.699 13.434 10.526 2.021 3.870 -999.000 -999.000 -999.000 -999.000
9.233 10.459 3.913 6.745 3.890 4.261 4.622 3.363 2.312 1.898 3.951 2.877 1.949 2.332 3.088 3.538 4.724 8.630 4.846 1.886 3.386 5.889 6.752 2.453 1.795 1.604 3.683 5.689 5.109 4.211 5.295 4.358 6.281 5.766 5.623 12.800 12.214 10.933 14.581 14.057 13.974 9.375 6.971 12.553 8.758 8.812 9.127 2.732 10.514 7.531 14.156 7.059 8.637 8.784 6.055 3.802 3.150 2.322 2.958 8.344 12.184 13.088 12.714 10.343 3.561 4.623 9.725 -999.000 -999.000 -999.000 -999.000
12.736 13.803 12.472 11.177 9.427 8.018 7.549 7.412 6.127 2.483 1.948 1.896 3.972 3.672 6.525 8.867 11.693 7.717 6.945 1.880 4.682 5.718 4.619 4.469 2.777 7.629 8.012 5.637 1.769 3.319 6.001 9.221 10.498 10.934 12.738 9.266 10.023 16.023 11.139 12.589 16.645 6.294 6.663 13.014 11.113 4.736 5.533 2.379 10.341 13.594 14.516 7.302 3.849 3.983 2.966 2.054 3.702 5.287 6.968 9.925 13.458 10.092 5.731 5.614 1.877 3.923 7.327 -999.000 -999.000 -999.000 -999.000
17.645 17.001 16.296 15.474 14.132 12.427 11.717 10.540 9.556 6.349 3.795 4.053 2.096 4.247 5.453 5.058 8.052 8.223 8.723 2.486 5.374 5.578 1.844 3.626 1.948 3.960 10.306 6.933 5.915 1.792 2.638 6.967 3.862 4.016 3.866 5.950 9.559 12.138 4.901 15.155 13.311 8.615 4.042 5.833 10.767 9.963 6.733 1.893 4.358 8.605 10.987 6.466 3.375 2.855 3.118 5.073 6.933 9.228 11.184 12.506 10.623 4.170 2.982 1.865 2.381 3.425 8.312 -999.000 -999.000 -999.000 -999.000
11.782 12.921 14.934 14.579 13.601 11.929 11.190 9.342 9.753 10.075 9.738 7.320 4.323 2.493 1.767 3.886 4.896 6.658 3.855 3.260 6.085 3.450 3.814 4.064 6.255 4.566 6.811 12.884 12.189 5.889 1.960 1.963 10.850 14.260 12.135 11.841 15.026 9.305 2.481 6.392 13.845 15.076 2.207 5.203 8.568 14.706 8.043 2.391 3.645 5.475 3.380 3.271 2.255 3.888 8.403 8.635 11.303 12.681 11.714 7.904 9.745 3.494 3.598 14.419 4.308 6.044 -999.000 -999.000 -999.000 -999.000 -999.000
7.132 7.891 10.622 10.929 7.776 5.486 4.726 2.516 3.430 9.460 5.772 2.271 1.928 1.656 3.977 9.437 5.966 2.398 2.084 5.223 6.014 5.845 4.299 2.573 2.822 6.838 8.401 9.629 10.841 5.247 1.648 2.397 3.698 7.605 10.694 10.041 10.789 12.913 3.080 4.541 10.339 10.713 3.803 2.979 9.651 7.786 9.173 2.798 2.023 2.317 3.262 3.899 4.274 7.339 10.439 11.947 11.383 10.180 5.981 3.060 2.155 7.555 3.677 11.400 7.818 -999.000 -999.000 -999.000 -999.000 -999.000 -999.000
1.982 4.050 6.410 2.875 1.957 2.268 1.910 1.731 2.784 8.926 4.381 2.438 1.982 3.874 4.635 4.963 3.012 2.205 5.247 6.537 5.506 2.399 3.273 3.467 2.587 3.329 6.249 10.596 13.901 9.490 2.611 9.311 7.148 5.267 9.443 9.446 10.188 17.819 9.155 2.505 10.971 12.148 2.063 2.411 5.370 3.349 3.993 2.108 2.709 4.436 5.800 7.713 9.852 10.952 11.540 9.418 8.623 6.500 1.815 4.715 1.677 6.568 4.142 2.187 10.628 -999.000 -999.000 -999.000 -999.000 -999.000 -999.000
4.154 3.436 2.411 1.786 6.496 5.923 2.593 2.481 4.751 8.125 2.324 1.748 5.681 8.363 9.507 5.857 2.707 4.007 6.625 2.474 2.065 5.241 1.893 7.189 4.515 1.865 3.886 6.093 11.785 8.993 7.071 15.334 5.071 9.743 12.942 8.784 6.725 13.032 10.678 2.840 6.708 4.084 2.123 2.796 2.801 3.044 3.155 4.244 5.836 8.635 8.799 10.186 8.519 7.434 9.409 7.320 4.862 2.951 2.288 9.057 1.504 1.963 3.571 3.622 3.833 9.141 -999.000 -999.000 -999.000 -999.000 -999.000
3.629 7.075 1.603 2.019 6.112 3.005 1.836 3.898 5.508 4.948 1.592 3.482 8.123 6.652 6.875 4.748 2.219 6.037 5.350 1.776 7.451 1.946 4.655 2.978 7.936 6.201 2.013 6.261 9.931 8.228 8.961 11.858 6.046 10.227 10.595 11.668 4.930 3.005 3.715 3.311 3.602 5.420 6.530 6.079 6.386 7.763 8.102 8.021 8.123 9.362 8.825 8.079 6.850 5.061 8.486 1.812 4.262 4.003 15.801 16.441 1.465 1.992 9.136 1.560 3.365 9.245 -999.000 -999.000 -999.000 -999.000 -999.000
5.406 5.799 1.485 7.822 3.066 1.722 3.113 4.523 6.024 1.985 7.653 8.090 10.137 5.666 2.649 1.926 3.698 6.470 2.316 2.910 8.654 5.471 2.170 2.356 6.350 10.492 5.494 3.607 8.040 12.188 12.041 8.020 6.333 3.710 7.763 10.284 15.013 6.244 4.816 5.149 8.049 8.477 7.745 7.544 6.558 7.008 5.598 6.205 7.629 4.783 4.149 5.436 4.157 2.657 4.043 3.487 6.939 10.819 10.539 15.090 13.653 8.601 9.329 7.169 6.277 8.022 -999.000 -999.000 -999.000 -999.000 -999.000
2.816 8.099 3.851 5.119 2.538 1.941 1.862 2.078 4.018 8.720 4.259 11.022 4.480 5.133 3.144 4.065 6.856 5.359 5.077 1.983 5.739 10.953 4.480 3.091 2.282 8.828 8.080 5.120 8.845 18.837 10.722 16.883 12.242 5.277 4.195 4.035 4.609 2.123 5.898 7.121 6.306 2.703 2.349 2.178 2.525 3.725 1.783 3.864 2.319 1.992 5.251 1.702 1.437 13.294 1.818 2.685 5.526 7.770 13.372 12.751 12.228 11.882 10.655 5.282 5.243 -999.000 -999.000 -999.000 -999.000 -999.000 -999.000
1.974 8.158 10.908 7.774 2.706 2.367 6.805 3.876 1.723 3.737 7.575 7.713 7.394 3.279 3.648 6.204 6.124 1.885 2.272 3.713 2.894 6.997 5.285 4.891 2.474 4.688 9.966 6.884 8.948 15.485 8.112 9.440 2.628 2.211 1.810 2.695 4.365 5.206 6.820 3.218 3.296 7.078 1.706 10.319 1.936 6.977 6.061 2.982 6.421 1.526 1.983 4.449 5.670 20.340 2.450 4.290 1.896 9.220 13.951 11.903 14.716 12.971 10.681 9.318 -999.000 -999.000 -999.000 -999.000 -999.000 -999.000 -999.000
1.643 8.470 8.918 3.686 3.652 7.539 1.441 3.496 4.360 3.829 7.694 4.050 1.701 2.212 4.261 7.555 3.824 2.102 2.537 3.805 2.123 6.175 7.871 12.107 2.498 1.924 7.581 15.504 9.061 5.790 4.680 1.678 5.051 7.295 12.749 9.922 8.314 2.024 7.919 2.300 6.903 10.256 3.900 12.997 4.637 11.835 5.840 2.944 9.145 2.625 3.964 12.151 15.170 18.213 4.515 5.448 2.943 7.297 6.452 3.099 9.608 14.620 15.857 -999.000 -999.000 -999.000 -999.000 -999.000 -999.000 -999.000 -999.000
3.316 12.060 10.703 12.341 9.015 5.258 1.553 7.304 11.300 12.161 5.497 5.524 5.730 2.366 3.800 7.238 2.661 3.481 6.183 1.723 2.042 4.231 11.730 5.753 6.153 1.763 6.048 14.216 12.144 9.374 9.258 2.665 9.720 9.727 13.380 12.061 7.862 2.684 7.603 1.916 6.823 11.382 9.684 10.022 12.303 13.803 5.243 4.148 11.324 9.078 1.637 8.203 14.836 11.809 1.800 4.855 2.765 4.083 1.827 3.364 3.092 4.645 5.133 10.501 -999.000 -999.000 -999.000 -999.000 -999.000 -999.000 -999.000
