Source/.svn/pristine/ea/ea4f1905ebce819f15d6a572c20b8f0815fa8ad9.svn-base
ncols               386
nrows               229
xllcorner    479497.492
yllcorner     73502.967
cellsize       1000.000
NODATA_value -999
[rows 155 to 185 of 229, columns 142 to 212 of 386]
13.548 15.567 13.662 11.837 6.079 6.346 9.431 11.682 13.792 15.182 15.375 13.501 14.645 8.018 11.616 13.565 12.409 12.202 13.344 15.788 16.189 28.567 18.345 19.981 18.284 10.197 5.756 4.883 8.480 15.446 6.515 7.598 1.930 9.349 11.426 8.258 1.921 1.959 3.842 9.901 11.350 11.668 7.163 2.208 1.558 6.154 7.831 6.224 1.496 1.983 1.814 6.751 7.828 2.839 1.614 1.800 1.710 1.355 3.164 5.236 7.021 6.513 8.033 8.768 4.904 5.165 5.288 5.668 2.017 1.287 7.023
10.150 18.348 5.094 3.786 4.478 8.396 13.561 15.800 13.930 13.189 9.067 7.528 13.297 3.119 11.561 8.925 7.069 8.661 19.614 15.942 20.043 24.662 16.621 12.068 22.233 13.438 5.013 4.881 7.629 12.657 6.564 3.401 2.142 11.084 7.590 5.559 2.274 6.703 8.983 11.717 11.486 10.068 4.226 4.678 2.448 5.063 6.831 3.221 8.036 6.141 4.280 5.506 5.134 6.886 -999.000 -999.000 3.005 3.333 6.430 5.088 4.448 4.656 10.178 5.103 2.172 2.389 1.551 1.705 5.737 1.144 1.228
5.822 6.568 5.448 4.284 8.217 14.383 14.363 13.039 7.999 13.338 5.597 4.053 9.165 3.629 3.985 3.514 6.473 18.878 15.424 10.365 16.379 23.761 15.325 7.729 7.669 19.780 6.316 4.140 5.253 8.776 5.885 4.050 2.262 6.369 5.815 2.352 4.452 9.106 12.492 11.511 7.493 6.879 1.740 3.886 3.223 4.089 9.644 12.194 7.732 5.110 -999.000 -999.000 -999.000 -999.000 -999.000 -999.000 -999.000 10.614 8.819 4.630 4.872 2.073 4.193 7.948 7.859 2.463 4.171 4.542 4.452 6.357 2.316
8.592 7.015 6.075 4.286 15.503 14.396 9.116 9.848 8.457 4.194 4.439 4.704 3.274 3.893 2.621 5.554 12.386 18.847 19.475 8.309 9.178 15.480 18.077 11.317 5.409 5.632 6.285 3.615 4.857 5.471 4.489 5.475 7.785 3.155 3.304 4.098 9.417 12.604 11.070 8.318 1.961 1.835 5.156 4.809 8.968 7.832 10.597 8.845 -999.000 -999.000 -999.000 -999.000 -999.000 -999.000 -999.000 -999.000 -999.000 13.044 6.820 4.886 1.532 2.841 2.810 8.733 6.255 1.883 1.591 8.385 1.636 3.947 3.791
5.490 3.650 4.382 13.052 11.411 9.983 4.636 3.429 4.356 3.686 4.882 5.733 4.638 2.360 4.381 12.591 11.834 12.599 14.797 6.718 7.799 16.223 22.083 17.652 18.413 6.604 2.565 2.977 5.991 5.291 4.511 5.716 11.790 7.912 4.320 8.168 12.835 11.087 5.144 2.001 2.584 5.488 3.410 2.265 6.207 13.199 13.513 12.601 -999.000 -999.000 -999.000 -999.000 -999.000 -999.000 -999.000 -999.000 -999.000 5.909 2.707 2.219 2.448 6.776 2.505 9.001 4.266 2.957 5.060 10.730 1.633 4.331 2.345
4.492 10.542 12.998 7.934 8.182 5.837 4.172 4.816 6.248 8.194 6.215 2.797 4.744 5.739 14.071 9.426 8.730 7.801 11.377 6.282 10.968 21.017 16.802 12.499 11.711 2.286 2.275 2.335 7.744 7.208 3.064 5.927 13.599 11.974 8.902 13.172 9.392 4.958 1.951 3.536 4.284 7.391 2.008 1.893 7.547 -999.000 -999.000 -999.000 -999.000 -999.000 -999.000 -999.000 -999.000 -999.000 -999.000 -999.000 -999.000 8.340 7.828 4.385 2.609 9.243 3.014 5.178 3.897 1.400 3.591 10.819 9.404 1.915 1.806
10.352 8.837 8.298 5.431 3.779 4.553 6.227 9.501 8.294 3.494 3.009 4.381 9.672 26.236 17.953 12.897 18.022 6.357 5.660 4.516 4.154 11.172 10.244 7.986 3.632 2.504 2.221 5.451 6.280 4.689 3.356 7.891 14.315 12.729 14.386 10.818 4.256 2.275 3.129 6.076 6.501 9.958 10.636 4.359 10.820 -999.000 -999.000 -999.000 -999.000 -999.000 -999.000 -999.000 -999.000 -999.000 -999.000 -999.000 -999.000 -999.000 14.400 11.643 1.763 10.749 12.831 7.598 3.169 3.503 3.004 9.107 15.131 13.521 11.575
7.120 5.003 5.079 4.122 5.314 8.569 10.768 7.310 2.804 6.454 9.371 15.367 20.342 12.962 16.712 21.354 23.643 14.578 12.356 8.865 5.393 2.920 4.525 3.356 4.111 3.094 2.450 7.761 4.176 2.371 5.687 11.150 15.672 15.016 10.288 5.746 2.337 4.354 4.735 2.090 7.194 12.491 13.777 15.975 -999.000 -999.000 -999.000 -999.000 -999.000 -999.000 -999.000 -999.000 -999.000 -999.000 -999.000 -999.000 -999.000 -999.000 11.188 4.586 3.108 10.382 15.528 8.183 2.786 2.002 1.537 6.016 11.648 10.841 12.446
4.180 3.859 6.644 8.156 11.301 10.457 6.411 2.838 4.818 8.364 15.741 13.611 17.350 10.121 12.443 10.185 13.616 18.784 11.853 10.673 13.800 2.534 4.569 5.775 4.990 2.321 2.678 2.411 2.879 4.733 10.365 14.076 16.056 12.866 6.923 4.852 2.437 1.970 1.817 5.211 9.208 7.629 7.850 8.224 10.298 11.252 -999.000 -999.000 -999.000 -999.000 -999.000 -999.000 -999.000 -999.000 -999.000 -999.000 -999.000 -999.000 6.051 1.438 2.559 2.926 12.610 14.965 7.735 1.524 1.301 4.984 1.941 3.218 9.753
5.423 3.727 7.861 12.277 8.238 4.351 2.750 5.483 12.264 17.145 22.815 13.005 8.259 6.164 13.085 3.195 12.992 11.822 6.757 6.220 6.960 4.019 7.985 4.517 2.397 2.508 3.495 3.260 6.988 10.159 13.934 16.641 14.497 7.749 7.740 3.881 2.642 2.967 9.173 3.950 5.177 5.780 2.518 6.378 6.450 8.887 -999.000 -999.000 -999.000 -999.000 -999.000 -999.000 -999.000 -999.000 -999.000 -999.000 -999.000 9.618 2.385 1.868 3.553 2.494 8.744 18.056 10.344 2.193 4.923 1.366 3.343 3.302 4.351
6.593 3.651 8.866 8.794 3.624 3.423 6.130 14.847 13.499 10.367 14.769 13.041 13.670 3.068 13.523 4.101 6.779 9.738 2.600 3.694 3.633 6.169 7.151 2.665 3.650 4.511 8.007 9.442 13.817 14.453 17.146 15.828 15.599 13.352 8.501 4.092 4.294 2.241 2.411 2.798 2.068 1.993 2.683 1.731 6.003 9.467 -999.000 -999.000 -999.000 -999.000 -999.000 -999.000 -999.000 -999.000 -999.000 -999.000 -999.000 -999.000 3.683 4.783 1.813 4.094 6.729 15.902 11.833 8.847 2.670 2.053 2.866 3.835 4.355
3.636 3.341 9.168 7.296 4.200 8.786 13.628 13.240 7.586 4.656 9.721 7.056 4.168 2.994 6.938 4.091 2.958 6.636 2.538 3.022 4.298 5.965 5.590 4.908 6.944 9.727 13.462 17.005 17.486 17.350 15.745 11.672 8.002 11.867 3.560 3.939 5.419 7.363 6.313 5.408 4.133 1.959 3.428 2.554 4.455 -999.000 -999.000 -999.000 -999.000 -999.000 -999.000 -999.000 -999.000 -999.000 -999.000 -999.000 -999.000 -999.000 2.367 2.054 1.857 2.560 6.774 16.950 19.259 15.980 10.565 11.569 1.805 5.966 10.232
8.652 3.255 9.454 8.554 3.265 14.381 7.778 14.134 3.350 2.895 10.638 3.883 5.967 5.584 11.261 4.737 5.152 7.515 2.952 4.580 9.070 11.655 4.374 6.694 11.991 16.726 18.741 15.723 14.710 14.132 10.215 6.024 3.520 7.125 9.762 10.090 9.000 5.466 6.859 1.800 5.414 7.026 -999.000 -999.000 -999.000 -999.000 -999.000 -999.000 -999.000 -999.000 -999.000 -999.000 -999.000 -999.000 -999.000 -999.000 -999.000 -999.000 5.940 2.172 8.147 8.524 13.213 8.113 10.826 17.225 18.182 12.604 7.216 10.990 17.220
7.439 3.469 8.554 10.904 5.656 10.090 3.264 13.396 2.822 3.032 12.884 3.627 8.684 3.753 10.433 7.147 5.991 3.493 2.722 7.556 10.881 14.051 5.505 10.163 15.649 19.759 15.595 8.918 8.052 6.453 5.072 4.790 6.834 2.063 6.753 10.137 4.124 1.883 2.718 2.114 7.065 7.493 -999.000 -999.000 -999.000 -999.000 -999.000 -999.000 -999.000 -999.000 -999.000 -999.000 -999.000 -999.000 -999.000 -999.000 -999.000 -999.000 2.329 2.784 7.754 9.350 6.544 2.534 2.309 10.369 14.281 20.324 17.596 20.758 18.387
3.860 5.134 11.328 12.138 3.989 5.132 3.540 9.965 5.220 3.403 8.925 3.035 10.174 3.462 3.741 10.122 4.883 2.699 3.126 5.908 13.756 15.673 12.450 15.849 18.888 14.905 10.296 7.185 2.086 4.522 1.918 5.745 2.351 2.249 4.146 8.280 2.034 5.976 3.876 3.950 4.823 -999.000 -999.000 -999.000 -999.000 -999.000 -999.000 -999.000 -999.000 -999.000 -999.000 -999.000 -999.000 -999.000 -999.000 -999.000 -999.000 -999.000 5.426 2.661 1.405 1.652 1.402 1.779 3.302 1.885 9.018 14.491 22.163 20.743 13.182
5.275 7.071 15.601 9.488 3.680 3.998 7.009 3.970 8.382 4.553 3.168 3.476 11.760 4.513 5.234 7.138 3.173 5.782 3.250 6.796 14.392 16.711 19.159 19.405 17.293 13.824 7.622 2.193 5.832 10.005 8.585 3.485 3.486 2.124 4.788 7.034 1.907 3.416 7.392 -999.000 -999.000 -999.000 -999.000 -999.000 -999.000 -999.000 -999.000 -999.000 -999.000 -999.000 -999.000 -999.000 -999.000 -999.000 -999.000 -999.000 -999.000 5.466 2.503 6.142 3.237 5.118 2.654 1.650 5.325 1.974 3.991 12.560 22.761 22.331 15.778
8.823 10.990 18.044 11.083 10.316 8.912 7.071 12.817 8.938 7.980 5.834 6.336 13.895 7.340 4.018 3.238 3.476 10.882 7.808 10.523 17.428 21.021 20.802 19.515 15.876 6.485 3.180 5.976 8.558 6.185 3.788 1.974 3.002 2.863 2.998 4.441 3.090 7.020 9.554 -999.000 -999.000 -999.000 -999.000 -999.000 -999.000 -999.000 -999.000 -999.000 -999.000 -999.000 -999.000 -999.000 -999.000 -999.000 -999.000 -999.000 -999.000 3.180 2.581 3.584 3.998 4.145 3.733 7.134 3.378 2.039 8.058 13.904 23.289 16.260 11.478
15.263 16.102 18.812 19.323 16.789 16.479 16.289 16.718 14.837 13.512 13.755 12.763 17.103 11.016 8.650 8.441 8.461 12.136 13.820 16.091 20.018 21.905 20.448 19.690 16.420 5.753 4.753 5.374 4.861 7.851 6.527 4.158 7.482 4.007 1.834 8.952 2.123 5.691 -999.000 -999.000 -999.000 -999.000 -999.000 -999.000 -999.000 -999.000 -999.000 -999.000 -999.000 -999.000 -999.000 -999.000 -999.000 -999.000 -999.000 -999.000 3.016 2.208 5.188 8.997 10.156 11.058 10.697 12.000 9.680 8.223 13.037 17.844 23.191 13.807 8.138
22.011 22.047 22.405 21.887 21.485 21.538 21.386 21.367 20.654 18.874 19.276 19.255 18.059 15.428 13.962 12.877 14.183 16.808 20.614 20.437 20.603 21.293 20.107 17.965 11.865 6.356 3.315 2.942 3.936 5.787 4.546 7.794 7.033 8.937 2.023 7.058 10.159 5.584 -999.000 -999.000 -999.000 -999.000 -999.000 -999.000 -999.000 -999.000 -999.000 -999.000 -999.000 -999.000 -999.000 -999.000 -999.000 -999.000 -999.000 -999.000 1.902 3.352 5.559 2.319 2.058 4.034 6.841 14.884 18.768 17.057 17.147 18.175 22.122 20.100 14.434
22.512 21.579 19.952 18.535 19.558 21.327 21.864 22.357 22.314 21.710 21.261 21.436 22.261 21.567 20.168 20.084 20.783 20.134 20.437 18.592 17.821 17.435 17.559 13.138 7.944 8.923 6.425 3.217 2.540 2.413 5.273 7.284 -999.000 9.058 6.867 -999.000 -999.000 -999.000 -999.000 -999.000 -999.000 -999.000 -999.000 -999.000 -999.000 -999.000 -999.000 -999.000 -999.000 -999.000 -999.000 -999.000 -999.000 -999.000 -999.000 4.250 6.503 1.715 3.710 7.187 5.192 7.881 12.384 16.906 16.290 12.596 12.717 14.460 15.079 22.139 21.522
16.171 15.423 12.792 10.886 13.071 15.425 17.808 18.915 17.546 17.737 17.677 17.904 21.045 23.771 21.910 19.785 17.761 14.906 14.421 9.867 9.393 9.174 12.536 14.088 14.207 11.072 8.833 7.868 4.113 2.669 6.632 -999.000 -999.000 -999.000 -999.000 -999.000 -999.000 -999.000 -999.000 -999.000 -999.000 -999.000 -999.000 -999.000 -999.000 -999.000 -999.000 -999.000 -999.000 -999.000 -999.000 -999.000 -999.000 -999.000 -999.000 -999.000 3.797 3.220 6.807 10.670 11.747 12.325 14.449 14.327 9.843 3.362 8.775 10.045 7.061 14.945 20.519
10.842 7.763 5.918 7.298 9.737 13.173 13.712 13.294 10.810 10.216 9.929 11.526 19.602 18.834 13.938 14.680 9.518 9.743 12.452 5.554 3.684 2.486 7.801 11.661 8.078 6.176 2.805 2.642 3.330 5.200 -999.000 -999.000 -999.000 -999.000 -999.000 -999.000 -999.000 -999.000 -999.000 -999.000 -999.000 -999.000 -999.000 -999.000 -999.000 -999.000 -999.000 -999.000 -999.000 -999.000 -999.000 -999.000 -999.000 -999.000 -999.000 -999.000 5.932 7.444 9.019 11.128 8.029 10.346 8.916 12.839 4.524 1.908 4.176 2.363 8.145 14.168 11.418
3.895 3.953 2.677 3.921 7.832 8.955 10.270 11.894 9.764 7.643 9.341 10.760 18.709 20.188 15.644 7.284 2.649 6.516 9.062 2.969 8.067 2.322 6.601 5.777 8.159 2.419 2.011 4.143 5.838 -999.000 -999.000 -999.000 -999.000 -999.000 -999.000 -999.000 -999.000 -999.000 -999.000 -999.000 -999.000 -999.000 -999.000 -999.000 -999.000 -999.000 -999.000 -999.000 -999.000 -999.000 -999.000 -999.000 -999.000 -999.000 -999.000 -999.000 -999.000 4.994 6.509 7.320 1.645 7.405 3.256 7.240 2.093 2.838 2.719 7.047 8.752 9.590 7.560
4.299 7.195 5.683 2.652 4.457 4.721 6.908 7.025 7.449 5.266 6.516 11.865 19.445 19.004 12.596 8.260 2.616 2.699 6.758 2.630 6.298 2.154 2.490 3.272 8.176 2.508 4.631 8.770 12.905 -999.000 -999.000 -999.000 -999.000 -999.000 -999.000 -999.000 -999.000 -999.000 -999.000 -999.000 -999.000 -999.000 -999.000 -999.000 -999.000 -999.000 -999.000 -999.000 -999.000 -999.000 -999.000 -999.000 -999.000 -999.000 -999.000 -999.000 -999.000 1.582 4.675 4.839 1.500 1.532 5.001 4.733 2.526 2.702 2.854 3.253 2.407 4.717 3.917
4.456 8.346 8.933 5.072 3.667 3.025 2.544 2.989 3.579 2.921 4.496 11.720 19.867 17.555 12.414 6.911 3.322 2.756 5.523 3.159 7.038 7.154 4.462 2.459 5.540 3.545 5.736 8.441 9.674 -999.000 -999.000 -999.000 -999.000 -999.000 -999.000 -999.000 -999.000 -999.000 -999.000 -999.000 -999.000 -999.000 -999.000 -999.000 -999.000 -999.000 -999.000 -999.000 -999.000 -999.000 -999.000 -999.000 -999.000 -999.000 -999.000 -999.000 -999.000 3.571 1.632 2.125 3.318 1.785 4.119 1.795 2.309 2.349 7.105 7.416 3.850 2.687 2.573
3.196 5.457 10.816 4.587 2.748 7.188 8.444 4.220 3.015 4.033 4.556 11.448 19.419 15.442 10.964 8.169 2.687 2.543 6.010 2.625 7.267 4.217 2.609 3.111 2.579 2.030 4.218 9.124 12.460 17.018 21.636 -999.000 -999.000 -999.000 -999.000 -999.000 -999.000 -999.000 -999.000 -999.000 -999.000 -999.000 -999.000 -999.000 -999.000 -999.000 -999.000 -999.000 -999.000 -999.000 -999.000 -999.000 -999.000 -999.000 -999.000 -999.000 -999.000 -999.000 1.989 4.283 4.688 6.688 7.587 6.409 9.344 5.500 9.342 6.947 5.880 7.274 5.297
3.215 11.599 8.444 6.294 3.786 7.566 7.436 5.568 2.801 6.810 7.862 12.129 19.126 12.066 10.309 6.485 2.426 4.284 4.957 2.485 4.682 3.391 4.223 3.593 3.049 8.722 12.535 11.589 19.799 14.848 21.399 4.018 -999.000 -999.000 -999.000 -999.000 -999.000 -999.000 -999.000 -999.000 -999.000 -999.000 -999.000 -999.000 -999.000 -999.000 -999.000 -999.000 -999.000 -999.000 -999.000 -999.000 -999.000 -999.000 -999.000 -999.000 -999.000 -999.000 -999.000 4.332 6.612 7.582 11.430 12.155 13.014 14.060 13.375 11.246 10.921 8.958 10.276
3.394 10.131 12.688 7.562 5.949 10.730 10.689 6.715 2.967 8.123 12.990 16.542 17.781 13.771 4.193 3.601 2.845 7.874 2.880 2.611 4.891 2.616 4.576 2.724 3.146 6.553 4.975 8.855 13.794 9.486 7.872 12.639 -999.000 -999.000 -999.000 -999.000 -999.000 -999.000 -999.000 -999.000 -999.000 -999.000 -999.000 -999.000 -999.000 -999.000 -999.000 -999.000 -999.000 -999.000 -999.000 -999.000 -999.000 -999.000 -999.000 -999.000 -999.000 -999.000 -999.000 -999.000 -999.000 3.430 4.491 5.820 5.110 9.722 10.642 13.323 15.305 15.066 14.467
2.924 5.378 9.653 15.607 10.684 9.896 3.129 3.334 6.462 12.356 17.140 14.170 17.596 12.311 5.395 4.500 4.785 9.776 3.032 2.628 10.680 2.836 3.546 5.357 5.918 3.480 2.653 6.290 7.908 2.649 2.663 3.054 6.471 -999.000 -999.000 -999.000 -999.000 -999.000 -999.000 -999.000 -999.000 -999.000 -999.000 -999.000 -999.000 -999.000 -999.000 -999.000 -999.000 -999.000 -999.000 -999.000 -999.000 -999.000 -999.000 -999.000 -999.000 -999.000 -999.000 -999.000 -999.000 -999.000 -999.000 3.884 3.327 6.753 6.016 6.521 10.558 16.703 12.638
4.248 7.177 11.426 10.567 6.557 3.451 4.336 6.887 12.172 15.666 9.085 5.403 10.632 13.448 5.699 3.358 7.536 10.297 4.762 2.588 9.157 4.894 8.450 5.363 5.552 6.958 2.839 3.903 12.816 2.897 6.665 4.585 3.006 -999.000 -999.000 -999.000 -999.000 -999.000 -999.000 -999.000 -999.000 -999.000 -999.000 -999.000 -999.000 -999.000 -999.000 -999.000 -999.000 -999.000 -999.000 -999.000 -999.000 -999.000 -999.000 -999.000 -999.000 -999.000 -999.000 -999.000 -999.000 -999.000 -999.000 9.317 6.083 10.728 12.664 12.766 12.819 16.314 18.720
4.198 8.354 13.448 13.882 12.163 9.891 3.036 9.744 15.256 10.643 6.971 2.592 2.823 13.849 10.841 4.071 6.241 12.120 11.514 5.546 7.022 13.730 9.085 2.452 4.162 8.717 7.016 3.171 3.807 3.746 9.581 11.117 9.274 11.921 -999.000 -999.000 -999.000 -999.000 -999.000 -999.000 -999.000 -999.000 -999.000 -999.000 -999.000 -999.000 -999.000 -999.000 -999.000 -999.000 -999.000 -999.000 -999.000 -999.000 -999.000 -999.000 -999.000 -999.000 -999.000 -999.000 -999.000 -999.000 -999.000 -999.000 12.711 13.928 16.355 15.461 15.745 18.305 20.594
