Source/.svn/pristine/ea/ea4f1905ebce819f15d6a572c20b8f0815fa8ad9.svn-base
ncols               386
nrows               229
xllcorner    479497.492
yllcorner     73502.967
cellsize       1000.000
NODATA_value -999
[rows 186 to 216 of 229, columns 71 to 141 of 386]
-999.000 2.648 3.602 4.220 5.800 8.831 13.533 18.480 14.091 12.030 4.373 4.796 10.075 10.115 9.169 17.015 22.947 26.010 20.008 13.043 3.943 8.840 7.937 5.507 3.018 2.864 3.208 6.300 11.372 13.420 16.801 17.376 22.008 23.580 24.323 25.720 26.017 23.511 19.864 18.444 20.796 16.269 13.040 10.391 8.607 8.689 12.343 19.604 17.542 12.776 9.864 7.641 3.042 7.726 4.725 4.356 6.745 9.604 4.908 4.299 9.216 11.969 5.169 5.371 5.283 5.507 11.574 10.716 6.104 4.505 4.605
-999.000 2.902 6.328 8.333 8.875 11.034 15.610 16.140 8.266 5.003 5.934 2.618 5.103 3.177 8.342 13.472 20.715 24.568 24.833 16.567 10.097 3.044 4.846 4.920 6.542 2.933 4.255 5.209 9.784 16.252 20.583 22.978 23.234 24.751 25.916 25.387 20.771 16.196 14.340 15.536 18.016 15.597 9.104 4.993 3.977 5.989 10.475 17.796 19.048 13.725 8.655 4.144 3.179 7.631 4.481 7.086 7.831 5.041 4.412 3.627 8.538 12.391 6.885 4.087 8.142 7.437 14.519 8.030 3.891 4.057 4.715
3.004 5.318 5.873 4.395 9.865 15.018 16.135 10.650 8.766 2.406 4.509 10.614 3.003 4.599 11.821 14.248 16.075 23.237 25.861 17.698 5.444 3.273 3.206 4.016 10.138 3.343 7.780 5.010 12.004 18.969 23.305 24.631 25.446 26.174 24.714 17.959 14.178 11.337 10.175 10.107 15.900 12.991 11.432 4.157 3.269 5.368 10.412 17.108 19.837 13.441 7.587 3.261 5.249 8.926 6.577 9.797 8.612 7.356 3.456 6.072 8.603 9.863 10.055 4.765 3.243 6.566 10.949 10.715 5.196 2.821 4.706
5.425 6.246 5.940 8.330 11.529 14.726 11.843 5.268 2.386 4.375 13.803 12.406 2.889 7.617 9.452 7.929 15.030 20.877 26.257 20.711 7.176 3.846 3.207 3.574 3.569 8.656 12.487 14.018 18.535 22.273 24.284 25.588 26.361 23.375 16.858 10.503 8.165 6.341 5.222 8.762 12.959 7.911 4.021 2.892 3.103 6.668 13.021 15.015 16.471 17.069 11.753 7.519 4.344 8.055 9.485 12.295 9.095 6.419 3.123 6.974 2.985 4.282 8.596 4.849 4.162 4.747 10.423 17.008 6.260 3.033 9.061
7.608 9.536 9.582 10.441 13.010 14.170 7.322 3.375 4.505 14.570 9.421 5.640 3.943 2.934 5.362 5.108 9.786 18.886 25.395 23.097 12.513 4.388 4.578 8.526 11.656 15.245 19.475 20.980 22.547 24.838 25.764 26.013 23.363 16.153 17.312 10.495 7.927 3.047 3.201 6.408 10.085 3.696 2.984 4.811 2.965 8.521 13.628 10.419 12.106 15.059 14.386 7.893 3.386 5.320 9.081 9.578 9.428 8.121 2.738 4.166 5.960 3.846 4.123 8.783 3.060 7.649 8.711 14.975 5.797 3.964 10.772
4.586 6.803 9.529 10.057 6.849 9.391 8.088 5.964 4.436 6.457 3.101 3.172 3.069 3.011 3.153 6.289 9.476 16.744 23.593 23.877 15.888 4.939 7.616 13.458 18.103 21.706 23.400 24.368 25.119 25.264 24.966 22.351 16.888 11.716 14.191 14.546 7.757 3.977 4.262 4.617 8.458 3.438 4.880 5.679 3.073 8.257 10.285 4.267 5.383 8.552 14.132 11.384 6.861 3.383 4.401 9.184 7.920 8.819 10.557 3.248 7.333 9.964 4.211 7.003 3.129 5.302 13.640 16.055 8.249 5.373 7.852
2.573 5.464 4.440 2.792 4.141 2.387 5.050 2.604 2.982 9.550 2.592 3.779 4.147 3.695 8.504 8.365 9.318 15.054 22.583 25.634 19.229 9.811 12.870 18.524 22.553 24.050 25.251 26.072 24.130 22.469 20.858 16.115 11.182 7.809 9.507 8.620 9.011 3.624 5.810 3.269 5.995 2.914 5.992 5.818 3.594 7.671 9.091 2.877 3.437 2.674 8.366 13.864 7.598 4.091 7.167 11.857 12.345 11.443 9.282 2.753 5.397 8.059 4.349 5.255 5.248 3.478 12.145 23.479 11.006 11.210 12.560
-999.000 -999.000 -999.000 -999.000 -999.000 2.784 2.727 2.730 6.623 15.745 4.090 3.082 2.345 4.743 5.118 3.036 7.250 15.188 20.806 25.364 24.688 17.251 19.471 22.477 24.309 25.252 26.124 25.415 18.760 17.368 12.221 8.296 3.552 3.516 6.152 3.932 3.498 2.802 4.088 3.389 4.717 4.114 9.571 6.230 2.753 6.926 7.068 3.013 6.906 3.281 4.339 9.234 10.747 3.987 3.403 8.536 13.484 8.822 7.500 3.067 5.344 11.069 5.731 3.093 6.624 3.098 9.679 16.575 16.780 17.632 17.477
-999.000 -999.000 -999.000 -999.000 -999.000 -999.000 -999.000 -999.000 8.387 9.807 14.672 8.753 4.819 9.130 3.038 5.301 10.908 16.165 20.101 22.351 25.963 24.230 22.973 24.664 25.432 26.267 25.956 20.342 13.295 12.526 6.381 3.011 3.817 2.855 3.050 4.899 6.663 4.630 4.757 3.910 3.150 5.585 9.708 8.247 2.769 5.908 5.816 2.907 8.741 4.403 3.941 5.227 10.379 9.994 4.069 5.404 6.520 11.714 6.492 2.956 7.054 14.584 8.966 2.465 6.727 2.830 7.401 8.842 18.180 16.644 25.614
-999.000 -999.000 -999.000 -999.000 -999.000 -999.000 -999.000 -999.000 4.752 4.899 6.045 3.214 3.773 3.122 3.655 9.745 15.172 20.626 13.803 19.502 22.846 24.332 25.153 25.678 26.226 24.850 18.912 10.958 7.013 4.738 3.283 3.189 3.483 4.512 3.330 2.898 3.415 6.343 2.774 2.832 2.912 6.238 9.200 13.281 6.442 3.125 7.053 4.420 12.887 7.152 2.719 5.008 6.026 11.079 7.630 3.738 3.999 9.685 7.862 4.373 7.315 12.341 19.778 4.984 6.088 5.172 10.402 9.336 13.852 16.705 28.933
-999.000 -999.000 -999.000 -999.000 -999.000 -999.000 -999.000 9.676 3.441 5.326 4.368 3.122 3.158 2.997 9.108 13.280 18.959 12.441 8.481 13.665 20.704 25.313 26.004 25.396 22.533 17.446 11.069 7.975 9.919 12.624 6.298 5.958 8.176 8.570 4.264 3.448 6.278 6.785 3.263 4.814 2.579 4.406 9.792 16.634 6.637 2.752 6.787 2.906 8.450 7.575 2.419 5.891 2.978 7.830 11.045 6.885 3.101 7.443 14.281 8.321 3.690 7.848 11.964 5.905 4.605 3.023 6.640 9.711 11.436 15.327 27.302
-999.000 -999.000 -999.000 -999.000 -999.000 -999.000 -999.000 8.035 3.669 3.071 5.401 6.051 3.007 3.820 9.325 17.045 12.520 7.722 11.036 16.260 22.556 23.739 21.668 18.355 13.907 11.319 8.865 11.040 13.458 16.429 12.019 12.729 11.533 10.625 6.128 2.983 7.293 10.669 5.491 10.009 8.644 5.160 7.365 11.441 7.727 3.570 5.240 2.856 8.725 5.459 3.356 10.822 5.824 3.215 10.609 8.650 3.124 5.392 8.362 13.150 5.992 5.832 8.290 5.376 2.488 3.384 3.140 5.904 8.847 10.309 28.625
-999.000 -999.000 -999.000 -999.000 -999.000 -999.000 -999.000 6.432 3.547 2.904 6.968 2.979 4.955 9.345 11.982 15.123 5.604 8.480 13.846 19.897 21.074 18.627 19.194 16.544 14.538 16.373 12.384 15.614 18.580 20.034 19.001 16.860 16.241 11.459 5.482 3.810 4.637 6.054 13.594 10.184 13.462 7.664 7.198 12.117 15.793 7.125 3.290 2.649 7.454 7.658 7.014 8.474 6.303 3.158 8.854 7.784 3.611 4.533 6.294 7.826 10.122 7.563 16.100 12.807 2.394 4.740 8.598 10.093 8.528 11.761 23.167
-999.000 -999.000 -999.000 -999.000 -999.000 -999.000 -999.000 5.118 2.700 3.904 6.879 3.171 8.444 14.944 13.530 6.978 5.317 12.283 16.760 19.312 20.348 23.188 21.546 18.769 17.180 17.966 19.029 19.551 21.070 18.698 13.194 17.486 18.876 15.558 8.931 3.295 3.091 3.849 7.468 16.096 15.099 10.019 11.284 11.675 10.600 6.613 4.011 9.497 9.415 13.846 14.510 8.255 4.002 3.961 9.581 9.000 6.368 3.961 4.033 13.295 12.558 13.818 17.975 11.102 2.417 7.576 22.301 14.072 16.688 23.128 17.154
-999.000 -999.000 -999.000 -999.000 -999.000 -999.000 8.569 5.691 2.736 4.275 4.449 5.776 11.080 12.921 12.310 4.368 6.947 13.137 12.065 15.456 17.722 18.539 15.295 8.228 7.042 11.890 16.932 20.638 16.550 11.290 7.931 12.687 16.972 18.785 13.675 7.746 3.705 5.287 12.101 10.997 9.437 12.962 12.886 15.388 11.017 9.496 3.819 9.378 19.807 18.220 16.893 11.066 5.313 4.565 4.047 2.835 3.706 5.251 4.025 9.474 14.750 19.429 21.117 13.270 4.522 10.009 14.449 19.570 25.910 18.525 17.022
-999.000 -999.000 -999.000 -999.000 -999.000 -999.000 3.165 5.086 2.577 -999.000 -999.000 8.301 16.564 8.199 8.819 9.622 9.736 7.244 5.876 5.434 8.882 16.582 7.301 3.286 3.383 6.518 14.397 19.012 13.096 4.301 6.104 10.204 13.849 17.170 18.296 14.624 8.312 3.226 10.003 5.586 7.591 13.067 13.915 13.613 8.078 5.619 4.128 10.554 13.497 18.270 13.042 11.371 6.823 4.373 2.775 10.954 5.621 3.185 2.665 6.051 12.194 17.743 24.477 13.148 5.763 6.497 11.268 14.518 26.207 23.697 25.226
-999.000 -999.000 -999.000 -999.000 -999.000 -999.000 3.823 6.706 -999.000 -999.000 -999.000 -999.000 11.398 5.460 6.826 9.985 3.297 3.130 2.560 3.026 9.083 11.543 11.704 3.291 5.795 6.339 13.832 18.181 10.816 3.174 4.248 7.236 9.738 12.774 15.726 15.471 14.073 5.217 5.866 3.217 6.618 7.099 12.612 10.272 11.555 6.957 3.983 6.270 13.237 16.390 13.515 4.551 3.325 5.054 3.714 8.657 19.492 5.570 3.412 6.358 8.572 14.006 23.148 26.417 10.727 10.509 8.767 12.014 18.304 20.223 17.831
-999.000 -999.000 -999.000 -999.000 -999.000 -999.000 -999.000 -999.000 -999.000 -999.000 -999.000 -999.000 5.208 2.448 7.002 9.768 3.028 6.381 3.770 3.300 4.798 5.980 10.215 7.773 3.984 7.447 14.587 17.045 8.862 3.046 2.672 2.880 8.168 9.052 6.617 8.136 12.755 12.574 6.286 3.676 3.276 10.355 12.962 14.987 19.305 8.648 4.226 7.550 15.769 12.850 10.219 6.963 3.581 4.973 4.493 12.853 16.049 9.139 2.768 3.456 9.057 11.797 19.936 19.243 12.383 11.168 15.357 23.343 22.519 14.291 7.657
-999.000 -999.000 -999.000 -999.000 -999.000 -999.000 -999.000 -999.000 -999.000 -999.000 -999.000 -999.000 -999.000 2.718 3.329 5.149 6.197 5.059 6.368 4.024 9.067 3.849 5.711 9.679 7.881 9.209 15.627 16.921 8.703 3.285 3.306 2.902 5.373 3.132 2.565 2.800 4.212 7.100 11.188 8.973 3.147 4.949 8.009 12.797 16.056 10.078 5.281 3.749 10.888 16.291 16.970 7.281 2.968 3.424 4.984 11.410 16.071 5.923 5.517 3.554 7.655 12.731 29.097 28.333 16.134 21.150 18.756 17.778 16.715 14.439 8.076
-999.000 -999.000 -999.000 -999.000 -999.000 -999.000 -999.000 -999.000 -999.000 -999.000 -999.000 -999.000 -999.000 -999.000 6.201 3.999 4.959 2.744 10.680 8.452 2.594 4.662 3.497 3.196 8.749 13.070 17.008 16.610 12.074 8.733 2.922 3.790 2.696 3.425 5.419 5.160 2.763 2.969 2.708 3.578 7.707 3.584 6.533 8.312 23.921 11.369 6.833 8.568 8.994 12.134 11.354 7.051 2.575 2.627 5.582 12.269 18.904 5.848 9.060 7.142 7.736 13.222 27.133 15.721 27.475 20.501 17.794 10.373 18.327 15.902 9.622
-999.000 -999.000 -999.000 -999.000 -999.000 -999.000 -999.000 -999.000 -999.000 -999.000 -999.000 -999.000 -999.000 -999.000 7.333 2.895 3.989 3.704 10.151 3.208 3.541 4.416 3.698 3.880 8.889 15.455 14.178 14.223 13.705 7.699 3.049 5.109 4.808 8.533 9.869 6.060 3.099 6.970 2.607 9.286 2.833 7.008 3.040 7.621 20.881 13.957 18.569 11.596 9.111 8.624 6.038 5.195 2.410 3.214 12.544 16.072 18.474 12.217 15.439 9.918 11.436 16.600 21.508 13.888 20.520 15.971 12.497 8.461 10.148 8.532 10.168
-999.000 -999.000 -999.000 -999.000 -999.000 -999.000 -999.000 -999.000 -999.000 -999.000 -999.000 -999.000 -999.000 -999.000 -999.000 11.451 13.950 10.399 15.211 9.552 14.131 9.124 3.261 3.672 8.815 14.414 7.489 8.571 14.145 11.874 4.837 2.843 6.097 11.738 10.531 6.995 5.163 5.479 3.751 8.082 5.488 5.546 4.285 11.329 12.822 18.095 15.959 11.981 10.573 17.334 8.564 11.942 5.466 2.455 8.167 11.147 17.344 13.979 15.135 16.187 17.115 19.467 14.824 9.633 15.569 6.183 3.717 2.944 2.503 2.626 2.902
-999.000 -999.000 -999.000 -999.000 -999.000 -999.000 -999.000 -999.000 -999.000 -999.000 -999.000 -999.000 -999.000 -999.000 -999.000 -999.000 -999.000 13.542 14.869 13.225 12.163 4.807 4.770 4.215 9.036 15.183 9.490 4.978 10.556 12.942 7.031 4.440 6.604 12.037 10.586 8.996 10.332 7.507 6.949 11.471 7.480 2.892 3.748 5.036 13.647 14.655 14.230 15.022 12.002 19.241 15.441 11.887 16.342 3.024 7.556 12.513 11.976 16.814 16.097 21.100 19.786 17.858 15.276 8.009 5.513 4.360 3.500 4.683 4.559 5.040 4.451
-999.000 -999.000 -999.000 -999.000 -999.000 -999.000 -999.000 -999.000 -999.000 -999.000 -999.000 -999.000 -999.000 -999.000 -999.000 -999.000 -999.000 16.907 17.657 16.149 11.235 3.065 5.882 5.962 9.694 13.747 7.352 4.773 9.332 12.520 10.291 5.191 3.774 8.183 10.684 16.053 16.717 14.394 7.992 8.088 10.415 9.412 3.311 2.793 9.530 15.724 16.323 28.445 19.262 22.727 26.701 22.854 13.227 6.933 4.382 6.234 9.963 17.424 18.264 -999.000 24.216 19.599 12.608 7.916 8.023 13.471 14.241 11.135 10.644 9.648 4.871
-999.000 -999.000 -999.000 -999.000 -999.000 -999.000 -999.000 -999.000 -999.000 -999.000 -999.000 -999.000 -999.000 -999.000 -999.000 -999.000 -999.000 17.340 14.333 12.675 4.474 9.879 2.483 4.402 11.596 11.825 3.883 3.235 6.840 7.844 10.915 7.281 3.055 4.023 6.483 13.473 21.887 23.986 9.850 7.820 19.524 8.676 2.470 3.020 10.739 17.120 27.805 16.997 19.922 21.484 25.773 14.580 14.591 12.198 21.377 12.408 8.540 16.792 -999.000 -999.000 -999.000 17.037 15.891 11.080 11.536 11.672 29.946 21.329 9.988 10.154 10.596
-999.000 -999.000 -999.000 -999.000 -999.000 -999.000 -999.000 -999.000 -999.000 -999.000 -999.000 -999.000 -999.000 -999.000 -999.000 -999.000 -999.000 14.730 12.202 8.652 10.211 13.520 5.775 5.188 11.245 6.753 3.026 3.582 4.346 2.585 5.014 10.189 3.712 3.593 10.914 13.245 21.540 19.872 13.052 10.029 27.869 13.917 2.643 2.681 8.779 13.742 21.757 12.105 12.005 18.447 19.654 13.168 18.108 13.934 20.239 13.718 9.630 15.791 -999.000 -999.000 -999.000 -999.000 -999.000 -999.000 -999.000 -999.000 -999.000 21.141 12.675 11.685 12.435
-999.000 -999.000 -999.000 -999.000 -999.000 -999.000 -999.000 -999.000 -999.000 -999.000 -999.000 -999.000 -999.000 -999.000 -999.000 -999.000 -999.000 -999.000 15.037 18.674 18.087 12.822 6.373 7.586 10.409 6.663 5.372 2.458 3.428 4.313 3.537 8.865 3.574 7.485 11.748 19.226 19.286 17.155 13.280 19.072 19.799 14.839 2.706 2.593 6.863 11.737 10.338 11.018 18.600 16.725 11.590 11.452 14.488 16.687 18.009 -999.000 12.614 13.626 -999.000 -999.000 -999.000 -999.000 -999.000 -999.000 -999.000 -999.000 -999.000 -999.000 13.267 14.256 14.745
-999.000 -999.000 -999.000 -999.000 -999.000 -999.000 -999.000 -999.000 -999.000 -999.000 -999.000 -999.000 -999.000 -999.000 -999.000 -999.000 -999.000 -999.000 28.137 14.444 12.347 10.052 2.848 8.473 7.379 2.663 5.818 2.598 6.511 2.828 3.250 7.537 3.068 4.284 10.374 14.884 18.159 16.825 12.999 23.969 10.887 9.603 5.005 2.518 7.112 6.014 10.132 12.571 16.008 11.786 10.656 13.712 16.378 -999.000 -999.000 -999.000 -999.000 -999.000 -999.000 -999.000 -999.000 -999.000 -999.000 -999.000 -999.000 -999.000 -999.000 -999.000 -999.000 -999.000 17.676
-999.000 -999.000 -999.000 -999.000 -999.000 -999.000 -999.000 -999.000 -999.000 -999.000 -999.000 -999.000 -999.000 -999.000 -999.000 -999.000 -999.000 -999.000 23.815 11.772 4.630 6.698 3.802 8.326 5.090 2.954 8.260 2.430 6.504 7.420 2.662 7.447 5.379 5.053 8.635 9.609 17.298 18.959 30.372 35.097 16.196 10.166 8.290 2.640 3.355 9.060 18.137 14.153 8.218 8.516 12.107 14.164 -999.000 -999.000 -999.000 -999.000 -999.000 -999.000 -999.000 -999.000 -999.000 -999.000 -999.000 -999.000 -999.000 -999.000 -999.000 -999.000 -999.000 -999.000 17.297
-999.000 -999.000 -999.000 -999.000 -999.000 -999.000 -999.000 -999.000 -999.000 -999.000 -999.000 -999.000 -999.000 -999.000 -999.000 -999.000 -999.000 -999.000 -999.000 9.498 4.042 4.058 6.457 7.691 3.726 11.609 8.045 3.991 5.896 4.950 2.780 6.264 3.308 3.796 2.934 9.777 15.119 20.294 27.052 24.447 27.760 17.679 8.891 4.619 2.751 4.272 10.714 5.925 7.694 12.665 -999.000 -999.000 -999.000 -999.000 -999.000 -999.000 -999.000 -999.000 -999.000 -999.000 -999.000 -999.000 -999.000 -999.000 -999.000 -999.000 -999.000 -999.000 -999.000 -999.000 -999.000
-999.000 -999.000 -999.000 -999.000 -999.000 -999.000 -999.000 -999.000 -999.000 -999.000 -999.000 -999.000 -999.000 -999.000 -999.000 -999.000 -999.000 -999.000 -999.000 22.050 12.029 3.868 6.019 5.810 4.087 6.535 5.028 9.167 8.853 5.309 3.775 3.263 5.347 6.063 2.594 6.083 7.453 9.706 21.742 15.709 15.130 11.026 9.325 10.874 4.818 4.059 4.094 8.428 12.070 -999.000 -999.000 -999.000 -999.000 -999.000 -999.000 -999.000 -999.000 -999.000 -999.000 -999.000 -999.000 -999.000 -999.000 -999.000 -999.000 -999.000 -999.000 -999.000 -999.000 -999.000 -999.000
