Source/.svn/pristine/ea/ea4f1905ebce819f15d6a572c20b8f0815fa8ad9.svn-base
ncols               386
nrows               229
xllcorner    479497.492
yllcorner     73502.967
cellsize       1000.000
NODATA_value -999
[rows 93 to 123 of 229, columns 213 to 283 of 386]
22.691 19.549 13.096 10.950 10.907 8.336 10.143 12.322 11.678 9.910 7.458 14.474 12.783 5.165 7.521 6.287 3.764 9.359 11.885 11.766 15.720 16.954 15.366 15.427 15.679 13.268 8.759 2.898 4.502 4.332 11.960 18.185 22.821 19.334 7.775 1.802 2.977 4.667 4.483 1.874 2.052 4.764 2.442 5.047 3.279 1.447 2.519 2.056 1.751 1.826 2.853 2.518 4.379 9.948 15.070 10.473 7.331 10.061 13.820 16.887 18.046 19.123 21.231 21.762 22.548 23.136 22.639 22.318 18.967 13.129 7.871
23.991 21.968 16.953 10.827 13.107 11.809 10.157 10.695 8.618 9.573 9.976 12.860 9.909 3.374 5.877 3.286 7.473 10.475 7.932 7.812 13.194 3.228 5.671 6.061 6.598 6.389 6.973 7.029 1.453 5.441 11.513 17.943 22.106 17.522 7.613 7.275 3.867 2.877 7.148 8.267 6.251 3.693 4.035 2.676 2.380 2.587 3.726 3.822 2.233 4.203 3.227 2.043 6.378 13.542 12.449 5.467 3.785 7.854 9.547 11.582 12.441 12.995 15.458 18.852 21.884 22.714 23.065 22.668 21.797 17.231 12.710
24.101 21.747 20.552 17.441 14.390 12.976 10.499 9.589 5.830 8.590 7.225 7.437 4.728 1.924 1.872 1.844 7.707 4.556 1.754 1.638 11.009 6.171 2.889 2.057 6.772 7.360 13.876 7.752 1.746 6.926 14.044 18.830 21.447 18.899 17.754 14.032 8.996 5.821 11.265 6.507 4.247 2.886 2.006 6.370 1.741 4.678 1.497 5.942 1.656 3.853 3.850 7.086 11.999 13.544 11.081 5.082 3.682 4.343 10.550 6.320 7.297 8.845 12.175 17.124 19.980 21.443 22.472 23.148 22.973 21.365 17.509
19.888 21.417 20.685 15.402 15.802 15.445 14.441 10.647 8.239 5.874 4.528 7.079 6.239 8.220 7.299 6.727 6.470 1.764 3.437 2.045 2.476 11.533 9.226 2.060 3.938 14.290 5.021 3.102 6.010 8.893 16.482 21.512 21.633 18.434 15.131 15.932 16.440 13.390 14.538 6.082 2.392 6.016 2.467 5.798 1.828 2.695 4.715 4.792 1.780 6.321 11.413 12.028 13.337 6.413 9.879 1.542 4.086 2.244 4.907 1.718 2.664 5.093 11.083 18.518 17.082 17.739 20.463 22.112 23.062 22.526 21.497
20.702 19.720 21.850 20.902 19.198 18.263 15.721 13.380 10.476 14.949 16.041 15.411 13.025 10.889 10.737 7.950 4.461 1.598 3.735 1.497 1.930 4.164 5.591 3.134 7.937 3.019 1.812 6.656 5.711 13.867 19.530 20.092 14.797 14.619 5.821 8.779 14.162 16.275 15.519 9.290 2.369 1.673 2.034 7.894 1.731 2.803 5.582 3.627 6.193 10.888 8.622 6.962 10.642 7.258 2.108 1.475 9.402 3.614 3.084 2.864 2.221 5.177 11.930 17.595 11.464 12.172 16.792 20.852 22.460 22.894 23.163
11.515 14.008 15.448 15.559 19.897 20.380 20.308 18.399 19.056 18.440 18.638 13.834 11.127 9.768 8.098 6.967 4.697 1.599 1.771 1.814 2.071 3.627 1.698 2.928 5.877 1.740 3.107 8.132 12.375 17.555 20.423 16.181 11.986 14.742 6.174 2.455 6.704 10.487 16.516 11.045 6.699 3.520 5.864 8.148 3.035 1.610 5.644 10.790 9.356 7.165 2.152 3.358 2.585 8.253 4.002 6.176 6.542 6.719 2.112 4.104 7.263 9.440 13.311 17.805 8.479 10.495 13.035 18.164 22.376 22.759 23.074
10.629 10.515 9.750 11.093 11.037 15.014 19.606 20.546 19.931 20.236 19.721 13.741 11.130 9.444 6.529 6.116 4.559 2.867 2.234 1.449 1.290 2.188 8.778 2.360 4.274 5.230 7.433 9.868 15.246 20.716 17.993 13.973 10.573 13.214 2.403 1.711 1.965 5.937 13.126 17.041 12.339 10.592 11.084 6.788 3.067 1.487 7.123 3.485 2.157 5.304 1.867 3.457 1.458 4.668 2.175 7.722 9.150 1.680 5.072 8.672 10.255 10.157 13.981 15.080 7.332 9.528 12.448 18.445 22.046 22.809 23.111
7.070 6.732 6.800 9.250 7.343 9.085 12.122 13.847 13.195 13.515 12.566 15.505 16.144 9.183 6.909 8.312 7.301 4.189 1.876 6.522 1.434 8.148 5.682 5.372 2.006 1.680 3.759 9.091 17.846 20.022 11.762 6.657 9.940 6.101 4.653 2.493 3.137 4.953 9.512 17.038 14.078 8.378 4.072 3.747 6.330 4.321 5.245 1.582 2.167 4.020 3.876 5.339 2.277 2.509 4.001 5.632 8.799 4.150 1.884 1.576 2.361 5.331 14.120 15.240 6.179 8.922 13.893 19.072 22.435 22.941 23.242
11.004 8.905 8.826 7.205 6.101 10.268 8.646 6.614 9.688 8.456 5.924 7.547 13.303 16.708 11.565 6.187 4.157 1.815 2.748 2.391 1.675 1.813 1.858 1.975 4.073 6.669 7.179 10.907 18.800 17.044 7.238 4.711 8.517 2.337 3.688 3.917 2.355 3.624 8.878 15.663 9.214 1.651 2.101 1.975 2.727 1.677 3.581 2.554 4.062 6.811 6.345 4.507 4.779 5.285 7.334 5.174 4.994 6.238 3.406 1.628 4.117 5.473 14.332 13.700 5.897 9.523 13.924 19.966 22.711 22.695 21.990
15.191 14.338 11.981 11.044 7.572 4.425 2.046 1.545 9.557 3.931 1.747 1.759 10.068 16.009 15.068 10.334 4.300 3.086 1.832 1.536 1.388 2.891 1.385 5.240 5.608 9.369 11.160 17.038 19.548 15.827 7.243 6.325 4.371 1.408 2.341 3.610 3.558 1.818 7.034 15.750 9.488 1.799 3.246 3.742 3.354 4.115 1.946 8.515 5.763 3.817 3.298 1.880 1.933 1.858 3.069 9.721 1.826 6.666 6.431 2.056 4.519 9.193 15.022 5.384 7.026 11.046 15.488 20.100 22.589 22.474 22.108
9.330 8.422 6.195 5.304 2.727 1.524 2.940 3.774 9.556 8.012 1.633 4.325 5.869 10.828 14.931 8.209 3.522 3.157 2.865 1.507 5.444 9.855 1.562 4.058 8.728 11.985 16.442 19.377 15.267 7.104 9.797 2.331 1.369 1.717 2.023 5.238 2.195 2.272 8.104 14.594 10.082 7.311 6.708 6.753 2.482 11.859 8.561 5.021 1.787 3.690 5.049 5.741 6.119 6.168 2.445 4.416 1.939 2.234 1.943 2.941 8.810 14.353 10.894 1.997 6.985 12.062 15.557 19.253 21.691 23.121 21.228
2.727 4.112 2.858 1.731 2.213 3.122 3.510 4.720 7.628 6.294 1.488 3.164 2.732 8.183 11.763 4.442 1.649 1.697 1.793 2.273 1.590 5.093 6.965 1.907 6.854 14.533 19.973 17.776 10.976 1.704 1.766 1.325 3.531 8.037 2.345 2.819 2.519 6.017 9.300 15.773 14.859 11.727 7.925 2.306 4.058 14.407 8.941 1.652 3.076 2.893 1.400 2.026 3.254 5.416 9.450 6.745 7.920 9.131 8.650 9.422 14.623 14.428 6.706 1.494 3.253 7.757 12.871 16.489 21.706 22.757 17.988
9.744 2.077 1.662 1.616 2.161 1.742 1.882 3.399 7.743 2.263 1.664 1.749 2.543 4.786 12.019 11.386 5.857 3.334 2.745 1.766 5.635 3.181 4.122 7.780 11.092 16.457 17.909 11.228 12.507 7.452 1.585 2.758 6.287 8.458 4.086 2.047 7.405 11.338 13.833 12.364 8.295 6.318 1.508 2.800 12.789 9.934 9.348 3.025 6.814 7.036 6.741 4.953 3.688 2.892 2.434 2.323 2.778 6.954 7.647 14.334 14.356 3.366 6.404 2.529 3.574 6.822 12.471 17.581 21.283 22.390 17.755
10.701 6.440 5.749 4.546 4.134 1.622 3.218 3.545 3.865 1.384 3.028 1.693 1.922 2.033 9.017 7.940 2.839 1.410 6.031 2.969 6.380 9.567 10.110 9.392 11.285 16.661 17.739 8.934 4.903 10.236 2.993 6.497 1.650 3.509 2.664 5.641 9.927 12.666 8.178 3.419 5.123 3.082 1.577 8.456 9.319 7.470 14.186 5.752 6.069 6.086 15.897 12.550 19.323 14.257 14.763 11.155 2.042 1.776 8.767 14.667 7.963 4.432 6.124 1.594 2.848 8.292 14.100 19.829 21.732 22.066 19.113
7.153 5.447 7.979 7.698 7.039 4.207 1.648 1.548 1.911 4.423 1.880 1.361 6.081 5.761 5.058 5.781 2.836 6.266 4.341 8.526 9.522 7.213 4.586 3.949 8.589 17.310 16.253 7.034 1.451 7.518 5.810 4.351 6.460 2.768 6.582 8.048 11.260 8.202 1.291 5.209 1.241 4.010 10.935 5.081 8.985 4.958 6.462 5.763 2.687 3.921 5.168 7.165 14.601 8.204 8.040 3.844 1.810 4.761 11.383 13.254 2.329 3.352 5.159 1.738 4.358 8.941 16.027 21.156 21.509 20.265 16.859
10.867 11.546 14.335 13.345 10.417 8.938 6.756 4.603 2.364 3.880 10.777 5.047 2.670 1.577 2.111 1.654 4.166 3.482 8.746 8.739 4.970 2.003 2.414 3.689 9.563 16.848 12.690 1.573 7.831 2.528 1.812 9.395 1.500 3.844 5.397 5.451 6.980 3.553 8.618 10.947 4.930 9.098 9.141 3.413 3.489 5.013 8.317 3.548 2.236 2.890 4.648 4.739 12.630 12.854 3.060 1.616 4.232 7.650 13.394 8.419 1.859 9.083 1.669 2.288 6.985 12.317 18.604 21.504 21.278 19.217 14.727
19.940 18.995 20.080 19.371 16.272 14.275 11.821 9.999 8.987 4.477 2.095 1.799 1.735 1.573 4.643 6.780 2.573 6.985 5.381 3.007 1.724 2.961 4.115 3.536 9.502 16.607 5.405 1.791 11.784 1.317 3.854 16.785 6.313 4.125 3.509 2.772 2.871 9.157 13.589 10.568 8.450 7.063 10.390 6.098 1.712 2.435 3.949 6.923 7.439 1.630 1.560 2.244 9.923 9.014 8.622 1.602 6.422 10.795 10.614 3.316 5.548 2.810 3.845 7.589 11.881 16.754 20.553 22.146 20.871 15.466 11.889
25.219 22.021 19.147 14.946 17.669 17.744 15.657 12.696 11.929 10.403 10.284 9.304 7.453 6.575 3.648 1.651 2.467 3.795 1.480 1.194 5.968 2.171 1.373 5.375 9.171 12.586 1.473 7.510 6.204 14.137 15.226 8.131 7.266 8.708 8.215 1.908 4.987 11.814 8.529 8.593 6.499 4.325 4.297 3.499 2.759 2.806 3.067 2.450 4.204 4.037 4.730 2.872 5.034 4.180 5.453 2.502 5.848 11.232 9.500 2.139 1.955 3.166 7.726 13.806 17.938 20.195 21.727 22.691 21.052 14.957 6.635
24.028 17.449 15.078 15.751 7.754 12.879 11.413 12.369 14.314 15.102 13.549 12.342 10.315 4.953 1.557 2.456 1.412 1.260 3.563 10.913 11.351 4.778 4.005 2.215 12.287 3.757 1.373 7.542 5.909 7.392 8.801 5.427 13.849 4.740 6.372 3.315 8.754 6.753 5.520 6.175 3.561 2.790 1.949 1.764 2.052 5.982 7.105 5.967 1.972 1.883 3.620 7.769 2.823 2.348 1.819 5.522 9.065 9.786 12.418 4.138 9.402 12.794 15.532 18.952 20.861 22.128 21.765 20.707 15.417 7.339 8.183
23.695 18.533 13.009 12.716 5.527 8.330 2.893 1.645 8.052 11.095 6.902 3.981 3.978 1.577 3.188 3.798 1.839 3.954 10.024 9.633 9.774 9.204 8.322 10.148 1.781 6.542 4.738 2.067 2.140 8.146 9.458 6.183 6.524 3.854 3.714 5.589 5.334 3.828 1.618 4.966 4.737 1.544 1.933 4.351 5.683 5.159 9.562 9.994 11.083 7.487 10.363 11.905 11.701 4.827 3.779 4.739 9.147 16.337 16.406 16.138 16.269 18.949 20.401 21.723 22.478 21.016 17.686 18.768 17.478 13.515 12.805
18.580 12.028 12.043 10.499 3.642 1.466 1.587 3.164 8.763 7.866 1.339 1.262 3.498 2.100 3.954 15.214 16.823 13.785 13.371 7.433 2.827 1.781 5.981 9.677 4.342 10.927 10.154 3.113 4.861 10.180 10.355 7.763 2.428 1.489 2.819 1.666 1.546 1.700 3.269 1.551 5.795 3.426 3.832 1.542 4.251 8.394 10.123 12.312 14.084 13.817 14.688 15.592 16.417 12.330 11.191 10.673 13.672 18.028 20.226 20.547 20.815 21.369 22.248 21.445 18.565 13.501 10.885 15.409 20.370 18.818 17.620
13.973 2.684 1.839 1.957 2.160 3.561 1.904 5.700 10.969 6.803 1.330 8.749 4.489 7.010 12.125 10.835 12.223 14.431 10.711 2.522 1.309 1.318 4.364 7.314 4.535 12.022 8.495 2.931 5.979 10.197 6.787 7.188 8.269 1.593 7.522 3.687 2.324 3.051 2.537 4.010 3.807 2.659 1.617 2.062 6.346 9.108 11.882 12.696 13.918 14.789 15.962 17.474 18.330 17.636 17.548 18.077 18.352 20.365 20.705 21.499 22.515 21.348 19.800 16.898 14.705 4.625 7.860 12.557 16.507 13.930 12.289
22.177 9.608 1.598 1.487 2.590 1.356 2.001 5.166 10.063 7.000 3.906 6.065 9.788 15.703 10.506 10.669 8.857 13.792 10.111 1.961 6.591 6.028 1.382 6.259 3.595 9.607 8.464 3.021 6.134 8.019 5.176 2.386 2.013 2.006 4.339 8.969 3.408 3.540 1.603 6.282 1.692 3.128 4.670 5.279 6.421 9.851 13.111 13.524 14.382 15.036 15.936 17.069 18.293 19.803 19.567 19.758 20.586 21.214 20.917 21.964 19.048 14.321 12.548 11.828 7.203 4.549 8.360 13.368 13.929 7.602 6.138
23.285 17.010 8.895 4.200 2.045 1.943 4.399 4.304 7.092 2.134 8.997 7.059 4.679 6.325 11.865 7.611 8.499 13.117 9.744 10.406 23.917 11.194 1.525 1.659 11.746 8.576 5.227 7.815 6.805 4.579 3.688 1.997 3.249 4.564 7.630 9.842 4.360 1.648 1.693 7.194 3.260 5.444 8.290 9.172 8.626 11.345 14.441 14.063 14.532 16.864 18.875 17.650 18.768 18.317 18.573 19.876 19.938 21.748 22.214 16.910 12.635 7.510 6.150 4.081 1.654 4.317 8.851 13.293 10.391 3.948 2.053
22.947 22.994 17.909 11.287 1.973 1.753 13.777 9.392 10.473 14.227 8.281 2.614 5.360 1.365 5.381 7.586 12.724 8.713 5.053 8.427 18.975 13.621 5.917 19.156 19.319 14.484 8.642 1.438 2.889 4.577 1.605 4.244 1.500 6.424 7.547 12.196 7.635 4.919 5.956 7.821 5.181 4.409 9.926 12.254 12.718 14.253 15.821 17.493 17.393 19.390 17.019 17.717 18.627 17.469 17.792 16.020 18.319 20.494 15.923 11.072 7.855 2.065 1.873 2.142 2.063 2.280 7.029 13.105 10.187 3.784 1.892
19.761 24.109 18.562 5.876 4.227 6.726 7.771 4.078 2.665 1.596 1.727 6.435 1.651 6.974 9.868 9.378 4.083 6.662 1.727 10.503 18.131 22.490 9.388 16.853 9.015 4.700 1.508 2.671 2.562 3.430 7.029 1.693 2.408 6.212 6.729 11.181 12.234 9.664 11.473 9.898 9.282 8.709 9.858 16.107 16.641 17.042 19.002 19.785 18.744 20.554 17.786 13.935 15.936 17.883 13.063 11.161 15.209 18.963 19.090 14.261 8.395 5.832 4.396 2.591 2.047 1.620 4.789 10.776 9.935 5.247 2.452
15.661 22.702 19.681 7.375 6.018 5.114 3.702 1.502 2.578 4.762 8.259 6.316 4.045 17.406 8.664 18.352 2.891 2.068 1.376 7.780 8.606 12.203 5.819 5.677 18.586 12.164 9.769 7.362 5.904 2.835 6.844 5.886 5.288 7.735 10.052 12.277 15.300 15.436 15.184 14.939 14.277 13.841 14.302 17.793 20.349 20.673 19.897 17.790 16.933 15.952 10.508 9.228 14.402 18.735 12.968 5.682 11.977 17.937 19.612 11.918 10.308 11.001 6.782 1.888 4.077 1.893 5.755 9.482 11.126 8.419 3.915
12.148 22.077 20.389 9.352 4.299 5.864 4.948 4.993 10.198 11.661 8.736 3.577 4.144 10.376 3.040 10.103 5.509 3.167 1.557 5.992 4.216 15.525 9.318 3.701 6.503 7.876 6.973 2.159 1.701 4.404 7.327 10.669 9.475 10.209 12.963 15.095 17.557 19.070 18.858 18.745 18.575 18.391 18.823 19.641 20.470 18.630 13.465 13.041 10.571 13.081 9.824 8.945 10.200 14.557 14.878 4.698 9.009 11.474 17.840 19.071 15.060 13.352 10.406 3.133 4.576 1.733 2.093 3.651 7.932 9.229 5.917
14.258 21.760 21.756 15.143 12.522 12.467 11.014 13.410 11.919 6.490 1.466 1.196 3.203 8.035 4.834 1.877 4.804 3.153 2.086 6.573 11.300 8.113 8.263 1.971 2.562 1.609 2.045 3.639 5.779 9.576 11.438 11.843 11.411 11.935 16.417 18.867 16.122 14.225 14.838 15.049 15.753 17.115 19.227 19.821 18.423 11.279 7.855 6.215 5.732 9.119 6.728 1.954 6.331 12.870 14.986 5.802 5.549 11.083 16.938 20.543 19.373 14.762 10.897 7.324 1.763 6.281 2.242 2.828 5.921 8.318 6.453
19.322 21.962 17.129 14.488 16.559 15.710 13.233 8.457 4.212 2.409 11.913 1.292 6.303 7.872 7.782 2.850 4.107 6.599 2.582 5.282 5.247 3.381 1.516 3.695 3.602 7.938 6.747 8.809 10.517 11.495 15.211 17.126 17.288 17.080 16.685 13.564 13.004 12.090 10.314 9.121 10.186 13.686 16.512 18.661 13.007 7.073 3.020 1.520 1.976 4.772 4.368 1.986 3.493 8.718 16.705 6.273 5.787 10.120 15.647 20.281 20.440 18.453 10.738 8.582 7.294 2.897 4.799 2.381 5.531 7.566 4.793
20.304 15.266 7.429 5.359 13.268 8.933 4.412 1.143 3.520 6.966 5.718 1.117 10.303 9.517 2.522 2.558 2.328 1.405 8.608 1.468 2.701 1.430 3.687 7.491 8.316 13.583 14.558 13.874 15.218 17.216 17.212 15.661 14.029 13.516 13.074 11.215 9.846 8.343 6.185 5.775 7.987 10.464 13.794 18.797 13.704 10.803 7.783 3.400 4.596 5.446 2.058 2.406 5.265 9.800 12.309 5.191 5.693 9.738 14.528 19.761 21.031 19.894 14.220 8.593 2.968 3.451 2.065 3.203 7.164 8.008 3.515
