SVN_repositor/meteoio/trunk/tests/dem_reading/ref_SLOPE.asc
ncols               386
nrows               229
xllcorner    479500.000
yllcorner     73500.000
cellsize       1000.000
NODATA_value -999
[rows 160 to 191 of 229, columns 213 to 283 of 386]
9.875 14.403 23.891 8.589 9.935 18.577 18.674 17.104 11.820 15.358 20.907 25.111 28.694 10.130 11.797 18.548 6.737 17.613 29.198 19.086 4.794 8.057 21.211 24.796 21.715 6.927 24.534 13.845 1.521 5.844 14.714 24.618 24.836 18.819 5.144 17.250 24.921 1.426 23.963 8.652 10.325 12.867 22.129 20.334 9.333 17.348 33.653 32.529 25.397 -999.000 -999.000 -999.000 -999.000 -999.000 -999.000 -999.000 -999.000 -999.000 -999.000 -999.000 -999.000 -999.000 -999.000 18.469 16.628 7.013 14.898 12.433 9.606 5.743 13.805
14.634 22.346 20.996 7.483 14.545 16.221 25.500 2.956 13.941 10.382 13.276 10.179 7.743 14.406 22.897 24.156 8.908 7.948 24.501 28.804 15.278 5.163 8.969 25.161 24.915 6.386 17.275 22.653 20.438 23.200 16.082 7.127 8.111 18.665 13.862 16.234 30.749 8.507 23.919 13.360 14.194 1.193 11.989 22.861 23.019 10.156 31.654 28.945 29.798 -999.000 -999.000 -999.000 -999.000 -999.000 -999.000 -999.000 -999.000 -999.000 -999.000 -999.000 -999.000 -999.000 -999.000 17.065 18.402 11.587 12.312 16.678 5.973 8.849 13.229
6.093 20.995 27.265 21.775 8.123 14.720 14.862 3.528 8.419 6.372 11.732 20.710 27.470 12.272 28.645 18.064 26.045 11.995 9.902 25.303 29.817 15.620 12.185 24.403 28.308 11.993 19.000 22.421 15.649 11.045 7.360 16.185 19.719 12.512 10.664 22.736 24.315 6.598 27.017 12.145 2.683 9.056 20.002 26.646 24.366 3.228 25.467 30.154 34.038 -999.000 -999.000 -999.000 -999.000 -999.000 -999.000 -999.000 -999.000 -999.000 -999.000 -999.000 -999.000 -999.000 -999.000 -999.000 13.220 8.906 3.926 11.747 4.669 5.854 1.837
11.607 16.246 23.812 14.930 6.087 21.941 21.090 15.215 18.674 18.789 14.127 5.359 13.512 6.226 24.351 21.113 34.261 25.180 3.492 12.051 22.938 27.584 12.002 21.805 28.280 11.389 13.624 28.437 26.391 26.537 23.822 17.423 15.400 20.217 13.605 23.520 27.344 5.766 13.783 18.328 14.572 5.865 19.334 23.697 22.719 1.622 31.100 34.838 41.389 -999.000 -999.000 -999.000 -999.000 -999.000 -999.000 -999.000 -999.000 -999.000 -999.000 -999.000 -999.000 -999.000 -999.000 25.230 25.230 8.698 11.421 12.844 7.183 3.627 3.698
22.373 2.583 16.567 2.489 20.011 28.562 4.099 7.465 8.430 10.403 18.901 21.958 19.569 14.777 11.440 21.512 20.578 21.617 25.306 10.402 8.497 26.161 22.777 18.770 25.133 10.513 24.558 24.895 7.578 5.812 11.783 13.334 24.463 19.885 15.115 23.428 22.190 9.922 30.555 20.088 3.923 17.089 21.431 29.988 22.631 8.542 26.216 35.857 31.467 -999.000 -999.000 -999.000 -999.000 -999.000 -999.000 -999.000 -999.000 -999.000 -999.000 -999.000 -999.000 -999.000 -999.000 -999.000 15.535 16.214 13.305 3.210 3.504 9.385 11.728
22.424 5.915 20.298 15.132 7.145 16.867 10.760 11.734 7.319 16.220 17.258 7.562 14.798 21.450 11.538 16.301 24.817 26.849 31.967 20.410 14.870 10.745 21.607 21.506 21.570 5.838 19.612 30.295 23.510 26.105 16.138 16.235 15.157 10.777 2.166 17.454 23.277 11.174 23.193 18.894 7.820 12.768 25.719 27.819 16.243 12.234 27.910 29.298 41.264 -999.000 -999.000 -999.000 -999.000 -999.000 -999.000 -999.000 -999.000 -999.000 -999.000 -999.000 -999.000 -999.000 -999.000 -999.000 -999.000 -999.000 17.566 24.140 18.007 21.982 25.917
13.516 12.003 25.312 18.459 20.989 16.176 8.757 20.849 13.832 9.760 12.839 10.501 21.997 27.255 11.178 16.842 13.727 14.046 18.963 26.070 30.327 15.702 7.539 9.822 16.316 10.301 28.420 22.981 16.355 11.822 20.179 12.501 20.623 15.539 12.555 21.039 24.543 9.037 29.082 18.428 11.589 24.780 22.065 28.070 9.095 19.609 17.793 27.997 36.212 24.160 -999.000 -999.000 -999.000 -999.000 -999.000 -999.000 -999.000 -999.000 -999.000 -999.000 -999.000 -999.000 -999.000 -999.000 -999.000 -999.000 -999.000 31.501 26.490 30.317 29.482
5.251 15.055 28.713 17.347 18.675 2.818 7.246 17.045 22.715 27.054 27.854 12.477 17.580 24.369 7.174 10.886 3.445 17.039 10.803 25.963 24.542 18.451 19.552 21.457 10.580 19.235 32.177 30.092 24.003 5.543 22.446 11.132 26.703 9.575 17.894 20.272 21.978 4.342 25.870 16.190 3.685 15.050 24.536 32.737 6.050 28.535 21.829 14.646 16.940 27.992 19.686 -999.000 -999.000 -999.000 -999.000 -999.000 -999.000 -999.000 -999.000 -999.000 -999.000 -999.000 -999.000 -999.000 -999.000 -999.000 -999.000 36.303 31.338 27.447 23.898
19.480 17.935 13.264 14.725 15.153 5.728 12.066 18.292 8.665 9.968 12.887 16.609 20.247 25.852 28.358 19.426 13.135 12.125 16.788 17.039 9.195 6.751 22.867 27.494 14.699 14.186 30.306 28.743 18.756 6.322 8.853 8.712 14.983 2.625 15.158 26.590 21.596 15.121 25.138 14.899 4.909 21.762 30.413 24.685 12.364 25.112 23.195 14.423 9.662 29.788 24.049 -999.000 -999.000 -999.000 -999.000 -999.000 -999.000 -999.000 -999.000 -999.000 -999.000 -999.000 -999.000 -999.000 -999.000 -999.000 -999.000 36.303 29.943 2.493 3.350
15.772 17.080 24.765 9.232 11.361 6.183 2.894 16.496 23.375 24.686 21.518 7.259 15.375 20.558 10.677 7.771 6.909 13.226 13.594 17.791 11.508 10.338 26.478 27.554 18.768 7.511 32.033 33.813 27.231 16.425 27.617 16.246 19.325 11.998 26.845 23.541 15.217 16.551 24.021 5.545 14.749 21.242 27.558 17.685 14.290 21.741 11.421 7.769 14.105 17.084 -999.000 -999.000 -999.000 -999.000 -999.000 -999.000 -999.000 -999.000 -999.000 -999.000 -999.000 -999.000 -999.000 -999.000 -999.000 -999.000 -999.000 -999.000 21.862 28.973 17.457
14.562 18.800 7.957 4.982 6.515 14.432 11.460 11.929 2.403 9.226 19.591 24.334 6.716 19.904 22.878 23.160 17.007 13.856 25.317 20.198 18.162 6.451 19.109 20.896 23.973 5.888 25.853 34.014 20.383 20.447 3.822 8.935 15.186 2.254 20.576 26.693 14.649 14.137 31.179 15.287 15.733 31.854 33.110 7.477 19.249 25.550 20.714 9.535 10.007 14.678 13.040 -999.000 -999.000 -999.000 -999.000 -999.000 -999.000 -999.000 -999.000 -999.000 -999.000 -999.000 -999.000 -999.000 -999.000 -999.000 -999.000 -999.000 -999.000 27.916 25.688
13.545 5.652 9.952 2.472 11.224 8.060 15.807 20.183 18.808 10.179 17.725 26.808 4.210 27.747 24.722 8.003 16.892 8.424 12.098 17.500 8.717 9.818 19.397 21.658 27.156 11.905 15.536 29.692 15.485 7.696 13.491 22.986 15.730 10.792 24.394 24.243 6.863 25.306 23.245 2.410 25.442 32.375 20.472 11.098 24.641 16.996 9.138 8.564 18.569 27.995 -999.000 -999.000 -999.000 -999.000 -999.000 -999.000 -999.000 -999.000 -999.000 -999.000 -999.000 -999.000 -999.000 -999.000 -999.000 -999.000 -999.000 -999.000 -999.000 20.687 24.345
15.611 19.640 14.105 1.202 8.988 10.377 2.526 11.483 17.457 20.079 19.724 21.688 8.352 30.784 17.195 4.266 13.900 4.478 2.919 6.173 9.138 19.244 15.266 26.599 32.130 22.999 6.359 19.502 25.154 24.507 18.091 13.049 6.882 9.355 23.116 29.083 7.310 22.490 25.395 17.088 36.795 33.122 8.578 21.192 25.457 15.002 15.764 5.998 37.760 37.760 -999.000 -999.000 -999.000 -999.000 -999.000 -999.000 -999.000 -999.000 -999.000 -999.000 -999.000 -999.000 -999.000 -999.000 -999.000 -999.000 -999.000 -999.000 -999.000 -999.000 -999.000
27.916 20.020 20.952 15.163 15.497 5.831 10.810 7.081 9.428 9.601 21.724 15.375 10.076 26.973 14.992 9.400 6.624 20.512 4.310 3.215 4.784 11.741 9.829 22.148 24.737 16.663 5.944 23.221 28.308 14.139 17.661 19.335 6.062 6.419 20.029 27.466 5.854 26.304 18.500 18.835 34.829 26.576 9.930 29.538 26.347 7.037 9.300 5.416 22.542 -999.000 -999.000 -999.000 -999.000 -999.000 -999.000 -999.000 -999.000 -999.000 -999.000 -999.000 -999.000 -999.000 -999.000 -999.000 -999.000 -999.000 -999.000 -999.000 -999.000 -999.000 -999.000
23.633 27.172 24.180 29.411 11.005 19.325 1.155 15.734 16.676 15.174 14.067 15.920 9.855 29.995 14.266 16.636 7.127 20.345 10.463 14.908 16.123 17.140 19.375 15.122 21.255 29.412 13.917 13.098 21.056 27.078 27.344 23.737 12.024 20.234 17.467 21.134 2.792 24.083 7.465 24.333 30.063 7.475 26.339 34.240 24.865 9.909 12.916 21.519 12.871 -999.000 -999.000 -999.000 -999.000 -999.000 -999.000 -999.000 -999.000 -999.000 -999.000 -999.000 -999.000 -999.000 -999.000 -999.000 -999.000 -999.000 -999.000 -999.000 -999.000 -999.000 -999.000
7.572 15.602 13.436 21.273 14.109 15.412 11.299 4.045 5.048 18.073 26.305 14.194 7.711 25.506 15.018 23.287 14.689 19.999 13.458 13.328 10.571 13.212 19.655 18.068 8.614 26.679 21.665 7.531 22.694 28.078 29.923 25.609 13.692 15.490 20.967 24.377 6.552 22.041 8.250 26.447 25.468 3.925 29.789 24.008 15.280 7.981 6.912 33.353 -999.000 -999.000 -999.000 -999.000 -999.000 -999.000 -999.000 -999.000 -999.000 -999.000 -999.000 -999.000 -999.000 -999.000 -999.000 -999.000 -999.000 -999.000 -999.000 -999.000 -999.000 -999.000 -999.000
24.387 13.686 2.984 11.633 24.737 18.401 14.248 19.811 16.192 5.534 9.340 26.465 14.770 6.757 16.276 20.330 13.411 14.551 5.010 15.249 11.931 20.993 17.174 5.618 13.404 26.078 21.912 6.671 13.847 21.730 28.065 25.902 12.956 11.875 17.991 22.739 8.076 18.808 13.682 24.048 13.240 12.880 24.649 22.473 21.455 10.301 30.783 24.238 -999.000 -999.000 -999.000 -999.000 -999.000 -999.000 -999.000 -999.000 -999.000 -999.000 -999.000 -999.000 -999.000 -999.000 -999.000 -999.000 -999.000 -999.000 -999.000 -999.000 -999.000 -999.000 -999.000
26.908 25.480 5.330 6.969 24.324 18.690 10.171 23.162 20.970 9.114 13.793 24.918 14.067 1.338 10.533 7.540 17.414 8.929 20.920 24.141 18.688 6.391 19.848 12.293 10.374 15.373 22.632 20.449 1.419 14.955 24.178 31.219 19.674 10.585 14.185 17.931 8.943 7.624 20.011 20.443 2.528 26.263 30.138 12.719 9.482 8.067 28.499 -999.000 -999.000 -999.000 -999.000 -999.000 -999.000 -999.000 -999.000 -999.000 -999.000 -999.000 -999.000 -999.000 -999.000 -999.000 -999.000 -999.000 -999.000 -999.000 -999.000 -999.000 -999.000 -999.000 -999.000
22.420 17.210 15.158 6.507 16.320 15.993 11.396 13.537 11.792 16.134 6.933 12.936 21.388 19.361 16.227 18.415 19.426 24.411 8.587 6.872 5.001 3.038 14.780 8.972 3.833 10.807 25.721 26.655 9.966 11.130 23.707 28.534 21.744 19.531 23.967 19.699 11.184 9.385 16.890 13.172 10.313 26.093 19.300 19.818 9.247 10.587 28.970 -999.000 -999.000 -999.000 -999.000 -999.000 -999.000 -999.000 -999.000 -999.000 -999.000 -999.000 -999.000 -999.000 -999.000 -999.000 -999.000 -999.000 -999.000 -999.000 -999.000 -999.000 -999.000 -999.000 -999.000
15.990 14.412 22.961 19.609 3.507 4.656 16.509 17.084 16.034 22.253 8.357 5.566 12.204 20.722 23.934 6.733 18.812 13.545 26.076 24.683 20.265 8.938 9.393 17.144 14.416 7.918 25.233 24.263 17.551 2.144 14.942 26.207 17.688 28.482 28.719 27.987 21.852 16.124 5.497 7.156 14.137 23.609 23.279 17.104 13.184 11.192 24.617 -999.000 -999.000 -999.000 -999.000 -999.000 -999.000 -999.000 -999.000 -999.000 -999.000 -999.000 -999.000 -999.000 -999.000 -999.000 -999.000 -999.000 -999.000 -999.000 -999.000 -999.000 -999.000 -999.000 -999.000
11.260 12.679 27.030 22.277 14.450 2.248 18.667 25.599 22.817 25.308 12.075 10.345 14.387 19.193 21.576 20.741 18.407 21.668 12.159 7.721 3.099 9.540 12.975 14.710 15.857 7.349 22.367 26.284 21.745 11.494 11.401 18.333 18.933 21.481 16.878 13.700 12.128 3.354 6.541 17.762 21.692 19.994 11.924 16.461 27.506 19.693 24.617 -999.000 -999.000 -999.000 -999.000 -999.000 -999.000 -999.000 -999.000 -999.000 -999.000 -999.000 -999.000 -999.000 -999.000 -999.000 -999.000 -999.000 -999.000 -999.000 -999.000 -999.000 -999.000 -999.000 -999.000
8.584 5.230 16.420 21.611 15.104 11.664 0.852 11.968 19.004 26.421 24.113 19.563 6.095 16.449 23.585 19.280 6.778 23.605 29.243 27.703 19.468 12.057 9.592 6.702 8.770 10.791 20.371 15.993 17.582 13.625 1.599 10.803 4.599 2.338 13.528 15.313 19.011 14.244 9.973 15.953 22.489 22.102 17.025 15.216 28.985 -999.000 -999.000 -999.000 -999.000 -999.000 -999.000 -999.000 -999.000 -999.000 -999.000 -999.000 -999.000 -999.000 -999.000 -999.000 -999.000 -999.000 -999.000 -999.000 -999.000 -999.000 -999.000 -999.000 -999.000 -999.000 -999.000
12.044 10.322 20.188 8.292 10.584 18.695 15.992 7.179 15.106 21.866 13.437 8.773 9.983 16.588 9.713 10.323 4.004 16.013 21.487 14.868 17.161 14.650 11.166 17.351 12.385 8.703 13.372 18.106 23.576 17.947 4.212 3.611 9.563 19.142 24.870 26.844 28.791 21.923 16.365 8.974 7.534 13.269 17.547 21.458 22.348 -999.000 -999.000 -999.000 -999.000 -999.000 -999.000 -999.000 -999.000 -999.000 -999.000 -999.000 -999.000 -999.000 -999.000 -999.000 -999.000 -999.000 -999.000 -999.000 -999.000 -999.000 -999.000 -999.000 -999.000 -999.000 -999.000
13.612 17.149 16.262 7.885 5.442 16.254 20.794 10.772 10.461 19.999 19.537 19.641 7.214 16.691 21.246 21.125 8.238 16.529 21.707 14.051 4.458 7.600 14.118 13.151 18.908 13.015 10.402 14.645 17.345 13.070 0.583 18.622 16.211 11.289 6.722 13.231 14.501 19.350 21.865 16.350 15.436 17.558 29.760 29.760 -999.000 -999.000 -999.000 -999.000 -999.000 -999.000 -999.000 -999.000 -999.000 -999.000 -999.000 -999.000 -999.000 -999.000 -999.000 -999.000 -999.000 -999.000 -999.000 -999.000 -999.000 -999.000 -999.000 -999.000 -999.000 -999.000 -999.000
20.222 27.320 15.731 21.953 13.410 9.705 9.908 17.417 7.454 21.552 19.795 10.447 10.545 12.513 8.011 13.172 4.020 15.426 6.305 5.675 12.101 11.570 17.961 4.610 17.495 15.816 19.908 25.057 20.665 11.570 6.538 21.275 23.911 15.975 9.462 4.913 6.991 12.010 12.499 22.049 4.062 18.372 23.438 -999.000 -999.000 -999.000 -999.000 -999.000 -999.000 -999.000 -999.000 -999.000 -999.000 -999.000 -999.000 -999.000 -999.000 -999.000 -999.000 -999.000 -999.000 -999.000 -999.000 -999.000 -999.000 -999.000 -999.000 -999.000 -999.000 -999.000 -999.000
2.013 7.958 5.518 11.027 9.001 16.645 18.673 11.016 8.270 21.050 21.869 10.622 17.612 19.166 18.246 15.638 9.445 17.749 21.051 21.117 21.676 17.998 22.417 15.477 17.917 18.705 17.409 17.273 15.493 2.795 13.351 22.314 17.767 10.665 16.113 15.197 14.336 11.115 9.047 13.730 8.443 9.540 28.359 -999.000 -999.000 -999.000 -999.000 -999.000 -999.000 -999.000 -999.000 -999.000 -999.000 -999.000 -999.000 -999.000 -999.000 -999.000 -999.000 -999.000 -999.000 -999.000 -999.000 -999.000 -999.000 -999.000 -999.000 -999.000 -999.000 -999.000 -999.000
22.053 16.935 16.077 10.230 6.860 12.304 16.841 15.090 11.137 17.327 23.893 17.745 24.001 24.124 19.098 15.187 21.020 19.318 22.232 23.022 20.976 22.461 20.929 26.309 21.054 21.927 15.900 5.315 6.503 5.628 17.357 22.558 13.077 5.412 6.727 8.661 13.402 11.501 5.714 6.409 19.946 28.616 24.278 -999.000 -999.000 -999.000 -999.000 -999.000 -999.000 -999.000 -999.000 -999.000 -999.000 -999.000 -999.000 -999.000 -999.000 -999.000 -999.000 -999.000 -999.000 -999.000 -999.000 -999.000 -999.000 -999.000 -999.000 -999.000 -999.000 -999.000 -999.000
7.255 5.004 10.332 8.896 7.251 4.708 7.745 7.685 3.826 14.597 17.545 19.847 19.602 13.562 10.544 8.169 7.031 8.717 13.251 13.152 13.581 17.263 10.587 17.340 12.259 11.602 8.412 3.432 2.985 4.540 10.166 15.405 17.963 21.152 23.131 20.491 18.683 19.555 4.560 23.639 17.746 28.616 -999.000 -999.000 -999.000 -999.000 -999.000 -999.000 -999.000 -999.000 -999.000 -999.000 -999.000 -999.000 -999.000 -999.000 -999.000 -999.000 -999.000 -999.000 -999.000 -999.000 -999.000 -999.000 -999.000 -999.000 -999.000 -999.000 -999.000 -999.000 -999.000
19.981 15.595 13.378 5.631 11.396 16.702 18.945 15.754 6.548 6.752 5.560 10.561 7.551 4.536 1.586 0.668 0.228 0.210 0.185 1.560 0.779 2.151 1.943 1.876 1.684 0.855 0.414 3.977 8.785 15.397 15.255 11.994 2.523 4.734 9.039 7.476 5.070 10.439 25.814 17.254 -999.000 -999.000 -999.000 -999.000 -999.000 -999.000 -999.000 -999.000 -999.000 -999.000 -999.000 -999.000 -999.000 -999.000 -999.000 -999.000 -999.000 -999.000 -999.000 -999.000 -999.000 -999.000 -999.000 -999.000 -999.000 -999.000 -999.000 -999.000 -999.000 -999.000 -999.000
3.039 2.013 7.438 10.795 15.417 9.821 14.321 15.116 9.241 2.950 0.884 0.447 0.478 0.109 0.000 0.000 0.034 0.137 0.144 0.841 0.227 0.642 0.016 0.675 4.170 3.911 8.235 12.610 17.676 25.247 22.084 27.461 17.996 19.393 18.969 18.896 13.914 25.239 25.814 -999.000 -999.000 -999.000 -999.000 -999.000 -999.000 -999.000 -999.000 -999.000 -999.000 -999.000 -999.000 -999.000 -999.000 -999.000 -999.000 -999.000 -999.000 -999.000 -999.000 -999.000 -999.000 -999.000 -999.000 -999.000 -999.000 -999.000 -999.000 -999.000 -999.000 -999.000 -999.000
9.320 13.313 17.558 15.701 11.472 10.084 21.598 16.816 7.255 3.433 1.914 0.960 0.221 0.000 0.018 3.435 6.352 13.291 12.882 14.639 13.852 11.430 11.843 11.671 11.812 15.585 17.582 16.641 19.148 16.276 17.741 12.983 19.791 5.156 15.929 7.801 14.745 13.223 -999.000 -999.000 -999.000 -999.000 -999.000 -999.000 -999.000 -999.000 -999.000 -999.000 -999.000 -999.000 -999.000 -999.000 -999.000 -999.000 -999.000 -999.000 -999.000 -999.000 -999.000 -999.000 -999.000 -999.000 -999.000 -999.000 -999.000 -999.000 -999.000 -999.000 -999.000 -999.000 -999.000
16.704 22.957 9.319 17.587 4.878 13.224 19.876 15.702 7.887 1.995 0.000 0.000 2.952 4.909 8.299 11.992 19.763 24.923 21.536 25.770 14.240 16.283 19.742 19.876 20.478 20.845 10.272 11.078 11.999 14.524 13.023 10.403 13.623 14.537 29.936 24.816 8.307 -999.000 -999.000 -999.000 -999.000 -999.000 -999.000 -999.000 -999.000 -999.000 -999.000 -999.000 -999.000 -999.000 -999.000 -999.000 -999.000 -999.000 -999.000 -999.000 -999.000 -999.000 -999.000 -999.000 -999.000 -999.000 -999.000 -999.000 -999.000 -999.000 -999.000 -999.000 -999.000 -999.000 -999.000
