SVN_repositor/meteoio/trunk/tests/dem_reading/ref_SLOPE.asc
ncols               386
nrows               229
xllcorner    479500.000
yllcorner     73500.000
cellsize       1000.000
NODATA_value -999
[rows 96 to 127 of 229, columns 213 to 283 of 386]
3.230 4.149 6.909 11.147 13.492 16.128 12.724 12.248 9.485 15.425 14.394 18.422 20.410 20.681 17.767 7.012 4.892 15.437 5.871 21.808 9.189 12.035 13.660 17.324 6.145 10.310 21.433 22.032 28.099 30.330 15.722 5.649 10.287 21.792 10.344 5.803 6.679 10.165 17.492 20.547 15.311 4.831 16.668 3.402 16.997 9.003 13.809 10.902 22.373 11.683 7.889 11.583 9.853 16.365 18.290 24.178 11.187 25.323 14.773 18.521 15.193 18.413 20.620 9.627 10.020 17.389 13.756 5.762 3.210 9.471 15.974
18.748 13.154 7.960 1.498 11.576 13.988 17.000 19.977 20.853 24.981 19.965 18.858 6.790 5.081 3.505 4.059 12.052 13.362 1.187 7.523 15.880 11.230 18.976 18.767 12.629 9.304 26.834 23.762 22.712 18.951 4.504 11.556 11.071 21.740 20.527 19.347 17.220 9.578 10.208 27.553 19.599 11.007 17.432 7.089 14.914 7.545 17.847 11.210 15.967 2.159 10.292 22.237 8.142 26.127 19.241 20.236 13.369 16.146 8.587 3.683 12.982 17.981 20.460 7.571 11.985 20.274 14.962 11.238 2.442 2.657 13.279
24.431 21.358 20.697 22.017 13.832 5.072 5.866 17.433 14.447 16.366 6.240 12.782 11.041 10.445 7.134 9.789 11.058 11.829 3.183 6.599 5.735 14.276 2.890 1.082 13.472 22.157 19.663 24.396 17.974 14.030 5.107 15.400 8.498 17.541 19.874 18.558 24.668 17.628 2.859 18.334 22.342 18.656 9.386 16.174 11.659 16.088 3.475 7.087 12.488 14.026 19.707 19.476 13.166 12.681 19.233 17.737 6.263 20.129 17.903 20.002 19.475 19.780 13.880 13.775 10.068 16.357 19.277 13.600 2.039 0.479 4.679
14.071 13.154 12.972 21.713 18.475 22.320 15.759 16.820 11.174 14.181 5.673 2.187 10.497 15.930 2.611 2.213 11.522 12.570 7.680 4.144 16.875 8.831 12.474 0.596 8.267 12.496 16.455 26.601 19.161 5.536 20.345 14.386 16.490 11.398 21.353 5.196 17.366 20.018 10.009 10.882 19.246 9.173 8.752 15.587 15.329 15.694 19.127 12.452 21.923 19.761 18.327 8.084 17.636 11.459 21.555 6.103 4.019 13.895 12.745 11.582 13.188 20.370 16.320 17.252 10.695 16.945 19.279 14.006 3.753 0.697 6.912
4.046 4.185 7.234 6.718 11.643 20.418 18.313 21.511 25.301 24.337 18.078 10.143 4.642 11.393 14.646 9.757 9.906 10.675 5.711 3.972 1.864 9.767 6.355 17.639 9.446 7.915 11.243 21.259 12.631 18.047 22.459 11.701 19.588 13.243 22.323 2.546 14.265 20.137 22.105 9.950 24.087 17.520 15.399 18.536 7.398 16.752 4.632 16.867 15.817 10.256 12.879 8.775 11.246 12.588 12.518 8.237 8.437 15.779 20.780 22.519 15.987 25.076 10.215 19.151 4.358 16.808 20.252 14.879 1.590 2.883 11.772
17.711 14.925 10.380 6.849 7.059 9.686 17.655 15.034 21.481 15.727 22.540 23.551 10.021 9.885 13.613 9.550 10.128 10.321 11.717 2.561 11.298 6.884 17.914 14.502 19.777 16.748 23.835 23.644 6.355 22.534 19.875 9.740 8.163 11.252 11.743 9.690 12.081 19.040 25.223 7.185 24.657 13.749 8.322 14.872 9.041 12.856 7.379 13.994 6.271 1.943 6.466 8.564 6.246 8.939 15.578 9.846 6.522 4.527 10.852 12.316 14.356 23.022 4.695 17.841 7.561 19.898 20.672 10.845 0.840 3.971 13.056
6.501 7.488 4.781 8.564 11.970 13.451 13.074 16.397 5.439 14.476 4.174 19.141 16.575 5.897 15.220 17.294 10.933 7.064 6.329 5.576 9.819 6.167 15.835 16.070 17.085 19.064 17.199 8.264 11.681 17.362 17.218 8.737 7.439 14.346 9.166 5.464 13.200 15.369 25.292 4.501 25.442 13.033 11.387 12.214 17.185 7.685 13.608 6.461 8.158 14.764 19.012 19.820 19.934 19.422 15.088 13.238 6.003 7.467 10.986 16.537 20.196 18.493 8.171 11.923 13.675 19.576 17.590 10.774 0.783 4.669 21.343
21.184 22.291 20.837 15.657 18.675 5.593 3.955 12.936 7.945 16.566 5.908 15.108 22.689 15.473 19.317 21.436 11.608 4.148 1.326 0.916 8.194 7.453 14.724 17.550 17.624 20.088 10.596 3.198 25.822 23.923 21.175 13.970 17.659 10.890 6.720 1.330 12.619 18.338 23.220 8.228 21.224 14.751 11.370 17.548 22.980 7.609 10.533 7.309 15.217 9.686 7.150 7.624 7.179 15.028 20.382 19.549 28.178 21.749 23.932 27.566 16.590 1.746 18.555 16.478 17.623 20.601 19.166 12.883 6.447 10.559 18.166
13.785 13.319 11.867 9.878 5.435 1.547 6.013 18.318 6.588 16.420 9.413 8.323 14.329 22.478 3.051 17.441 11.430 3.851 6.042 13.663 11.157 13.103 22.957 20.059 21.514 11.459 6.767 9.955 18.012 17.976 12.979 21.239 12.514 7.549 4.950 13.830 21.612 17.376 15.801 9.218 16.651 12.366 12.802 24.363 23.428 15.022 13.404 12.145 9.148 18.432 20.992 21.018 19.388 8.829 5.738 3.365 15.178 10.898 22.696 18.243 0.327 20.693 22.810 19.751 23.392 20.576 19.434 12.307 3.645 10.365 22.625
12.893 10.807 6.815 5.730 8.924 1.746 10.745 6.832 7.939 14.460 7.780 7.064 12.398 17.474 4.571 18.533 9.807 6.365 4.494 10.550 12.301 20.403 22.576 24.561 23.265 14.650 11.398 22.313 13.965 11.135 15.834 7.839 3.909 7.894 18.831 16.676 13.238 7.295 6.207 10.948 20.805 19.918 25.727 22.530 13.673 10.232 15.626 19.993 14.675 23.168 22.170 29.329 28.452 36.542 30.185 30.139 26.301 14.548 14.794 9.738 19.666 27.225 18.862 12.815 16.869 23.031 20.382 12.424 5.080 11.149 20.745
18.947 8.114 10.130 14.527 9.361 7.107 1.208 11.538 10.422 12.967 8.020 8.158 9.834 12.583 6.097 20.121 20.564 6.953 10.614 15.659 14.071 14.680 2.662 14.090 24.762 10.603 22.362 21.699 1.970 9.576 20.316 15.977 7.852 17.574 20.716 19.543 9.570 12.176 23.301 22.559 25.801 23.141 14.534 10.675 7.442 8.634 7.709 8.242 3.448 6.901 2.122 9.583 7.271 21.750 13.207 13.274 14.529 17.098 15.768 9.068 26.931 24.712 3.320 17.532 18.714 23.227 21.916 9.620 1.235 12.483 20.260
14.854 8.924 13.393 15.560 17.423 9.175 7.913 3.814 10.869 17.524 8.037 15.557 7.879 9.858 9.400 17.434 4.999 10.954 14.396 13.568 5.122 10.840 15.735 15.924 21.994 6.708 26.394 28.862 15.047 12.969 27.321 4.898 16.638 10.169 11.329 8.717 16.349 25.474 29.788 24.002 22.758 18.728 7.600 2.960 7.668 12.145 5.179 14.235 11.499 16.634 19.913 16.592 10.035 18.508 16.531 21.917 22.790 21.270 12.796 15.598 31.290 12.022 13.205 17.647 21.143 26.894 18.829 3.642 6.209 11.866 22.926
27.730 23.252 25.295 21.746 22.493 22.930 19.455 19.449 18.614 13.548 7.357 8.047 9.127 16.304 17.615 9.697 4.281 13.174 10.349 10.329 11.147 11.316 5.225 11.176 25.890 8.337 28.973 30.848 15.290 21.647 29.268 14.613 22.123 17.539 16.633 20.620 24.246 30.665 23.140 18.947 8.081 12.113 2.994 12.636 4.532 9.610 4.721 2.146 8.260 3.381 11.258 19.221 7.978 9.956 12.915 21.138 20.875 14.607 3.543 25.888 20.243 3.902 15.535 22.816 24.165 23.583 15.269 2.309 12.354 15.092 22.660
17.786 17.895 11.568 14.133 10.691 17.105 20.487 20.173 22.294 27.879 23.878 22.884 17.614 7.230 9.405 8.937 7.633 11.895 8.924 21.210 14.621 11.751 9.791 19.048 19.281 16.890 33.975 22.992 21.721 14.337 15.586 20.483 17.406 18.811 19.678 23.231 22.645 20.176 5.728 6.265 8.544 4.004 8.750 9.186 7.501 10.860 8.524 7.820 6.297 8.821 2.775 22.000 17.733 10.787 18.475 16.323 17.504 12.396 13.719 21.571 10.887 9.745 28.760 25.285 26.045 18.945 9.802 4.899 11.247 19.500 22.662
13.849 8.496 9.404 18.388 9.873 10.756 4.211 7.822 15.873 20.835 23.902 21.759 17.556 19.105 14.248 4.869 16.015 8.536 24.418 20.981 19.872 19.867 11.122 21.275 20.120 18.768 30.618 18.914 13.762 4.307 11.759 11.042 13.213 11.984 9.958 13.281 14.902 11.759 6.845 13.429 10.274 12.107 11.038 13.711 15.772 12.240 18.959 18.354 10.452 13.027 9.256 16.894 20.007 16.670 18.822 25.156 14.902 5.941 15.994 21.377 17.028 29.058 30.359 23.819 18.273 11.260 1.887 12.165 22.334 16.890 7.481
9.923 14.703 14.184 20.705 11.365 28.390 23.831 20.955 12.230 7.846 8.080 8.779 11.830 14.044 13.691 10.609 12.884 16.699 17.983 13.596 13.991 11.917 25.270 21.615 17.093 6.714 17.875 15.667 14.181 16.848 8.760 11.830 7.707 4.867 4.462 4.039 9.003 7.699 11.138 8.944 9.588 9.827 11.815 14.147 11.025 16.359 13.337 20.918 20.337 20.953 20.741 22.077 20.443 22.386 11.141 18.199 22.732 13.504 25.226 24.507 31.586 30.323 25.594 17.999 7.345 3.426 3.216 8.023 14.304 15.645 13.011
22.004 14.542 8.793 14.655 20.096 12.671 21.617 20.478 19.062 22.185 21.823 25.705 20.262 19.883 23.626 19.840 23.019 21.446 9.603 2.845 13.352 23.908 20.422 7.065 18.646 27.040 4.043 7.011 14.952 6.388 6.794 9.020 8.268 19.414 7.454 16.082 8.947 16.581 10.475 8.396 4.513 5.779 5.770 9.068 13.695 13.051 9.497 17.505 20.020 25.573 22.685 24.623 22.878 24.439 17.212 20.304 17.696 12.895 25.864 19.110 25.761 16.860 8.805 0.834 13.204 16.279 13.587 3.692 13.952 19.443 21.946
29.683 25.244 24.519 15.546 21.653 6.770 6.600 20.967 8.373 13.441 23.990 15.658 18.783 20.511 16.737 17.919 15.593 10.710 6.556 13.310 13.625 19.619 24.695 5.948 33.186 17.639 18.215 17.311 18.176 6.819 5.891 2.537 8.449 20.081 10.400 19.274 9.111 10.041 9.541 9.500 6.854 8.509 9.287 11.395 8.804 9.102 10.445 5.908 10.263 7.621 14.672 11.998 19.595 21.743 25.541 24.316 21.899 16.185 7.931 8.247 6.144 2.615 7.320 11.262 24.151 18.345 22.561 10.897 9.644 6.858 1.048
27.298 21.321 14.974 19.269 13.598 4.683 8.912 16.442 4.191 22.327 18.809 12.112 20.447 11.792 11.088 9.243 4.420 9.137 17.161 11.987 2.691 19.467 22.839 17.000 31.251 6.340 23.066 4.114 21.749 4.477 11.066 11.863 9.084 9.522 11.044 5.834 12.784 1.366 10.083 8.997 13.123 13.570 11.345 12.904 14.773 13.837 6.584 5.886 4.182 2.803 3.810 2.365 9.176 10.632 17.161 14.676 14.611 6.293 2.344 4.022 11.481 14.440 17.472 21.147 21.508 11.595 16.060 15.500 13.921 21.036 22.373
30.617 26.897 18.355 8.815 4.131 8.766 15.267 22.987 6.185 27.840 20.444 7.730 3.013 12.753 6.679 4.971 7.330 4.298 13.544 19.227 17.674 31.718 22.207 22.621 23.371 7.007 16.730 2.547 10.503 4.232 11.629 13.671 14.789 21.603 14.096 12.152 17.012 1.918 14.081 5.130 12.585 16.651 15.822 11.862 14.262 12.194 5.256 3.098 5.095 7.281 5.192 3.996 1.136 1.603 4.329 4.511 2.393 1.924 7.528 12.769 20.609 23.266 24.915 27.471 14.905 12.146 18.541 7.708 14.215 19.902 18.546
14.459 30.111 26.881 22.629 13.112 12.521 15.057 30.248 29.272 23.739 14.203 12.811 18.368 21.156 16.364 5.127 8.064 6.439 9.104 12.192 14.485 22.970 27.416 21.416 25.687 13.834 23.135 13.739 10.729 13.346 10.654 6.984 12.167 12.972 18.601 7.616 21.612 9.259 14.500 9.880 7.247 14.853 13.367 12.109 13.690 13.008 9.641 5.551 10.567 2.341 6.110 5.533 3.468 1.576 7.372 4.710 6.761 9.502 16.640 18.012 26.216 23.117 20.379 18.455 12.853 14.483 21.026 6.933 18.212 18.780 14.926
1.596 21.667 34.113 26.444 9.218 7.943 16.021 20.037 10.554 14.021 10.327 13.471 17.642 17.229 3.589 9.774 4.680 11.973 6.961 26.346 9.609 24.768 22.953 11.028 12.118 15.924 8.786 7.734 13.579 18.077 7.913 8.918 12.777 10.112 10.136 6.065 15.590 18.335 13.004 16.211 5.233 10.179 16.215 10.748 13.255 14.205 11.779 7.919 9.966 3.142 3.615 4.235 4.912 10.854 10.745 12.806 13.547 7.390 11.792 19.510 16.349 10.324 6.730 10.961 6.000 17.214 20.972 5.667 17.412 14.080 9.431
13.642 12.316 25.606 31.267 21.371 10.063 5.175 19.610 23.189 25.628 25.332 5.734 19.641 18.630 21.814 5.652 12.133 15.562 11.307 23.610 5.084 17.392 11.579 18.917 12.434 14.944 16.556 15.832 16.232 9.344 1.995 10.838 15.429 14.083 10.523 11.993 11.812 17.173 17.089 17.429 15.854 14.068 19.570 12.812 11.547 12.172 5.289 4.236 5.236 11.515 16.516 13.987 10.610 11.452 15.329 12.458 21.327 2.289 20.110 20.092 12.223 10.992 12.727 11.193 3.874 18.269 20.521 5.910 13.450 18.002 18.695
26.682 8.551 30.737 30.652 18.539 18.472 19.284 24.191 21.534 20.178 8.396 11.945 25.281 8.757 2.403 7.848 16.787 5.949 18.861 21.193 15.481 13.481 19.582 4.566 13.463 8.450 7.710 5.405 11.399 16.524 11.738 7.793 15.846 16.821 11.910 14.663 13.892 13.197 19.707 18.306 20.094 19.937 15.622 13.595 4.147 6.488 7.141 14.854 14.196 16.220 14.681 13.017 10.767 5.846 18.678 6.748 20.710 8.263 2.433 13.799 16.666 14.188 14.554 17.354 3.110 13.119 14.856 10.305 3.851 10.058 18.232
21.903 1.228 25.409 30.721 25.145 27.677 28.007 22.766 15.023 5.769 5.310 17.356 26.484 7.063 24.028 7.541 23.555 4.825 15.988 16.766 6.422 7.502 13.813 14.912 14.519 25.205 20.285 20.467 23.309 22.620 19.376 11.196 9.741 15.012 15.660 8.178 5.329 2.905 1.904 1.301 4.932 8.491 7.074 3.124 12.663 18.086 21.629 23.172 16.838 15.193 19.124 12.769 25.352 6.406 23.521 7.717 21.812 21.989 3.682 14.998 14.401 16.695 19.067 18.904 9.364 9.807 21.246 17.197 7.789 8.866 21.184
24.754 5.159 22.006 15.532 15.562 21.680 13.818 4.534 11.280 26.847 18.908 21.567 17.979 6.275 10.173 9.956 23.113 11.244 21.724 10.110 12.016 7.070 14.355 16.886 16.455 20.209 23.659 23.694 18.103 20.857 16.250 15.722 13.657 12.913 5.183 3.681 10.966 14.629 18.214 18.484 16.342 13.932 8.382 13.021 18.991 22.737 24.588 17.812 19.754 12.585 19.118 12.609 21.083 14.142 14.915 12.583 14.522 18.419 14.027 5.327 11.659 14.425 20.260 17.711 10.485 6.575 8.084 16.491 10.507 5.464 18.065
3.889 14.330 23.195 10.015 13.022 13.597 18.600 22.177 28.254 24.031 13.687 14.531 15.660 7.627 15.906 3.717 7.307 16.916 10.618 24.860 13.172 19.322 20.748 20.777 23.551 19.150 23.810 21.546 19.378 17.341 10.824 10.501 6.359 3.928 9.397 11.203 16.425 15.589 14.153 15.782 16.978 15.771 10.562 11.856 17.710 14.847 10.667 15.169 16.954 16.737 12.902 10.997 21.011 13.280 16.259 13.495 13.848 22.746 17.375 3.057 11.275 16.566 17.149 19.229 21.063 4.777 14.029 15.481 9.593 5.370 19.081
11.587 29.765 29.391 27.821 21.790 19.574 20.360 27.161 29.101 15.174 18.755 2.032 7.714 3.481 3.377 13.918 21.989 11.196 9.113 16.999 16.636 17.351 24.541 21.408 27.053 22.702 17.697 17.463 11.131 3.085 4.017 10.732 13.994 14.404 17.770 16.115 14.473 14.197 12.798 12.126 14.566 15.226 12.912 4.032 18.028 17.808 19.848 12.956 10.186 11.201 9.093 12.498 19.300 9.870 14.801 14.851 16.677 20.786 18.031 5.435 6.000 16.707 19.712 15.421 19.290 10.390 12.394 17.492 8.116 6.067 18.992
29.771 38.773 21.154 34.701 12.755 25.697 26.976 13.370 17.893 7.026 16.410 5.550 10.638 12.312 9.416 3.393 8.549 19.313 9.493 14.188 16.975 20.428 21.755 20.141 10.013 7.581 2.497 7.017 10.194 17.921 18.778 18.572 16.458 10.542 13.556 13.974 12.383 9.336 5.221 8.116 9.988 13.360 11.590 8.856 15.002 8.985 13.135 20.760 16.034 5.488 17.235 21.531 10.556 8.170 10.624 11.462 13.538 18.598 19.084 8.918 3.898 12.456 22.631 20.477 14.717 10.341 11.628 15.208 8.079 6.951 18.460
26.812 30.072 15.165 22.888 18.960 15.524 21.547 12.033 13.903 6.957 12.440 5.461 3.612 8.867 12.123 11.319 21.573 22.621 19.362 16.544 19.680 23.543 15.233 7.218 8.761 12.730 17.458 21.820 19.977 23.053 17.738 16.162 15.679 11.755 9.656 13.087 2.156 1.981 8.986 14.028 15.187 14.888 7.284 6.756 22.855 17.757 21.587 26.076 15.040 12.454 20.861 22.983 7.325 16.107 11.482 7.697 15.811 16.602 17.496 10.668 0.909 10.296 18.580 22.577 22.906 11.487 12.269 13.466 7.002 4.432 25.057
22.777 28.882 2.739 21.047 16.807 9.416 24.578 10.361 9.791 12.257 13.351 14.451 13.109 18.026 17.812 15.822 23.972 22.340 23.449 14.598 12.404 10.450 6.773 8.701 19.012 19.198 18.917 17.100 20.358 16.360 13.179 13.219 10.065 11.681 10.230 6.183 4.970 9.799 14.143 12.117 14.945 9.589 4.752 12.666 8.444 10.549 16.079 18.087 9.619 12.458 21.508 20.009 2.066 20.623 4.453 12.310 14.619 17.103 16.300 9.613 1.504 5.750 20.462 17.634 18.537 17.084 4.706 14.166 8.432 4.012 20.349
15.710 26.537 9.550 11.175 17.468 9.311 16.084 5.367 3.864 14.812 7.343 15.136 19.566 19.355 19.346 24.689 19.857 13.009 7.891 6.300 8.728 16.513 11.790 17.862 21.810 18.024 14.223 13.775 20.919 10.914 11.712 11.394 2.631 11.545 4.922 2.271 6.409 14.322 13.229 13.840 8.392 2.198 9.407 10.818 14.114 13.593 8.484 19.137 3.906 22.754 19.152 12.170 13.615 16.280 7.492 11.896 11.429 12.951 14.770 11.994 4.458 5.875 9.642 12.534 23.765 18.507 16.425 17.244 6.473 10.085 23.566
