SVN_repositor/meteoio/trunk/tests/dem_reading/ref_SLOPE.asc
ncols               386
nrows               229
xllcorner    479500.000
yllcorner     73500.000
cellsize       1000.000
NODATA_value -999
[rows 128 to 159 of 229, columns 213 to 283 of 386]
2.795 18.790 18.441 8.765 18.951 12.590 6.814 5.262 10.444 15.179 19.153 18.706 18.111 15.105 20.048 17.851 8.716 1.536 13.360 19.181 23.332 19.328 17.699 12.657 20.108 15.366 10.027 15.207 17.191 10.843 12.546 12.164 5.850 7.669 4.190 8.442 13.292 13.121 13.926 10.304 3.121 6.243 21.562 8.017 12.439 10.879 16.200 15.395 0.868 17.232 20.388 6.993 13.469 8.865 4.715 11.915 12.559 13.535 13.205 8.827 6.946 11.007 8.370 4.861 13.145 18.852 22.637 14.308 10.960 6.050 18.605
9.310 23.814 6.680 8.771 7.540 8.150 3.986 13.076 17.584 13.356 18.897 12.924 18.564 16.906 6.340 3.667 13.877 20.734 27.491 20.476 19.928 10.173 16.104 6.431 20.977 22.654 12.639 14.105 9.991 9.411 14.701 4.429 7.465 6.149 5.705 12.297 13.089 16.303 10.703 8.551 5.350 18.811 21.608 13.006 7.702 9.066 14.723 14.435 4.496 20.605 17.600 6.502 18.056 2.971 13.972 12.383 13.161 8.729 4.208 9.134 13.676 17.264 23.131 19.055 17.899 3.244 8.046 11.589 12.696 11.981 15.586
11.161 17.461 20.114 8.284 16.043 16.020 15.128 12.304 20.531 16.775 17.508 17.700 10.389 9.034 3.829 8.718 9.171 17.125 19.006 10.555 8.411 8.518 16.928 11.094 10.819 21.661 18.462 10.071 1.335 5.027 7.670 5.414 2.967 7.290 11.231 16.414 14.276 10.768 6.201 6.758 13.671 21.120 25.106 17.134 14.512 13.416 16.458 9.963 10.461 21.954 14.111 10.826 14.973 3.274 10.602 11.474 6.745 6.298 13.258 14.794 8.904 10.858 12.408 12.291 17.656 13.982 11.071 3.888 2.568 9.491 14.882
7.868 11.323 3.968 11.110 17.679 16.642 21.633 11.880 15.237 12.469 10.866 11.561 7.899 5.647 4.783 4.985 15.929 16.655 20.497 6.835 16.869 18.380 16.480 12.646 0.247 19.872 23.241 15.981 6.867 8.431 13.976 12.430 10.478 18.833 20.664 16.217 8.399 5.751 11.784 15.888 12.997 20.473 16.024 9.808 7.200 13.652 15.008 2.305 14.088 13.512 7.935 9.579 12.357 5.512 9.564 12.606 18.892 20.229 20.026 22.827 21.520 11.476 26.733 7.981 15.074 17.771 19.906 19.458 10.183 2.512 9.941
6.811 3.579 17.659 8.747 22.209 9.997 16.648 3.372 0.937 8.576 9.938 9.609 12.075 12.128 6.230 7.879 4.808 12.482 22.218 11.598 9.184 17.493 13.573 24.073 14.543 8.555 23.293 20.790 7.640 10.554 1.773 5.327 13.324 13.502 16.039 5.872 4.367 19.100 12.611 21.503 14.392 16.462 26.502 14.105 6.561 9.725 6.098 7.592 20.499 9.250 13.619 16.445 15.630 17.120 16.858 23.479 23.988 19.557 12.697 14.741 21.452 5.324 28.205 19.253 17.620 17.230 18.119 20.128 14.891 10.935 4.450
14.684 13.129 8.842 15.251 19.169 8.073 2.561 13.428 10.238 20.557 13.300 18.391 19.376 11.680 18.242 7.286 15.801 8.452 23.913 18.835 9.757 15.140 13.014 13.638 16.922 2.922 23.395 23.908 4.467 10.211 12.340 10.461 10.307 13.957 9.095 4.851 24.584 18.510 15.762 20.650 17.263 16.428 19.257 14.471 15.976 3.823 7.410 14.419 8.965 4.364 21.232 12.452 17.067 17.299 15.144 19.183 7.117 1.150 11.247 19.249 18.021 6.825 23.027 16.671 5.930 7.012 13.741 14.295 15.368 16.344 13.261
1.701 11.281 14.078 12.488 2.843 3.294 14.202 13.344 12.070 11.849 10.517 15.307 13.621 12.782 19.806 7.626 19.239 9.246 15.946 11.885 6.012 7.658 4.702 3.382 15.559 13.238 13.676 22.704 3.134 13.109 9.897 7.816 17.426 10.548 11.374 11.402 21.076 14.514 11.869 22.433 24.364 12.365 20.342 12.449 18.576 6.823 17.523 18.224 11.046 18.825 24.410 15.045 9.785 8.577 2.369 8.827 14.073 14.783 16.604 19.437 14.999 8.300 26.853 20.173 7.982 1.180 13.571 13.047 13.131 15.256 11.158
9.326 14.104 7.959 8.292 13.247 18.467 18.008 9.393 15.723 4.953 14.253 13.619 3.332 17.571 21.005 2.136 15.833 6.300 15.436 23.225 7.541 11.479 7.266 12.926 26.436 24.832 13.810 15.309 5.757 9.841 13.771 8.568 7.847 10.396 9.021 25.187 15.044 19.486 11.016 21.815 21.954 12.220 26.237 10.464 8.823 4.464 16.906 17.928 1.286 26.719 19.494 16.443 6.714 2.153 7.453 16.144 13.781 15.758 17.295 16.497 5.528 16.309 25.270 18.569 15.974 5.334 14.704 12.011 13.940 18.030 15.649
9.578 12.674 15.584 14.094 13.075 17.404 8.411 9.582 14.877 8.114 20.187 2.453 9.685 16.288 12.961 7.729 22.581 15.735 6.191 19.460 11.222 16.459 16.276 13.401 19.449 18.215 15.552 11.102 4.086 12.062 11.530 7.036 14.075 10.646 20.747 24.133 6.770 10.660 8.144 21.551 22.023 8.906 21.795 17.086 12.957 10.098 16.634 16.824 7.544 30.421 12.198 12.767 7.678 9.466 8.779 9.503 15.677 14.507 14.344 15.507 2.296 23.460 26.714 15.780 15.684 6.382 12.803 10.615 18.717 18.068 13.518
19.258 5.886 14.748 10.370 3.768 15.390 11.638 19.857 10.187 16.557 10.510 4.924 15.299 13.959 8.057 16.459 23.660 21.333 18.781 17.908 9.632 13.153 4.666 4.841 9.941 11.819 11.502 1.707 7.263 4.483 14.856 7.130 8.151 9.269 20.001 17.497 5.357 11.287 14.950 27.224 15.326 19.620 22.451 8.899 9.393 5.380 15.340 15.358 2.973 29.848 18.339 11.678 10.667 10.064 10.053 9.722 7.231 12.481 21.451 14.069 8.738 27.210 25.319 12.661 12.848 4.376 16.296 11.198 13.880 14.496 11.711
11.646 6.174 4.705 8.401 10.671 8.577 9.085 14.695 8.092 16.824 9.792 11.917 22.058 12.883 6.424 15.238 23.649 17.668 10.797 2.000 11.303 15.237 14.369 11.012 11.560 9.476 12.101 2.403 8.183 9.901 9.636 10.095 13.213 5.319 21.926 14.171 4.565 20.864 22.418 17.492 9.370 12.280 24.855 16.403 4.214 10.394 13.205 14.030 4.181 26.592 11.473 12.891 7.048 7.609 8.807 11.499 15.735 21.728 19.005 11.207 15.953 26.985 18.710 8.620 10.662 2.748 13.546 7.751 14.517 16.081 14.210
14.247 13.060 9.279 8.366 7.752 8.545 12.691 16.012 6.386 14.497 7.352 17.493 15.058 6.309 6.338 2.883 19.741 17.992 8.828 9.814 11.373 22.094 5.595 11.389 5.727 6.451 3.998 4.020 13.372 5.327 17.634 7.082 13.850 9.996 20.454 4.625 12.606 23.966 13.746 6.391 4.873 10.444 20.285 13.351 8.584 4.598 13.633 13.918 6.440 23.140 11.846 5.009 8.186 9.626 8.054 8.599 6.748 12.930 25.873 13.378 18.851 29.984 22.067 6.857 8.875 5.823 15.820 8.906 14.507 14.869 15.641
5.244 11.513 5.132 7.245 10.856 6.250 8.088 12.962 3.801 7.727 10.044 18.857 9.596 11.850 16.698 11.329 12.760 22.281 19.357 11.512 18.283 23.899 6.506 17.955 8.183 8.565 10.319 9.275 14.956 8.040 6.770 21.858 11.861 20.318 9.707 10.142 22.061 12.082 3.846 10.759 16.564 4.287 19.757 13.639 1.592 4.529 9.064 7.973 14.048 18.096 14.601 8.372 11.922 9.975 10.462 13.931 5.678 16.430 26.164 13.594 24.333 23.350 9.497 11.190 9.615 8.867 11.411 6.470 12.811 15.992 15.096
2.216 14.328 8.290 7.639 11.292 6.577 6.776 11.837 10.549 6.920 18.017 9.375 8.991 20.297 14.023 18.765 10.763 8.749 4.952 8.057 13.371 26.722 12.911 21.449 14.908 15.824 10.697 13.916 18.682 11.065 7.076 14.453 15.581 8.943 8.383 16.359 13.032 4.937 11.373 16.822 16.086 11.838 8.444 20.865 12.146 7.292 13.100 13.518 5.728 12.205 11.321 3.683 10.593 15.554 17.249 14.173 13.363 9.463 19.326 10.043 15.718 26.287 17.903 6.378 7.931 3.469 7.342 6.148 10.708 14.277 14.352
7.864 4.805 9.103 11.413 7.799 1.171 9.746 3.133 4.283 12.860 14.905 4.882 14.058 21.069 9.412 21.750 10.717 14.440 4.799 8.419 9.506 29.993 11.733 19.202 16.278 11.589 4.656 14.696 20.969 9.683 9.187 18.077 10.968 16.898 17.050 12.935 10.273 10.768 20.677 11.383 14.247 13.675 14.976 19.706 2.175 10.095 7.613 6.541 5.589 12.914 14.772 17.012 21.351 18.697 15.379 14.625 18.595 12.090 9.072 4.653 12.089 17.130 14.785 10.259 8.139 4.651 4.123 4.197 12.474 13.072 8.779
4.683 3.645 10.209 18.422 6.777 16.738 1.348 13.524 5.807 11.805 6.568 5.555 17.968 20.320 7.801 12.045 7.024 10.273 15.256 16.129 20.151 24.313 13.252 16.769 12.144 4.320 7.888 17.568 18.495 6.862 10.604 13.188 21.344 16.473 12.441 1.686 9.538 18.953 7.383 8.679 8.540 4.079 10.451 13.957 4.836 10.068 10.791 4.156 8.512 6.087 19.710 19.430 26.869 18.337 6.695 4.204 4.275 9.411 7.455 16.598 5.168 18.828 19.718 11.291 7.055 3.671 7.354 11.423 13.819 7.117 12.455
14.828 10.267 17.438 9.039 12.571 6.394 9.731 7.211 9.914 11.430 12.460 3.604 15.532 19.653 11.400 16.511 13.215 16.369 18.674 20.090 14.749 21.998 4.726 18.740 12.380 8.083 5.951 16.296 20.321 7.953 11.174 4.080 9.451 7.293 11.401 9.603 16.125 6.401 0.752 6.136 7.756 2.531 11.838 4.846 8.909 17.267 17.171 17.143 19.630 18.526 19.902 13.044 8.521 2.925 15.497 17.883 21.114 21.042 13.227 15.599 8.056 18.778 16.921 5.735 11.552 6.990 11.417 7.814 9.374 8.492 15.245
11.726 11.052 10.896 3.729 15.035 9.953 7.256 4.448 3.514 6.766 10.202 6.540 10.613 21.781 18.530 15.510 11.807 12.603 12.350 6.087 6.166 17.057 9.503 12.223 13.063 18.389 14.795 12.617 15.164 12.052 15.430 5.459 12.941 15.282 5.821 16.785 10.901 1.288 10.827 11.561 12.490 0.540 8.822 16.144 19.722 19.917 18.671 20.667 17.098 17.508 3.671 5.768 11.335 14.641 20.361 12.499 16.606 12.095 11.389 25.530 13.723 22.752 21.877 11.493 2.787 3.711 6.023 5.393 10.769 9.328 26.471
10.610 10.069 1.614 14.785 7.504 15.226 9.246 10.336 3.936 6.567 7.426 7.603 1.622 8.095 8.742 12.936 7.922 6.273 7.888 11.199 5.449 8.877 7.606 18.266 21.029 15.013 13.150 12.038 15.453 18.677 7.449 16.636 8.290 16.875 7.788 18.864 10.918 6.724 12.832 9.087 8.057 12.686 18.378 16.887 11.612 11.242 0.270 8.712 12.065 12.995 21.148 9.010 15.738 18.127 16.646 6.879 12.252 12.919 7.649 28.504 9.124 23.705 20.409 10.409 10.484 8.073 11.119 2.189 9.784 12.568 15.828
12.644 7.960 4.926 5.341 3.535 8.529 10.043 5.775 2.505 2.162 9.404 10.167 6.305 1.821 7.792 11.664 14.010 13.138 14.335 19.109 19.846 20.051 23.610 22.088 18.947 10.337 8.518 15.086 9.606 13.353 4.510 16.387 9.430 13.894 1.811 15.678 6.693 9.678 16.151 15.821 22.776 13.496 10.091 3.304 8.008 11.845 20.035 21.331 23.417 21.644 15.218 6.973 5.114 17.513 10.207 8.339 5.642 8.857 7.438 25.992 15.589 18.820 22.333 10.730 5.601 1.797 5.892 1.418 10.481 5.199 13.380
19.750 14.931 16.556 15.687 13.934 14.483 10.938 12.631 9.154 8.057 8.430 9.209 11.438 15.438 10.945 6.692 9.579 11.415 11.205 9.517 8.259 13.167 11.028 18.849 26.342 17.681 14.679 19.662 9.709 13.035 6.877 16.055 9.540 18.150 3.721 11.919 4.274 20.458 21.487 19.423 18.483 5.970 6.723 20.661 18.882 19.711 12.172 19.120 12.079 12.619 7.262 10.414 1.914 20.108 14.521 15.390 7.556 7.598 16.288 21.043 4.762 7.828 16.333 21.989 20.785 11.734 8.118 7.347 8.793 4.612 1.433
14.432 17.552 24.258 24.837 25.794 28.379 25.950 19.270 16.594 6.072 9.810 1.143 2.122 8.797 13.473 10.540 11.178 9.178 7.261 15.131 17.994 18.803 7.638 23.297 28.924 6.151 5.691 19.802 15.850 6.379 5.846 11.943 12.337 13.126 10.835 5.848 16.545 17.279 7.436 9.987 12.508 11.826 20.944 15.009 14.011 15.920 5.967 17.311 10.280 8.802 7.137 16.555 21.385 27.830 27.830 17.269 23.889 5.725 13.173 9.134 27.618 26.862 21.069 28.298 18.817 7.684 4.343 7.582 7.396 3.527 6.465
15.968 9.102 8.255 1.935 8.645 12.632 20.392 28.260 24.613 23.214 24.402 22.052 17.890 14.641 6.687 8.098 17.035 21.258 22.436 17.334 15.045 18.725 13.975 8.841 29.763 17.505 16.650 23.630 16.890 13.483 5.957 4.930 14.553 15.409 10.031 16.724 8.269 2.318 9.410 15.357 10.815 12.605 9.918 2.133 5.896 2.701 12.450 14.160 28.851 12.904 16.631 21.385 -999.000 -999.000 -999.000 -999.000 19.550 15.466 7.683 28.550 28.550 -999.000 -999.000 39.856 15.405 15.575 17.018 9.876 6.711 6.254 12.006
22.575 21.340 23.755 25.596 19.740 10.855 2.302 20.589 23.311 26.899 24.479 24.322 21.232 20.755 15.868 6.950 2.506 6.253 10.919 5.688 12.124 21.282 16.017 12.693 26.948 20.401 16.568 25.272 23.424 9.981 7.883 4.870 3.091 8.844 8.978 6.149 12.469 7.593 14.414 7.758 5.721 4.830 13.748 7.825 6.461 9.689 16.740 13.994 37.416 -999.000 -999.000 -999.000 -999.000 -999.000 -999.000 -999.000 15.764 19.550 4.567 27.668 -999.000 -999.000 -999.000 27.786 13.287 15.551 8.403 6.855 5.457 13.417 13.413
11.792 16.696 16.463 26.736 25.649 28.187 15.181 3.346 6.319 21.302 15.710 21.822 23.843 18.969 19.631 19.729 15.951 8.293 15.291 21.333 22.306 21.658 15.612 8.451 25.697 20.380 17.298 20.651 11.316 15.608 8.743 10.150 13.178 17.874 21.072 21.985 17.943 11.363 5.716 17.469 8.457 14.044 9.424 10.310 5.936 8.981 11.473 9.695 27.809 -999.000 -999.000 -999.000 -999.000 -999.000 -999.000 -999.000 -999.000 12.228 24.665 22.711 -999.000 -999.000 -999.000 14.304 6.702 16.533 19.643 18.173 13.580 10.162 4.982
7.773 10.439 13.081 13.556 17.962 25.041 19.068 23.243 8.696 5.292 4.199 9.463 15.970 20.607 19.662 17.956 16.921 7.782 18.851 17.193 19.179 20.885 9.856 14.607 30.659 28.095 22.577 14.676 4.905 20.244 14.633 13.014 4.396 4.909 12.477 8.672 8.119 1.538 11.677 12.889 12.188 7.863 10.581 16.780 12.950 9.926 8.876 15.637 30.358 -999.000 -999.000 -999.000 -999.000 -999.000 -999.000 -999.000 -999.000 -999.000 18.552 24.665 -999.000 -999.000 -999.000 20.641 9.268 12.550 3.815 13.150 14.600 19.807 9.576
11.247 14.078 3.665 8.811 4.276 15.985 20.124 24.329 13.243 22.114 13.459 9.611 5.338 6.046 18.896 23.428 15.962 10.441 17.394 19.473 18.153 13.470 1.715 21.932 35.586 25.455 13.017 3.222 11.989 18.347 19.551 26.929 19.433 12.713 15.625 14.840 9.786 11.175 10.830 15.027 11.020 3.914 11.185 24.582 16.363 13.642 7.347 25.221 25.221 -999.000 -999.000 -999.000 -999.000 -999.000 -999.000 -999.000 -999.000 -999.000 -999.000 -999.000 -999.000 -999.000 -999.000 27.624 8.406 11.814 7.203 3.038 8.972 14.916 11.417
2.315 15.610 20.891 8.035 2.660 3.355 22.509 21.297 18.050 18.570 14.468 19.238 12.903 3.270 10.418 24.624 18.415 2.082 15.091 16.776 19.143 16.498 1.824 23.893 34.810 26.146 11.144 7.546 14.091 9.612 17.022 20.210 27.100 16.810 7.522 20.077 3.565 9.849 6.477 12.331 17.215 9.437 11.844 21.105 18.729 6.624 23.136 18.011 -999.000 -999.000 -999.000 -999.000 -999.000 -999.000 -999.000 -999.000 -999.000 -999.000 -999.000 -999.000 -999.000 -999.000 -999.000 24.560 6.839 17.882 12.190 12.018 5.140 4.595 19.203
6.441 5.364 19.715 13.260 2.166 2.834 11.539 13.230 13.881 6.290 12.237 11.997 25.902 9.425 8.013 24.629 23.746 8.696 10.577 22.141 21.359 17.939 4.788 22.733 35.181 23.939 18.410 3.449 14.349 14.865 13.358 9.683 23.795 20.798 4.126 26.335 5.007 16.125 7.218 10.479 17.253 10.212 2.884 12.078 23.299 9.709 23.136 -999.000 -999.000 -999.000 -999.000 -999.000 -999.000 -999.000 -999.000 -999.000 -999.000 -999.000 -999.000 -999.000 -999.000 -999.000 -999.000 16.780 9.802 22.131 9.398 14.943 11.702 7.141 11.654
16.311 6.460 15.800 13.389 20.690 1.959 14.851 13.754 13.449 4.983 13.732 17.596 17.881 24.424 12.912 16.950 27.442 14.835 5.142 16.142 26.893 22.111 13.052 11.778 28.361 31.830 27.203 16.865 18.288 16.453 17.363 13.195 31.806 25.972 4.751 29.355 10.479 17.560 6.164 5.521 13.128 16.005 5.779 12.259 21.013 26.284 24.258 -999.000 -999.000 -999.000 -999.000 -999.000 -999.000 -999.000 -999.000 -999.000 -999.000 -999.000 -999.000 -999.000 -999.000 -999.000 -999.000 19.714 3.589 17.291 5.275 2.116 14.408 9.034 12.893
23.443 2.966 24.441 17.835 10.329 13.774 13.306 25.671 25.867 25.305 24.508 26.625 24.635 24.175 18.052 1.856 21.468 28.475 13.569 6.989 20.307 23.950 18.566 3.196 11.868 26.560 35.621 27.187 28.200 26.386 15.088 18.408 31.420 25.302 8.144 23.785 17.641 8.671 19.870 3.617 13.749 14.512 11.231 11.766 24.449 26.240 35.622 -999.000 -999.000 -999.000 -999.000 -999.000 -999.000 -999.000 -999.000 -999.000 -999.000 -999.000 -999.000 -999.000 -999.000 -999.000 -999.000 22.855 5.374 14.496 13.040 5.818 14.917 4.904 13.863
16.267 6.467 22.552 15.754 11.346 3.032 0.605 13.510 18.555 8.765 7.610 10.742 17.433 22.906 21.431 10.858 15.328 28.482 28.271 7.723 12.519 21.904 25.194 21.074 2.268 16.674 29.299 21.976 19.910 9.725 4.237 8.375 22.766 19.845 5.909 19.372 19.261 6.889 19.115 8.943 15.015 15.173 14.895 13.105 6.734 21.818 36.880 37.648 -999.000 -999.000 -999.000 -999.000 -999.000 -999.000 -999.000 -999.000 -999.000 -999.000 -999.000 -999.000 -999.000 -999.000 -999.000 21.645 10.465 4.629 16.471 8.090 17.652 3.751 15.437
