SVN_repositor/meteoio/trunk/tests/dem_reading/ref_SLOPE.asc
ncols               386
nrows               229
xllcorner    479500.000
yllcorner     73500.000
cellsize       1000.000
NODATA_value -999
[rows 128 to 159 of 229, columns 0 to 70 of 386]
-999.000 -999.000 -999.000 -999.000 -999.000 -999.000 -999.000 -999.000 -999.000 -999.000 -999.000 -999.000 -999.000 -999.000 -999.000 -999.000 -999.000 -999.000 -999.000 -999.000 -999.000 -999.000 -999.000 -999.000 -999.000 -999.000 -999.000 -999.000 -999.000 -999.000 -999.000 -999.000 -999.000 -999.000 -999.000 -999.000 19.114 24.735 26.625 7.900 5.432 9.491 9.844 6.227 4.823 5.357 4.084 3.251 2.693 1.468 3.070 2.994 0.259 0.727 2.444 3.453 2.170 0.508 0.550 2.415 2.146 0.607 3.644 2.623 1.824 4.532 3.657 2.264 1.835 0.064 2.326
-999.000 -999.000 -999.000 -999.000 -999.000 -999.000 -999.000 -999.000 -999.000 -999.000 -999.000 -999.000 -999.000 -999.000 -999.000 -999.000 -999.000 -999.000 -999.000 -999.000 -999.000 -999.000 -999.000 -999.000 -999.000 -999.000 -999.000 -999.000 -999.000 -999.000 -999.000 -999.000 -999.000 -999.000 2.366 6.007 15.610 4.304 3.265 10.773 7.490 4.950 3.696 1.952 8.613 5.023 2.961 3.295 3.027 1.422 2.664 2.877 0.340 0.604 2.346 3.673 2.340 0.748 0.905 2.808 1.683 1.642 3.126 0.778 1.307 4.272 4.334 1.895 1.150 2.165 1.584
-999.000 -999.000 -999.000 -999.000 -999.000 -999.000 -999.000 -999.000 -999.000 -999.000 -999.000 -999.000 -999.000 -999.000 -999.000 -999.000 -999.000 -999.000 -999.000 -999.000 -999.000 -999.000 -999.000 -999.000 -999.000 -999.000 -999.000 -999.000 -999.000 -999.000 -999.000 -999.000 1.947 3.188 2.673 3.928 10.005 4.668 11.056 5.913 5.391 4.699 3.310 8.074 7.102 4.112 3.815 3.597 2.396 2.096 3.330 2.675 0.159 1.745 2.891 2.886 2.338 1.143 1.151 2.920 0.822 2.568 2.502 0.636 2.590 3.276 4.341 2.520 1.434 1.260 2.278
-999.000 -999.000 -999.000 -999.000 -999.000 -999.000 -999.000 -999.000 -999.000 -999.000 -999.000 -999.000 -999.000 -999.000 -999.000 -999.000 -999.000 -999.000 -999.000 -999.000 -999.000 -999.000 -999.000 -999.000 -999.000 -999.000 -999.000 -999.000 -999.000 -999.000 -999.000 1.986 2.656 1.510 2.678 1.420 3.923 3.484 4.364 2.684 3.591 5.218 7.191 8.929 6.137 2.777 2.238 3.212 2.791 2.306 2.857 2.241 0.433 2.595 2.363 3.133 2.300 0.822 1.430 2.011 0.762 1.940 0.761 0.687 2.310 3.717 4.611 2.212 0.837 1.507 3.485
-999.000 -999.000 -999.000 -999.000 -999.000 -999.000 -999.000 -999.000 -999.000 -999.000 -999.000 -999.000 -999.000 -999.000 -999.000 -999.000 -999.000 -999.000 -999.000 -999.000 -999.000 -999.000 -999.000 -999.000 -999.000 -999.000 -999.000 -999.000 -999.000 -999.000 4.131 3.777 2.400 4.085 4.005 1.657 8.298 1.871 6.887 2.201 4.489 2.114 7.100 8.526 6.879 4.372 3.305 3.916 2.997 2.222 2.426 1.294 1.094 3.388 3.140 2.008 1.127 0.700 1.241 1.354 0.248 1.659 0.739 2.179 2.444 2.610 3.023 1.825 0.679 3.735 5.543
-999.000 -999.000 -999.000 -999.000 -999.000 -999.000 -999.000 -999.000 -999.000 -999.000 -999.000 -999.000 -999.000 -999.000 -999.000 -999.000 -999.000 -999.000 -999.000 -999.000 -999.000 -999.000 -999.000 -999.000 -999.000 -999.000 -999.000 -999.000 -999.000 7.580 5.592 3.142 2.595 3.265 2.697 2.011 5.774 0.141 2.271 1.870 2.277 5.546 10.072 10.042 5.188 3.994 3.614 3.000 2.371 1.448 1.059 1.770 2.004 3.390 2.612 1.128 1.703 0.487 1.343 0.673 1.053 0.090 1.100 1.946 2.628 2.844 1.445 1.806 4.989 5.346 4.659
-999.000 -999.000 -999.000 -999.000 -999.000 -999.000 -999.000 -999.000 -999.000 -999.000 -999.000 -999.000 -999.000 -999.000 -999.000 -999.000 -999.000 -999.000 -999.000 -999.000 -999.000 -999.000 -999.000 -999.000 -999.000 -999.000 -999.000 -999.000 10.574 8.441 5.552 3.485 3.346 2.380 2.064 5.391 4.337 4.028 2.570 2.329 4.228 9.387 9.728 6.249 4.291 3.659 2.875 2.013 3.314 1.928 1.159 0.862 2.506 4.298 1.840 0.321 0.849 0.898 1.200 0.394 0.270 0.940 0.492 0.289 2.683 2.116 0.457 1.860 2.340 5.155 4.145
-999.000 -999.000 -999.000 -999.000 -999.000 -999.000 -999.000 -999.000 -999.000 -999.000 -999.000 -999.000 -999.000 -999.000 -999.000 -999.000 -999.000 -999.000 -999.000 -999.000 -999.000 -999.000 -999.000 -999.000 -999.000 -999.000 -999.000 7.086 9.107 6.677 5.645 2.851 2.118 3.094 4.665 6.975 5.544 4.575 1.723 4.686 7.824 9.394 6.204 4.773 3.117 2.456 2.966 1.440 1.087 1.065 0.523 1.261 1.462 3.176 1.432 0.560 0.513 0.915 1.094 0.381 0.781 1.471 1.594 0.988 3.562 2.020 2.009 2.427 4.911 3.568 0.823
-999.000 -999.000 -999.000 -999.000 -999.000 -999.000 -999.000 -999.000 -999.000 -999.000 -999.000 -999.000 -999.000 -999.000 -999.000 -999.000 -999.000 -999.000 -999.000 -999.000 -999.000 -999.000 -999.000 -999.000 -999.000 -999.000 5.477 5.898 6.048 5.898 2.652 2.060 4.625 5.750 8.255 6.172 5.569 4.200 5.940 6.749 8.361 6.468 5.077 3.521 2.525 2.360 1.292 0.039 1.969 2.583 2.145 1.889 3.397 3.003 0.488 0.497 0.588 0.869 1.037 0.857 1.296 1.477 2.274 2.264 3.765 3.313 2.224 3.555 2.033 2.851 0.182
-999.000 -999.000 -999.000 -999.000 -999.000 -999.000 -999.000 -999.000 -999.000 -999.000 -999.000 -999.000 -999.000 -999.000 -999.000 -999.000 -999.000 -999.000 -999.000 -999.000 -999.000 -999.000 -999.000 -999.000 -999.000 6.079 5.609 5.838 5.605 3.511 1.169 3.785 6.958 8.570 7.606 2.726 3.584 7.151 10.349 6.784 6.707 5.424 3.493 2.244 1.777 1.550 1.279 0.542 1.476 2.964 2.000 0.519 2.600 2.991 0.662 0.109 0.398 0.710 1.342 2.203 2.355 2.278 2.182 3.061 2.967 3.027 2.285 4.591 4.457 2.313 4.833
-999.000 -999.000 -999.000 -999.000 -999.000 -999.000 -999.000 -999.000 -999.000 -999.000 -999.000 -999.000 -999.000 -999.000 -999.000 -999.000 -999.000 -999.000 -999.000 -999.000 -999.000 -999.000 -999.000 -999.000 6.263 5.711 5.681 5.454 4.147 0.708 4.196 6.852 7.852 7.541 2.933 2.810 4.346 9.342 12.351 8.255 6.981 4.097 2.500 1.417 1.015 1.860 0.811 0.796 1.735 2.405 1.483 0.905 2.620 2.150 0.713 0.430 0.562 1.343 1.238 2.061 2.396 3.016 2.459 2.933 2.581 1.599 3.321 4.429 1.929 2.028 2.252
-999.000 -999.000 -999.000 -999.000 -999.000 -999.000 -999.000 -999.000 -999.000 -999.000 -999.000 -999.000 -999.000 -999.000 -999.000 -999.000 -999.000 -999.000 -999.000 -999.000 -999.000 -999.000 -999.000 4.750 5.621 5.455 5.824 4.202 0.714 4.098 6.605 7.071 7.352 5.708 3.841 4.675 7.321 10.838 13.602 8.425 4.286 2.455 1.410 1.289 1.659 1.363 0.440 0.381 1.131 3.952 1.884 2.382 2.029 2.385 0.834 0.368 0.678 1.973 2.368 2.090 2.276 2.475 1.810 2.041 2.138 0.217 2.775 4.516 1.571 1.171 1.168
-999.000 -999.000 -999.000 -999.000 -999.000 -999.000 -999.000 -999.000 -999.000 -999.000 -999.000 -999.000 -999.000 -999.000 -999.000 -999.000 -999.000 -999.000 -999.000 -999.000 -999.000 -999.000 5.348 6.327 5.676 5.240 3.733 0.474 4.286 6.074 6.376 6.549 6.240 4.997 3.080 4.169 8.452 14.522 11.892 6.339 2.447 0.824 0.873 1.197 1.057 1.514 0.879 0.491 1.977 2.710 0.800 0.899 2.362 2.909 0.795 0.180 1.225 2.037 2.312 2.051 2.673 1.981 1.920 1.901 1.604 0.480 3.300 3.902 0.647 0.942 0.942
-999.000 -999.000 -999.000 -999.000 -999.000 -999.000 -999.000 -999.000 -999.000 -999.000 -999.000 -999.000 -999.000 -999.000 -999.000 -999.000 -999.000 -999.000 -999.000 -999.000 4.432 4.836 5.385 4.528 4.858 4.226 0.818 5.290 7.670 6.561 6.576 5.354 4.883 2.408 1.196 5.556 12.513 15.152 8.915 3.633 1.200 0.491 1.131 1.894 1.292 1.084 0.540 0.646 2.023 3.786 2.036 2.510 2.959 2.544 0.343 0.307 1.570 2.322 2.000 1.451 1.797 1.992 2.259 2.070 1.900 1.092 3.655 3.892 1.800 1.164 0.595
-999.000 -999.000 -999.000 -999.000 -999.000 -999.000 -999.000 -999.000 -999.000 -999.000 -999.000 -999.000 -999.000 -999.000 -999.000 -999.000 -999.000 -999.000 -999.000 3.189 3.525 2.586 3.266 4.931 3.372 0.302 5.381 7.228 6.494 4.956 4.647 4.562 3.179 1.634 5.049 10.489 13.812 13.172 8.791 2.051 0.754 0.124 1.115 1.850 1.216 1.226 1.304 1.657 2.068 2.414 1.361 1.661 2.738 2.910 0.999 0.602 1.903 2.030 1.975 2.759 2.722 1.126 1.650 2.460 1.355 0.797 3.364 3.449 1.026 1.860 0.891
-999.000 -999.000 -999.000 -999.000 -999.000 -999.000 -999.000 -999.000 -999.000 -999.000 -999.000 -999.000 -999.000 -999.000 -999.000 -999.000 -999.000 -999.000 -999.000 2.857 3.189 2.268 4.383 3.541 2.102 3.765 5.996 6.692 3.820 0.920 2.726 4.403 1.373 3.280 9.126 13.317 13.354 12.144 6.328 0.854 0.752 0.199 1.375 2.357 1.434 1.207 2.022 1.150 1.963 3.179 0.631 2.367 2.474 2.420 1.667 1.304 2.554 2.645 1.950 2.745 2.623 2.269 2.276 1.820 1.006 1.481 2.821 2.085 2.150 1.239 1.521
-999.000 -999.000 -999.000 -999.000 -999.000 -999.000 -999.000 -999.000 -999.000 -999.000 -999.000 -999.000 -999.000 -999.000 -999.000 -999.000 -999.000 -999.000 -999.000 -999.000 1.965 7.456 2.370 0.948 2.594 5.905 5.758 4.541 0.717 1.717 4.586 1.604 4.001 9.489 13.087 14.832 12.493 8.391 1.972 0.506 0.602 0.561 1.627 2.597 1.857 1.206 1.969 1.966 1.466 2.026 0.586 1.810 2.280 2.209 1.961 1.974 2.517 2.224 2.710 3.141 2.751 1.166 1.084 1.225 0.612 0.473 1.693 2.423 2.381 1.161 2.425
-999.000 -999.000 -999.000 -999.000 -999.000 -999.000 -999.000 -999.000 -999.000 -999.000 -999.000 -999.000 -999.000 -999.000 -999.000 -999.000 -999.000 -999.000 -999.000 -999.000 -999.000 8.995 9.462 2.397 6.460 5.348 1.665 1.528 1.978 1.598 1.919 2.473 8.904 13.251 13.612 13.015 8.555 2.095 0.243 0.660 1.043 0.788 1.379 2.819 2.475 1.764 0.726 1.277 1.957 1.893 1.399 0.650 2.460 2.196 2.232 2.838 3.143 2.733 3.274 3.153 1.992 2.603 1.303 0.647 1.090 0.360 1.613 1.684 1.673 2.067 2.637
-999.000 -999.000 -999.000 -999.000 -999.000 -999.000 -999.000 -999.000 -999.000 -999.000 -999.000 -999.000 -999.000 -999.000 -999.000 -999.000 -999.000 -999.000 -999.000 -999.000 -999.000 -999.000 11.116 8.401 6.268 3.881 1.772 0.765 0.502 3.864 5.391 8.628 12.724 11.440 12.313 7.744 2.311 0.324 0.179 0.555 0.531 1.643 2.068 3.353 2.502 1.157 0.760 1.516 1.173 1.657 0.470 0.510 0.708 2.470 2.559 3.050 3.492 3.331 2.878 3.313 3.492 2.811 2.591 1.565 1.569 1.305 1.198 3.186 2.056 1.943 3.108
-999.000 -999.000 -999.000 -999.000 -999.000 -999.000 -999.000 -999.000 -999.000 -999.000 -999.000 -999.000 -999.000 -999.000 -999.000 -999.000 -999.000 -999.000 -999.000 -999.000 -999.000 -999.000 11.116 6.907 2.907 2.291 1.202 0.942 3.868 5.955 9.062 10.462 9.147 11.265 7.998 3.250 1.396 0.842 0.667 1.450 1.287 1.260 2.403 3.028 3.152 0.777 1.262 0.558 1.952 0.957 1.085 1.622 0.205 1.577 2.100 3.463 4.220 3.650 3.701 3.305 3.741 3.751 2.930 2.626 2.495 1.635 3.361 3.307 3.217 1.597 1.032
-999.000 -999.000 -999.000 -999.000 -999.000 -999.000 -999.000 -999.000 -999.000 -999.000 -999.000 -999.000 -999.000 -999.000 -999.000 -999.000 -999.000 -999.000 -999.000 -999.000 12.329 12.222 6.753 0.854 2.354 0.138 0.750 1.340 3.814 7.131 5.129 5.661 8.724 7.603 4.025 1.762 0.945 0.840 0.607 2.656 1.219 1.808 3.147 2.517 1.981 1.145 0.889 1.548 1.911 1.852 1.243 1.149 1.121 0.879 1.454 2.694 4.285 3.801 3.562 3.818 3.478 3.749 3.265 3.252 1.605 2.080 1.806 2.863 2.134 0.266 0.739
-999.000 -999.000 -999.000 -999.000 -999.000 -999.000 -999.000 -999.000 -999.000 -999.000 -999.000 -999.000 -999.000 -999.000 -999.000 -999.000 -999.000 -999.000 -999.000 -999.000 10.978 8.428 1.917 1.789 3.154 1.922 1.623 3.093 9.311 9.091 3.759 5.978 5.420 4.757 3.842 1.993 0.971 1.708 1.228 2.259 3.201 2.377 3.242 2.093 1.924 1.501 1.301 2.859 2.419 2.190 1.564 0.975 0.928 0.353 0.941 2.235 4.107 3.771 4.603 4.167 4.506 4.568 5.233 4.819 4.676 2.453 1.683 0.663 1.319 1.369 1.240
-999.000 -999.000 -999.000 -999.000 -999.000 -999.000 -999.000 -999.000 -999.000 -999.000 -999.000 -999.000 -999.000 -999.000 -999.000 -999.000 -999.000 -999.000 -999.000 9.962 7.418 1.479 1.973 3.427 2.892 2.975 3.265 7.683 9.000 7.163 7.798 6.225 6.871 4.351 1.837 1.035 1.197 1.410 2.088 2.696 3.175 2.230 3.261 2.424 1.929 1.822 2.433 1.975 2.031 1.644 1.051 0.646 0.739 0.614 0.695 1.046 2.059 3.163 4.474 5.297 5.987 6.383 7.911 7.236 5.738 1.720 0.689 1.884 2.736 1.012 1.774
-999.000 -999.000 -999.000 -999.000 -999.000 -999.000 -999.000 -999.000 -999.000 -999.000 -999.000 -999.000 -999.000 -999.000 -999.000 -999.000 -999.000 -999.000 14.026 14.026 2.377 1.469 4.451 4.707 2.572 2.906 5.807 8.161 9.694 6.784 3.962 1.845 4.392 2.280 1.692 1.501 1.657 2.196 2.416 2.968 3.042 2.386 1.727 1.788 1.368 2.114 1.972 1.224 0.782 0.478 0.525 0.699 0.618 0.551 0.326 0.164 0.922 1.479 2.630 2.799 3.968 4.872 5.337 6.988 6.986 5.696 2.063 3.663 1.928 1.549 2.058
-999.000 -999.000 -999.000 -999.000 -999.000 -999.000 -999.000 -999.000 -999.000 -999.000 -999.000 -999.000 -999.000 -999.000 -999.000 -999.000 -999.000 -999.000 10.979 5.106 1.373 3.946 3.665 3.491 3.179 6.944 9.120 10.291 6.612 4.278 2.884 4.037 1.458 2.627 1.773 1.433 1.870 3.139 4.064 3.159 2.552 2.035 1.851 1.292 1.526 1.979 1.243 1.031 0.229 0.000 0.000 0.002 0.000 0.002 0.000 0.000 0.000 0.101 0.454 0.402 0.545 1.284 2.163 5.542 7.728 9.808 9.655 7.532 4.994 0.951 2.638
-999.000 -999.000 -999.000 -999.000 -999.000 -999.000 -999.000 -999.000 -999.000 -999.000 -999.000 -999.000 -999.000 -999.000 -999.000 -999.000 -999.000 -999.000 10.381 2.605 3.251 4.696 4.562 3.924 5.961 6.740 9.770 8.187 5.605 3.122 1.070 1.321 3.333 2.411 2.102 3.026 3.367 4.959 3.408 2.976 2.359 1.460 1.424 1.790 1.533 1.307 1.100 0.573 0.000 0.000 0.000 0.000 0.000 0.000 0.000 0.000 0.000 0.000 0.000 0.000 0.000 0.000 0.000 1.999 5.190 4.433 8.477 6.830 6.097 4.985 4.110
-999.000 -999.000 -999.000 -999.000 -999.000 -999.000 -999.000 -999.000 -999.000 -999.000 -999.000 -999.000 -999.000 -999.000 -999.000 -999.000 -999.000 9.769 8.402 3.547 2.843 2.644 4.132 5.552 7.378 8.091 7.706 5.450 3.764 3.378 1.925 3.847 4.504 6.085 7.074 7.259 7.887 6.568 5.844 3.156 1.752 1.799 1.903 1.843 1.332 0.972 0.348 0.000 0.000 0.000 0.000 0.000 0.000 0.000 0.000 0.000 0.000 0.000 0.000 0.000 0.000 0.000 0.000 0.000 0.954 0.162 1.871 5.032 6.397 7.945 9.791
-999.000 -999.000 -999.000 -999.000 -999.000 -999.000 -999.000 -999.000 -999.000 -999.000 -999.000 -999.000 -999.000 -999.000 -999.000 -999.000 4.700 4.700 4.492 2.975 3.495 4.484 5.729 4.207 4.795 6.255 7.023 5.260 3.707 2.735 3.449 5.912 7.677 7.979 7.371 7.010 5.974 4.089 3.384 1.712 1.736 1.472 1.398 1.177 0.968 0.658 0.000 0.000 0.000 0.000 0.000 0.000 0.000 0.000 0.000 0.000 0.000 0.000 0.000 0.000 0.000 0.000 0.000 0.000 0.000 0.000 0.000 1.389 3.966 4.716 7.844
-999.000 -999.000 -999.000 -999.000 -999.000 -999.000 -999.000 -999.000 -999.000 -999.000 -999.000 -999.000 -999.000 -999.000 -999.000 -999.000 2.210 2.548 3.252 4.095 5.467 5.990 6.115 5.970 7.054 8.026 5.963 3.473 2.858 3.775 5.348 6.460 6.676 5.934 4.119 3.174 1.922 1.221 1.301 0.795 1.089 0.617 0.612 0.257 0.002 0.000 0.000 0.000 0.000 0.000 0.000 0.000 0.000 0.000 0.000 0.000 0.000 0.000 0.000 0.000 0.000 0.000 0.000 0.000 0.000 0.000 0.000 0.000 0.000 0.000 0.527
-999.000 -999.000 -999.000 -999.000 -999.000 -999.000 -999.000 -999.000 -999.000 -999.000 -999.000 -999.000 -999.000 -999.000 -999.000 -999.000 -999.000 5.144 1.261 4.722 2.625 4.846 12.077 8.023 9.574 9.408 6.965 6.456 3.783 6.442 7.070 6.297 6.183 3.124 2.465 1.359 0.569 0.005 0.000 0.028 0.000 0.028 0.000 0.000 0.000 0.000 0.000 0.000 0.000 0.000 0.000 0.000 0.000 0.000 0.000 0.000 0.000 0.000 0.000 0.000 0.000 0.000 0.000 0.000 0.000 0.000 0.000 0.000 0.000 0.000 0.000
-999.000 -999.000 -999.000 -999.000 -999.000 -999.000 -999.000 -999.000 -999.000 -999.000 -999.000 -999.000 -999.000 -999.000 -999.000 -999.000 11.498 9.782 9.030 6.803 8.150 8.988 8.395 9.722 9.437 8.781 5.447 3.974 4.709 4.509 4.985 4.892 2.055 1.613 1.427 0.847 0.154 0.000 0.000 0.000 0.000 0.000 0.000 0.000 0.000 0.000 0.000 0.000 0.000 0.000 0.000 0.000 0.000 -999.000 -999.000 -999.000 -999.000 -999.000 0.000 0.000 0.000 0.000 0.000 0.000 0.000 0.000 0.000 0.000 0.000 0.000 0.000
-999.000 -999.000 -999.000 -999.000 -999.000 -999.000 -999.000 -999.000 -999.000 -999.000 -999.000 -999.000 -999.000 -999.000 -999.000 -999.000 11.498 3.688 6.856 7.682 8.309 10.475 11.446 9.139 3.436 4.812 3.494 2.662 2.899 1.566 2.381 1.784 1.203 0.995 1.171 0.000 0.000 0.000 0.000 0.000 0.000 0.000 0.000 0.000 0.000 0.000 -999.000 -999.000 -999.000 -999.000 -999.000 -999.000 -999.000 -999.000 -999.000 -999.000 -999.000 -999.000 -999.000 -999.000 -999.000 -999.000 -999.000 -999.000 -999.000 -999.000 -999.000 -999.000 0.000 0.000 0.000
