Source/.svn/pristine/b8/b87e76fa614e3d6b46d10f008816560cfd0d26af.svn-base
ncols               386
nrows               229
xllcorner    479497.492
yllcorner     73502.967
cellsize       1000.000
NODATA_value -999
[rows 99 to 131 of 229, columns 146 to 218 of 386]
0.676 0.675 0.675 0.674 0.673 0.672 0.672 0.671 0.670 0.670 0.669 0.669 0.668 0.668 0.667 0.667 0.666 0.666 0.665 0.665 0.665 0.665 0.665 0.665 0.665 0.665 0.665 0.665 0.665 0.665 0.666 0.666 0.666 0.666 0.667 0.668 0.668 0.668 0.668 0.668 0.669 0.669 0.670 0.670 0.671 0.671 0.672 0.672 0.673 0.673 0.674 0.674 0.675 0.675 0.676 0.676 0.677 0.677 0.678 0.678 0.679 0.680 0.680 0.680 0.681 0.683 0.684 0.683 0.684 0.684 0.684 0.685 0.684
0.675 0.675 0.674 0.673 0.672 0.672 0.671 0.670 0.669 0.669 0.668 0.668 0.667 0.667 0.666 0.666 0.665 0.665 0.664 0.664 0.664 0.664 0.664 0.664 0.664 0.664 0.664 0.664 0.664 0.665 0.665 0.665 0.666 0.666 0.667 0.667 0.667 0.667 0.667 0.668 0.668 0.669 0.669 0.670 0.670 0.671 0.671 0.672 0.672 0.673 0.674 0.674 0.675 0.675 0.676 0.676 0.677 0.678 0.678 0.679 0.679 0.680 0.679 0.680 0.681 0.683 0.684 0.684 0.685 0.685 0.685 0.685 0.685
0.675 0.674 0.673 0.673 0.672 0.671 0.670 0.670 0.669 0.668 0.667 0.667 0.666 0.666 0.665 0.665 0.664 0.664 0.663 0.663 0.663 0.663 0.663 0.663 0.663 0.663 0.663 0.663 0.663 0.664 0.664 0.664 0.664 0.665 0.665 0.666 0.666 0.666 0.666 0.667 0.667 0.668 0.669 0.669 0.670 0.670 0.671 0.672 0.672 0.673 0.674 0.674 0.675 0.675 0.676 0.676 0.677 0.678 0.678 0.679 0.679 0.680 0.679 0.680 0.680 0.681 0.683 0.683 0.684 0.685 0.685 0.686 0.685
0.674 0.674 0.673 0.672 0.671 0.670 0.669 0.669 0.668 0.667 0.667 0.666 0.665 0.665 0.664 0.664 0.663 0.663 0.662 0.662 0.662 0.662 0.662 0.661 0.661 0.662 0.662 0.662 0.662 0.663 0.663 0.663 0.663 0.664 0.664 0.664 0.665 0.665 0.666 0.666 0.667 0.667 0.668 0.669 0.669 0.670 0.670 0.671 0.672 0.674 0.674 0.674 0.675 0.676 0.676 0.677 0.677 0.678 0.679 0.681 0.680 0.679 0.679 0.680 0.680 0.682 0.682 0.683 0.683 0.684 0.684 0.685 0.687
0.674 0.673 0.672 0.671 0.670 0.670 0.669 0.668 0.667 0.667 0.666 0.665 0.664 0.664 0.663 0.662 0.662 0.662 0.661 0.661 0.661 0.661 0.660 0.660 0.660 0.661 0.661 0.661 0.661 0.661 0.662 0.662 0.662 0.663 0.663 0.663 0.664 0.664 0.665 0.666 0.666 0.667 0.668 0.669 0.669 0.670 0.670 0.671 0.672 0.673 0.674 0.674 0.675 0.676 0.677 0.677 0.677 0.678 0.679 0.680 0.679 0.679 0.679 0.680 0.681 0.683 0.684 0.684 0.684 0.685 0.686 0.687 0.688
0.674 0.673 0.672 0.671 0.670 0.669 0.668 0.667 0.666 0.666 0.665 0.664 0.663 0.663 0.662 0.661 0.661 0.660 0.660 0.660 0.660 0.659 0.659 0.659 0.659 0.659 0.659 0.659 0.660 0.660 0.660 0.661 0.661 0.661 0.662 0.662 0.663 0.664 0.664 0.665 0.665 0.666 0.667 0.669 0.669 0.669 0.670 0.670 0.671 0.672 0.674 0.675 0.675 0.676 0.677 0.677 0.677 0.678 0.680 0.681 0.679 0.679 0.679 0.680 0.681 0.682 0.685 0.685 0.685 0.686 0.687 0.687 0.688
0.673 0.672 0.671 0.670 0.669 0.668 0.667 0.666 0.666 0.665 0.664 0.663 0.662 0.661 0.661 0.660 0.660 0.659 0.659 0.659 0.658 0.658 0.658 0.658 0.658 0.658 0.658 0.658 0.659 0.659 0.659 0.660 0.660 0.661 0.661 0.661 0.662 0.663 0.663 0.664 0.665 0.666 0.667 0.668 0.668 0.669 0.669 0.670 0.671 0.672 0.673 0.674 0.675 0.676 0.678 0.678 0.679 0.679 0.678 0.679 0.680 0.680 0.679 0.680 0.680 0.682 0.682 0.684 0.686 0.687 0.687 0.688 0.688
0.673 0.672 0.671 0.670 0.669 0.668 0.666 0.665 0.665 0.664 0.663 0.662 0.661 0.660 0.660 0.659 0.659 0.658 0.658 0.657 0.657 0.657 0.657 0.656 0.657 0.657 0.657 0.657 0.657 0.658 0.658 0.658 0.659 0.659 0.660 0.660 0.661 0.662 0.663 0.663 0.664 0.665 0.666 0.667 0.668 0.668 0.669 0.669 0.671 0.672 0.673 0.674 0.675 0.676 0.677 0.677 0.677 0.677 0.678 0.678 0.679 0.680 0.679 0.680 0.680 0.681 0.683 0.684 0.685 0.686 0.686 0.687 0.688
0.672 0.671 0.670 0.669 0.668 0.667 0.666 0.665 0.664 0.663 0.662 0.661 0.660 0.659 0.658 0.658 0.657 0.657 0.656 0.656 0.655 0.655 0.655 0.655 0.655 0.655 0.655 0.655 0.656 0.656 0.657 0.657 0.658 0.658 0.659 0.659 0.660 0.661 0.662 0.662 0.663 0.664 0.665 0.666 0.667 0.668 0.668 0.669 0.670 0.672 0.673 0.674 0.676 0.676 0.676 0.677 0.677 0.677 0.679 0.679 0.680 0.680 0.679 0.680 0.680 0.682 0.683 0.685 0.685 0.685 0.686 0.686 0.687
0.672 0.671 0.670 0.668 0.667 0.666 0.665 0.664 0.663 0.662 0.661 0.660 0.659 0.658 0.657 0.657 0.656 0.655 0.655 0.654 0.654 0.654 0.654 0.653 0.653 0.653 0.654 0.654 0.654 0.655 0.655 0.656 0.656 0.657 0.658 0.658 0.659 0.660 0.661 0.662 0.662 0.664 0.665 0.666 0.667 0.667 0.668 0.669 0.669 0.671 0.672 0.674 0.675 0.676 0.676 0.677 0.677 0.678 0.679 0.679 0.680 0.680 0.679 0.680 0.680 0.681 0.682 0.684 0.684 0.684 0.685 0.686 0.687
0.671 0.670 0.669 0.668 0.667 0.665 0.664 0.663 0.662 0.661 0.660 0.659 0.658 0.657 0.656 0.655 0.654 0.654 0.653 0.652 0.652 0.652 0.652 0.652 0.652 0.652 0.652 0.652 0.653 0.653 0.654 0.654 0.655 0.656 0.657 0.657 0.658 0.659 0.660 0.661 0.662 0.663 0.664 0.665 0.666 0.666 0.667 0.668 0.669 0.670 0.671 0.673 0.674 0.676 0.677 0.677 0.676 0.678 0.679 0.679 0.681 0.682 0.680 0.680 0.680 0.681 0.682 0.683 0.683 0.683 0.684 0.685 0.686
0.671 0.669 0.668 0.667 0.666 0.665 0.663 0.662 0.661 0.660 0.658 0.657 0.656 0.655 0.654 0.653 0.653 0.652 0.651 0.651 0.650 0.650 0.650 0.650 0.650 0.650 0.650 0.650 0.651 0.652 0.652 0.653 0.654 0.654 0.655 0.656 0.657 0.658 0.659 0.660 0.661 0.662 0.664 0.664 0.665 0.666 0.667 0.668 0.669 0.670 0.672 0.673 0.675 0.675 0.676 0.676 0.677 0.679 0.680 0.680 0.683 0.682 0.681 0.681 0.681 0.681 0.682 0.682 0.683 0.684 0.685 0.685 0.685
0.670 0.669 0.668 0.666 0.665 0.664 0.662 0.661 0.660 0.658 0.657 0.656 0.655 0.654 0.653 0.652 0.651 0.650 0.650 0.649 0.649 0.648 0.648 0.648 0.648 0.648 0.648 0.649 0.649 0.650 0.651 0.651 0.652 0.653 0.654 0.655 0.656 0.657 0.658 0.659 0.660 0.661 0.663 0.664 0.664 0.665 0.666 0.668 0.670 0.671 0.671 0.673 0.675 0.676 0.677 0.678 0.677 0.680 0.682 0.682 0.681 0.681 0.681 0.682 0.681 0.681 0.682 0.683 0.684 0.685 0.685 0.687 0.686
0.670 0.668 0.667 0.666 0.664 0.663 0.661 0.660 0.659 0.657 0.656 0.655 0.653 0.652 0.651 0.650 0.649 0.648 0.648 0.647 0.646 0.646 0.646 0.646 0.646 0.646 0.646 0.647 0.648 0.648 0.649 0.650 0.651 0.652 0.653 0.654 0.655 0.656 0.657 0.658 0.659 0.660 0.662 0.663 0.664 0.664 0.666 0.668 0.670 0.672 0.673 0.674 0.675 0.677 0.677 0.678 0.679 0.680 0.682 0.683 0.680 0.681 0.682 0.682 0.681 0.682 0.682 0.683 0.684 0.685 0.686 0.688 0.687
0.670 0.668 0.667 0.665 0.664 0.662 0.661 0.659 0.657 0.656 0.654 0.653 0.652 0.650 0.649 0.648 0.647 0.646 0.646 0.645 0.644 0.644 0.644 0.643 0.644 0.644 0.644 0.645 0.646 0.647 0.648 0.648 0.649 0.650 0.651 0.652 0.653 0.654 0.656 0.657 0.658 0.659 0.661 0.662 0.663 0.664 0.665 0.667 0.669 0.670 0.671 0.673 0.674 0.676 0.677 0.679 0.680 0.681 0.682 0.683 0.681 0.682 0.682 0.683 0.682 0.682 0.682 0.684 0.686 0.686 0.687 0.689 0.690
0.669 0.668 0.666 0.664 0.663 0.661 0.660 0.658 0.656 0.655 0.653 0.652 0.650 0.649 0.647 0.646 0.645 0.644 0.644 0.642 0.642 0.641 0.641 0.641 0.641 0.642 0.642 0.643 0.644 0.645 0.646 0.647 0.648 0.648 0.649 0.651 0.652 0.653 0.654 0.656 0.657 0.659 0.660 0.661 0.663 0.663 0.665 0.666 0.668 0.669 0.670 0.672 0.674 0.676 0.677 0.678 0.678 0.679 0.681 0.681 0.681 0.681 0.682 0.682 0.682 0.682 0.683 0.685 0.688 0.689 0.689 0.689 0.691
0.669 0.667 0.666 0.664 0.662 0.660 0.659 0.657 0.655 0.653 0.652 0.650 0.648 0.647 0.645 0.644 0.643 0.642 0.641 0.640 0.639 0.639 0.638 0.639 0.639 0.639 0.640 0.641 0.642 0.643 0.644 0.645 0.645 0.646 0.648 0.649 0.650 0.652 0.653 0.655 0.656 0.658 0.660 0.661 0.662 0.663 0.664 0.666 0.667 0.668 0.669 0.672 0.674 0.676 0.677 0.677 0.677 0.679 0.680 0.682 0.681 0.683 0.684 0.684 0.684 0.683 0.683 0.684 0.687 0.689 0.690 0.691 0.691
0.669 0.667 0.665 0.663 0.661 0.659 0.658 0.656 0.654 0.652 0.650 0.648 0.647 0.645 0.643 0.642 0.641 0.640 0.639 0.638 0.637 0.636 0.636 0.636 0.636 0.636 0.637 0.638 0.639 0.640 0.642 0.643 0.643 0.645 0.646 0.647 0.649 0.651 0.652 0.654 0.655 0.657 0.659 0.660 0.661 0.662 0.664 0.665 0.666 0.668 0.669 0.672 0.673 0.675 0.677 0.677 0.677 0.679 0.681 0.683 0.684 0.684 0.683 0.683 0.683 0.683 0.683 0.684 0.686 0.688 0.691 0.691 0.692
0.668 0.666 0.665 0.663 0.661 0.659 0.657 0.655 0.653 0.651 0.649 0.647 0.645 0.643 0.641 0.639 0.638 0.637 0.636 0.635 0.634 0.634 0.633 0.633 0.633 0.633 0.634 0.635 0.636 0.638 0.639 0.640 0.641 0.643 0.644 0.646 0.647 0.649 0.651 0.652 0.654 0.656 0.659 0.659 0.661 0.662 0.663 0.665 0.666 0.667 0.669 0.671 0.672 0.675 0.676 0.676 0.678 0.681 0.683 0.681 0.682 0.682 0.682 0.682 0.684 0.685 0.684 0.684 0.685 0.687 0.688 0.691 0.692
0.668 0.666 0.664 0.662 0.660 0.658 0.656 0.654 0.651 0.649 0.647 0.645 0.643 0.641 0.639 0.637 0.636 0.634 0.633 0.632 0.631 0.630 0.630 0.630 0.630 0.630 0.631 0.632 0.633 0.636 0.637 0.638 0.639 0.641 0.643 0.644 0.646 0.648 0.650 0.651 0.653 0.655 0.657 0.659 0.660 0.661 0.663 0.664 0.666 0.667 0.669 0.670 0.672 0.674 0.675 0.675 0.679 0.683 0.681 0.681 0.682 0.683 0.684 0.684 0.686 0.686 0.686 0.685 0.686 0.687 0.690 0.693 0.695
0.668 0.666 0.664 0.661 0.659 0.657 0.655 0.652 0.650 0.648 0.645 0.643 0.641 0.639 0.637 0.635 0.633 0.631 0.629 0.628 0.627 0.626 0.626 0.626 0.626 0.626 0.627 0.629 0.631 0.633 0.634 0.635 0.636 0.639 0.640 0.642 0.644 0.646 0.648 0.650 0.652 0.654 0.656 0.658 0.661 0.661 0.663 0.665 0.666 0.668 0.669 0.670 0.671 0.672 0.674 0.676 0.679 0.681 0.683 0.683 0.683 0.685 0.686 0.688 0.688 0.688 0.686 0.686 0.686 0.688 0.691 0.695 0.695
0.667 0.665 0.663 0.661 0.658 0.656 0.654 0.651 0.649 0.646 0.643 0.641 0.639 0.637 0.634 0.632 0.630 0.628 0.625 0.624 0.622 0.622 0.622 0.622 0.622 0.623 0.624 0.626 0.629 0.630 0.632 0.633 0.634 0.637 0.638 0.640 0.643 0.645 0.647 0.649 0.651 0.653 0.655 0.657 0.659 0.662 0.663 0.664 0.666 0.669 0.671 0.670 0.672 0.673 0.676 0.678 0.681 0.683 0.683 0.685 0.687 0.687 0.687 0.687 0.687 0.689 0.689 0.688 0.687 0.688 0.691 0.693 0.693
0.667 0.665 0.663 0.660 0.658 0.655 0.653 0.650 0.647 0.645 0.642 0.639 0.637 0.634 0.631 0.629 0.626 0.624 0.623 0.621 0.620 0.619 0.619 0.619 0.619 0.619 0.621 0.624 0.626 0.627 0.628 0.630 0.632 0.634 0.636 0.638 0.641 0.643 0.646 0.648 0.650 0.652 0.654 0.656 0.658 0.660 0.662 0.665 0.666 0.669 0.672 0.671 0.673 0.675 0.677 0.679 0.681 0.682 0.684 0.683 0.685 0.687 0.688 0.689 0.687 0.687 0.688 0.688 0.687 0.689 0.690 0.691 0.692
0.667 0.665 0.663 0.660 0.657 0.655 0.652 0.649 0.646 0.643 0.640 0.637 0.634 0.632 0.628 0.625 0.623 0.621 0.619 0.618 0.617 0.616 0.616 0.615 0.615 0.615 0.617 0.619 0.622 0.624 0.625 0.627 0.629 0.631 0.634 0.637 0.639 0.642 0.644 0.647 0.649 0.651 0.653 0.656 0.658 0.660 0.662 0.665 0.667 0.668 0.670 0.672 0.674 0.676 0.677 0.678 0.679 0.681 0.684 0.683 0.684 0.688 0.687 0.687 0.688 0.688 0.688 0.688 0.688 0.690 0.691 0.691 0.692
0.667 0.665 0.663 0.660 0.657 0.654 0.651 0.648 0.645 0.642 0.639 0.636 0.633 0.629 0.625 0.623 0.621 0.620 0.617 0.616 0.614 0.613 0.612 0.612 0.613 0.612 0.613 0.616 0.618 0.620 0.622 0.625 0.627 0.630 0.632 0.635 0.638 0.640 0.643 0.646 0.648 0.650 0.653 0.655 0.658 0.661 0.662 0.663 0.665 0.667 0.670 0.673 0.673 0.675 0.676 0.677 0.678 0.682 0.683 0.684 0.683 0.685 0.688 0.688 0.688 0.688 0.687 0.688 0.691 0.693 0.694 0.693 0.695
0.667 0.665 0.662 0.660 0.657 0.653 0.650 0.647 0.644 0.640 0.637 0.634 0.630 0.626 0.624 0.621 0.619 0.617 0.614 0.612 0.610 0.609 0.608 0.608 0.608 0.609 0.610 0.613 0.615 0.617 0.620 0.623 0.625 0.628 0.630 0.633 0.636 0.639 0.642 0.645 0.647 0.650 0.652 0.655 0.656 0.659 0.660 0.662 0.665 0.668 0.670 0.672 0.672 0.674 0.676 0.677 0.678 0.680 0.682 0.684 0.685 0.685 0.686 0.689 0.688 0.688 0.688 0.691 0.693 0.697 0.697 0.695 0.696
0.668 0.665 0.662 0.659 0.656 0.653 0.650 0.646 0.643 0.639 0.635 0.631 0.628 0.625 0.622 0.620 0.616 0.613 0.610 0.607 0.605 0.604 0.603 0.603 0.604 0.605 0.607 0.609 0.612 0.615 0.617 0.620 0.623 0.626 0.629 0.631 0.635 0.638 0.641 0.644 0.646 0.649 0.651 0.654 0.656 0.658 0.660 0.662 0.665 0.668 0.669 0.671 0.672 0.674 0.675 0.676 0.677 0.679 0.681 0.683 0.685 0.687 0.686 0.688 0.688 0.688 0.689 0.692 0.697 0.702 0.699 0.697 0.697
0.668 0.665 0.663 0.659 0.656 0.653 0.649 0.646 0.642 0.638 0.634 0.630 0.627 0.624 0.621 0.617 0.613 0.609 0.605 0.601 0.598 0.595 0.596 0.596 0.597 0.599 0.602 0.604 0.608 0.612 0.615 0.619 0.622 0.625 0.627 0.630 0.633 0.637 0.640 0.643 0.645 0.648 0.651 0.653 0.655 0.658 0.660 0.662 0.664 0.666 0.668 0.671 0.672 0.675 0.677 0.678 0.679 0.679 0.680 0.682 0.684 0.687 0.688 0.688 0.688 0.689 0.692 0.693 0.697 0.701 0.701 0.700 0.699
0.668 0.665 0.663 0.659 0.656 0.652 0.649 0.645 0.641 0.637 0.633 0.629 0.626 0.622 0.618 0.614 0.609 0.604 0.598 0.595 0.590 0.587 0.586 0.585 0.587 0.590 0.594 0.597 0.602 0.608 0.613 0.617 0.620 0.624 0.626 0.629 0.633 0.636 0.639 0.642 0.645 0.648 0.650 0.653 0.655 0.658 0.660 0.662 0.664 0.666 0.668 0.671 0.673 0.675 0.679 0.680 0.680 0.682 0.682 0.682 0.683 0.685 0.688 0.688 0.688 0.692 0.695 0.695 0.698 0.701 0.702 0.702 0.703
0.669 0.666 0.663 0.659 0.656 0.652 0.649 0.645 0.640 0.637 0.633 0.629 0.625 0.621 0.616 0.611 0.605 0.598 0.592 0.589 0.582 0.578 0.577 0.574 0.579 0.582 0.586 0.591 0.596 0.602 0.608 0.614 0.618 0.622 0.626 0.629 0.632 0.636 0.639 0.642 0.644 0.647 0.650 0.653 0.656 0.658 0.661 0.663 0.665 0.666 0.669 0.672 0.675 0.676 0.679 0.681 0.682 0.682 0.682 0.684 0.686 0.686 0.686 0.687 0.689 0.693 0.696 0.696 0.701 0.703 0.705 0.705 0.706
0.670 0.666 0.663 0.659 0.656 0.652 0.648 0.644 0.641 0.637 0.633 0.628 0.624 0.619 0.614 0.607 0.599 0.593 0.586 0.582 0.574 0.568 0.567 0.566 0.569 0.572 0.579 0.585 0.591 0.598 0.604 0.610 0.615 0.620 0.625 0.629 0.632 0.635 0.638 0.641 0.644 0.647 0.649 0.652 0.655 0.658 0.660 0.663 0.665 0.668 0.670 0.672 0.675 0.675 0.678 0.682 0.681 0.682 0.684 0.687 0.688 0.688 0.687 0.688 0.691 0.695 0.697 0.697 0.700 0.704 0.710 0.710 0.709
0.670 0.667 0.663 0.660 0.656 0.652 0.648 0.645 0.641 0.637 0.632 0.628 0.623 0.617 0.610 0.603 0.594 0.588 0.581 0.575 0.566 0.557 0.555 0.552 0.558 0.565 0.572 0.579 0.588 0.595 0.603 0.607 0.613 0.617 0.623 0.628 0.631 0.633 0.637 0.640 0.643 0.646 0.649 0.652 0.654 0.657 0.661 0.663 0.666 0.669 0.671 0.674 0.676 0.676 0.677 0.679 0.683 0.685 0.686 0.686 0.687 0.687 0.687 0.689 0.693 0.697 0.700 0.699 0.704 0.708 0.709 0.710 0.712
0.670 0.667 0.664 0.660 0.657 0.653 0.649 0.645 0.641 0.637 0.632 0.627 0.621 0.614 0.607 0.600 0.591 0.584 0.577 0.569 0.560 0.549 0.543 0.543 0.550 0.561 0.569 0.577 0.586 0.595 0.600 0.604 0.611 0.618 0.623 0.627 0.631 0.633 0.636 0.640 0.643 0.647 0.649 0.652 0.654 0.657 0.660 0.664 0.666 0.669 0.671 0.673 0.675 0.676 0.677 0.678 0.681 0.685 0.686 0.686 0.688 0.688 0.688 0.690 0.694 0.699 0.701 0.701 0.705 0.708 0.713 0.710 0.713
