Source/.svn/pristine/b8/b87e76fa614e3d6b46d10f008816560cfd0d26af.svn-base
ncols               386
nrows               229
xllcorner    479497.492
yllcorner     73502.967
cellsize       1000.000
NODATA_value -999
[rows 132 to 164 of 229, columns 73 to 145 of 386]
0.734 0.734 0.734 0.734 0.734 0.733 0.732 0.732 0.732 0.732 0.731 0.731 0.731 0.731 0.731 0.730 0.730 0.729 0.727 0.726 0.725 0.725 0.724 0.725 0.725 0.724 0.725 0.726 0.725 0.725 0.723 0.723 0.723 0.723 0.722 0.721 0.719 0.720 0.721 0.720 0.720 0.719 0.721 0.719 0.720 0.721 0.721 0.720 0.716 0.717 0.715 0.715 0.716 0.717 0.715 0.712 0.713 0.710 0.709 0.707 0.704 0.703 0.699 0.697 0.695 0.693 0.690 0.688 0.685 0.683 0.680 0.677 0.674
0.735 0.735 0.735 0.735 0.735 0.734 0.733 0.733 0.733 0.732 0.732 0.732 0.731 0.731 0.731 0.731 0.730 0.729 0.728 0.727 0.726 0.725 0.725 0.726 0.726 0.726 0.727 0.727 0.727 0.726 0.725 0.724 0.724 0.724 0.722 0.721 0.720 0.721 0.723 0.721 0.720 0.720 0.723 0.722 0.722 0.722 0.720 0.718 0.717 0.716 0.717 0.717 0.716 0.715 0.715 0.713 0.712 0.710 0.709 0.707 0.705 0.703 0.701 0.699 0.697 0.695 0.692 0.689 0.687 0.684 0.681 0.678 0.675
0.737 0.737 0.736 0.736 0.735 0.735 0.734 0.734 0.733 0.733 0.733 0.733 0.733 0.732 0.732 0.731 0.730 0.729 0.728 0.727 0.727 0.726 0.726 0.726 0.727 0.728 0.727 0.727 0.726 0.726 0.725 0.725 0.725 0.724 0.722 0.721 0.722 0.723 0.723 0.722 0.722 0.722 0.723 0.722 0.723 0.720 0.719 0.718 0.717 0.717 0.717 0.716 0.716 0.715 0.714 0.713 0.712 0.711 0.709 0.708 0.706 0.705 0.703 0.701 0.699 0.696 0.694 0.691 0.688 0.685 0.682 0.679 0.676
0.738 0.737 0.737 0.737 0.736 0.736 0.735 0.735 0.735 0.734 0.734 0.734 0.733 0.733 0.732 0.732 0.731 0.730 0.729 0.728 0.728 0.727 0.727 0.728 0.728 0.728 0.727 0.726 0.725 0.725 0.725 0.725 0.725 0.724 0.724 0.722 0.724 0.725 0.727 0.727 0.726 0.724 0.725 0.721 0.720 0.719 0.718 0.718 0.718 0.718 0.717 0.717 0.717 0.716 0.716 0.715 0.715 0.714 0.712 0.711 0.710 0.708 0.707 0.707 0.702 0.698 0.695 0.693 0.690 0.687 0.684 0.680 0.677
0.738 0.739 0.738 0.738 0.737 0.737 0.737 0.736 0.736 0.735 0.734 0.734 0.734 0.734 0.734 0.733 0.732 0.731 0.730 0.729 0.728 0.728 0.727 0.729 0.729 0.728 0.726 0.726 0.725 0.726 0.725 0.727 0.728 0.727 0.725 0.726 0.725 0.727 0.726 0.725 0.726 0.725 0.723 0.723 0.721 0.720 0.720 0.720 0.721 0.720 0.720 0.721 0.721 0.720 0.719 0.719 0.718 0.715 0.715 0.715 0.714 0.712 0.712 0.712 0.708 0.702 0.697 0.695 0.692 0.689 0.686 0.682 0.679
0.739 0.739 0.739 0.739 0.738 0.738 0.738 0.738 0.737 0.736 0.735 0.735 0.734 0.734 0.734 0.734 0.732 0.731 0.730 0.730 0.729 0.728 0.728 0.729 0.731 0.728 0.727 0.727 0.728 0.728 0.727 0.727 0.730 0.727 0.727 0.726 0.727 0.729 0.730 0.728 0.724 0.726 0.724 0.722 0.721 0.721 0.722 0.723 0.723 0.724 0.723 0.725 0.725 0.725 0.723 0.723 0.721 0.719 0.719 0.719 0.719 0.717 0.715 0.712 0.708 0.704 0.699 0.696 0.693 0.690 0.687 0.685 0.681
0.740 0.740 0.740 0.740 0.740 0.739 0.739 0.739 0.738 0.737 0.736 0.736 0.735 0.735 0.734 0.733 0.733 0.732 0.731 0.731 0.730 0.729 0.729 0.731 0.731 0.728 0.727 0.727 0.728 0.729 0.729 0.729 0.729 0.730 0.730 0.726 0.728 0.726 0.728 0.726 0.724 0.724 0.723 0.722 0.722 0.724 0.724 0.725 0.726 0.728 0.728 0.730 0.729 0.728 0.727 0.724 0.723 0.722 0.722 0.722 0.722 0.723 0.718 0.712 0.710 0.705 0.701 0.698 0.695 0.693 0.689 0.685 0.682
0.741 0.741 0.741 0.741 0.741 0.741 0.740 0.740 0.739 0.738 0.738 0.737 0.736 0.736 0.735 0.734 0.734 0.733 0.732 0.732 0.731 0.730 0.730 0.731 0.729 0.728 0.728 0.728 0.729 0.730 0.729 0.730 0.731 0.729 0.728 0.726 0.725 0.726 0.727 0.727 0.725 0.724 0.723 0.723 0.725 0.726 0.727 0.727 0.729 0.730 0.730 0.729 0.730 0.729 0.728 0.726 0.725 0.726 0.727 0.726 0.727 0.724 0.718 0.715 0.710 0.706 0.703 0.700 0.697 0.695 0.692 0.688 0.684
0.742 0.742 0.742 0.742 0.742 0.741 0.741 0.741 0.740 0.739 0.739 0.738 0.738 0.737 0.736 0.736 0.735 0.734 0.733 0.732 0.732 0.731 0.731 0.730 0.730 0.730 0.730 0.729 0.728 0.728 0.729 0.731 0.729 0.727 0.725 0.725 0.725 0.726 0.730 0.728 0.726 0.725 0.724 0.725 0.726 0.727 0.729 0.731 0.732 0.730 0.729 0.729 0.730 0.729 0.729 0.730 0.730 0.730 0.731 0.731 0.731 0.725 0.720 0.716 0.711 0.708 0.705 0.702 0.700 0.697 0.694 0.690 0.686
0.743 0.744 0.743 0.743 0.743 0.743 0.742 0.742 0.741 0.740 0.740 0.740 0.740 0.739 0.738 0.737 0.736 0.735 0.734 0.733 0.732 0.731 0.731 0.732 0.732 0.732 0.732 0.732 0.730 0.728 0.728 0.727 0.727 0.727 0.728 0.728 0.727 0.726 0.729 0.728 0.728 0.726 0.724 0.725 0.728 0.730 0.732 0.732 0.731 0.731 0.733 0.734 0.731 0.734 0.734 0.735 0.733 0.734 0.736 0.737 0.733 0.727 0.722 0.717 0.713 0.710 0.708 0.704 0.701 0.698 0.695 0.692 0.689
0.744 0.745 0.744 0.744 0.744 0.744 0.743 0.743 0.742 0.741 0.741 0.742 0.742 0.741 0.740 0.739 0.738 0.736 0.735 0.734 0.733 0.732 0.734 0.736 0.736 0.733 0.732 0.734 0.731 0.730 0.731 0.729 0.729 0.732 0.729 0.731 0.730 0.727 0.727 0.729 0.728 0.727 0.725 0.727 0.729 0.733 0.734 0.732 0.734 0.735 0.736 0.734 0.735 0.739 0.738 0.739 0.737 0.741 0.741 0.741 0.735 0.728 0.724 0.719 0.716 0.713 0.711 0.707 0.702 0.698 0.696 0.695 0.691
0.746 0.746 0.746 0.746 0.745 0.744 0.744 0.743 0.743 0.743 0.744 0.744 0.743 0.741 0.740 0.742 0.740 0.738 0.736 0.735 0.734 0.734 0.736 0.737 0.737 0.734 0.732 0.733 0.731 0.733 0.733 0.732 0.731 0.732 0.731 0.731 0.729 0.729 0.729 0.730 0.728 0.728 0.727 0.726 0.729 0.733 0.734 0.735 0.735 0.734 0.736 0.734 0.739 0.743 0.747 0.743 0.742 0.747 0.747 0.742 0.736 0.732 0.726 0.722 0.718 0.716 0.714 0.711 0.705 0.700 0.697 0.694 0.691
0.747 0.747 0.747 0.746 0.746 0.746 0.745 0.745 0.744 0.745 0.745 0.746 0.744 0.742 0.742 0.743 0.741 0.738 0.738 0.737 0.735 0.735 0.736 0.737 0.739 0.735 0.735 0.736 0.733 0.733 0.738 0.737 0.733 0.732 0.735 0.732 0.729 0.731 0.731 0.731 0.729 0.728 0.728 0.728 0.731 0.731 0.733 0.737 0.736 0.737 0.736 0.736 0.740 0.746 0.748 0.750 0.747 0.751 0.753 0.745 0.739 0.733 0.728 0.724 0.720 0.718 0.716 0.713 0.707 0.702 0.698 0.695 0.691
0.748 0.748 0.748 0.747 0.748 0.747 0.746 0.746 0.746 0.747 0.747 0.748 0.745 0.745 0.744 0.744 0.742 0.741 0.740 0.737 0.736 0.735 0.736 0.739 0.739 0.735 0.738 0.737 0.734 0.735 0.736 0.734 0.733 0.735 0.734 0.731 0.731 0.733 0.733 0.730 0.731 0.729 0.728 0.728 0.730 0.733 0.736 0.737 0.740 0.740 0.736 0.738 0.744 0.746 0.752 0.757 0.753 0.756 0.756 0.747 0.742 0.735 0.732 0.727 0.721 0.720 0.717 0.714 0.710 0.703 0.699 0.698 0.694
0.749 0.749 0.749 0.749 0.749 0.748 0.748 0.747 0.748 0.749 0.749 0.749 0.746 0.747 0.747 0.746 0.743 0.745 0.741 0.739 0.737 0.736 0.738 0.740 0.739 0.737 0.739 0.740 0.737 0.735 0.737 0.736 0.737 0.736 0.733 0.731 0.734 0.735 0.733 0.732 0.732 0.730 0.728 0.729 0.731 0.733 0.735 0.738 0.738 0.736 0.739 0.742 0.743 0.751 0.754 0.761 0.762 0.764 0.758 0.750 0.742 0.738 0.735 0.729 0.723 0.720 0.719 0.717 0.712 0.705 0.700 0.697 0.694
0.751 0.750 0.750 0.750 0.750 0.750 0.749 0.749 0.750 0.751 0.751 0.750 0.748 0.748 0.752 0.750 0.747 0.744 0.743 0.739 0.738 0.738 0.740 0.744 0.741 0.741 0.743 0.741 0.737 0.736 0.737 0.737 0.736 0.735 0.734 0.734 0.735 0.733 0.733 0.733 0.733 0.729 0.729 0.729 0.731 0.733 0.736 0.738 0.741 0.740 0.740 0.744 0.743 0.751 0.760 0.762 0.768 0.767 0.758 0.751 0.744 0.741 0.738 0.731 0.724 0.722 0.720 0.719 0.715 0.709 0.703 0.698 0.695
0.752 0.752 0.752 0.751 0.751 0.751 0.750 0.750 0.751 0.751 0.750 0.750 0.750 0.753 0.751 0.747 0.746 0.747 0.742 0.740 0.739 0.741 0.741 0.742 0.745 0.745 0.741 0.741 0.737 0.738 0.739 0.737 0.735 0.735 0.736 0.734 0.736 0.734 0.732 0.732 0.731 0.730 0.730 0.729 0.732 0.734 0.736 0.740 0.742 0.744 0.743 0.744 0.744 0.749 0.755 0.763 0.763 0.763 0.757 0.750 0.745 0.742 0.741 0.734 0.724 0.721 0.721 0.718 0.717 0.709 0.706 0.701 0.697
0.755 0.754 0.753 0.753 0.753 0.752 0.752 0.752 0.751 0.751 0.751 0.750 0.752 0.752 0.750 0.747 0.745 0.745 0.742 0.741 0.741 0.742 0.743 0.744 0.744 0.747 0.745 0.740 0.738 0.742 0.738 0.737 0.735 0.735 0.737 0.735 0.734 0.733 0.732 0.731 0.731 0.732 0.732 0.730 0.733 0.736 0.738 0.739 0.738 0.740 0.744 0.748 0.747 0.748 0.754 0.758 0.756 0.756 0.753 0.747 0.745 0.743 0.742 0.735 0.726 0.720 0.719 0.716 0.715 0.712 0.707 0.703 0.700
0.756 0.755 0.755 0.755 0.755 0.754 0.753 0.754 0.755 0.754 0.753 0.752 0.752 0.753 0.751 0.753 0.749 0.744 0.743 0.743 0.745 0.744 0.743 0.747 0.748 0.743 0.743 0.739 0.740 0.739 0.738 0.739 0.736 0.736 0.738 0.736 0.734 0.732 0.732 0.732 0.732 0.734 0.732 0.730 0.732 0.734 0.736 0.735 0.736 0.738 0.740 0.744 0.748 0.750 0.754 0.752 0.752 0.751 0.747 0.746 0.744 0.742 0.739 0.735 0.727 0.720 0.718 0.718 0.717 0.714 0.710 0.707 0.702
0.758 0.757 0.757 0.757 0.757 0.755 0.755 0.754 0.756 0.756 0.756 0.756 0.755 0.755 0.756 0.753 0.749 0.746 0.744 0.745 0.748 0.747 0.745 0.746 0.748 0.745 0.740 0.740 0.739 0.738 0.740 0.740 0.736 0.737 0.737 0.735 0.733 0.733 0.733 0.734 0.734 0.736 0.733 0.730 0.731 0.733 0.735 0.734 0.739 0.742 0.742 0.742 0.745 0.752 0.749 0.747 0.747 0.746 0.743 0.743 0.742 0.741 0.738 0.735 0.728 0.720 0.718 0.721 0.716 0.712 0.707 0.706 0.703
0.760 0.759 0.759 0.759 0.757 0.756 0.757 0.759 0.757 0.756 0.756 0.759 0.756 0.758 0.756 0.752 0.749 0.747 0.746 0.748 0.749 0.749 0.750 0.750 0.747 0.743 0.740 0.739 0.739 0.739 0.739 0.738 0.735 0.736 0.736 0.734 0.733 0.735 0.735 0.736 0.735 0.736 0.734 0.732 0.731 0.731 0.733 0.734 0.737 0.739 0.744 0.746 0.746 0.747 0.746 0.746 0.745 0.742 0.740 0.740 0.740 0.739 0.740 0.734 0.725 0.720 0.717 0.716 0.712 0.709 0.707 0.707 0.705
0.763 0.761 0.760 0.759 0.757 0.758 0.760 0.761 0.759 0.759 0.761 0.757 0.758 0.759 0.756 0.752 0.749 0.748 0.749 0.750 0.751 0.751 0.751 0.748 0.744 0.744 0.745 0.741 0.740 0.738 0.737 0.736 0.736 0.735 0.734 0.734 0.735 0.737 0.737 0.737 0.736 0.736 0.734 0.733 0.733 0.732 0.731 0.735 0.736 0.739 0.742 0.747 0.743 0.742 0.741 0.742 0.740 0.738 0.738 0.739 0.739 0.741 0.734 0.729 0.722 0.719 0.716 0.714 0.712 0.710 0.707 0.707 0.708
0.763 0.762 0.761 0.759 0.759 0.760 0.762 0.762 0.761 0.763 0.763 0.760 0.761 0.759 0.756 0.753 0.751 0.751 0.751 0.752 0.753 0.753 0.748 0.746 0.744 0.743 0.743 0.740 0.739 0.738 0.738 0.737 0.736 0.736 0.734 0.734 0.734 0.737 0.736 0.735 0.734 0.735 0.735 0.734 0.736 0.734 0.731 0.733 0.736 0.738 0.739 0.745 0.739 0.738 0.738 0.737 0.737 0.736 0.736 0.735 0.737 0.736 0.733 0.729 0.722 0.719 0.720 0.717 0.716 0.714 0.710 0.709 0.709
0.762 0.762 0.761 0.761 0.761 0.761 0.763 0.763 0.762 0.764 0.765 0.764 0.765 0.761 0.756 0.755 0.752 0.751 0.751 0.751 0.750 0.750 0.748 0.745 0.744 0.743 0.742 0.741 0.741 0.742 0.740 0.740 0.741 0.737 0.736 0.734 0.735 0.734 0.734 0.735 0.735 0.734 0.736 0.736 0.735 0.735 0.731 0.732 0.734 0.737 0.739 0.742 0.738 0.739 0.737 0.736 0.735 0.735 0.737 0.735 0.738 0.735 0.728 0.724 0.720 0.722 0.722 0.721 0.718 0.718 0.715 0.711 0.707
0.763 0.763 0.763 0.763 0.762 0.762 0.763 0.763 0.763 0.764 0.765 0.764 0.765 0.761 0.757 0.759 0.758 0.752 0.751 0.750 0.749 0.748 0.747 0.746 0.746 0.745 0.743 0.746 0.745 0.745 0.746 0.744 0.739 0.739 0.738 0.735 0.735 0.735 0.736 0.736 0.737 0.735 0.737 0.738 0.736 0.737 0.732 0.731 0.732 0.733 0.736 0.738 0.739 0.736 0.735 0.736 0.734 0.733 0.737 0.739 0.739 0.732 0.727 0.727 0.720 0.718 0.720 0.718 0.718 0.716 0.715 0.707 0.703
0.765 0.765 0.764 0.764 0.764 0.763 0.763 0.765 0.766 0.764 0.764 0.765 0.766 0.761 0.759 0.761 0.762 0.757 0.755 0.753 0.753 0.750 0.748 0.749 0.749 0.748 0.747 0.745 0.750 0.749 0.746 0.743 0.740 0.741 0.738 0.736 0.736 0.735 0.739 0.736 0.741 0.739 0.736 0.740 0.737 0.733 0.732 0.731 0.731 0.733 0.735 0.737 0.735 0.735 0.734 0.736 0.732 0.731 0.734 0.736 0.734 0.728 0.728 0.724 0.721 0.717 0.714 0.712 0.712 0.712 0.710 0.705 0.703
0.767 0.767 0.766 0.766 0.765 0.765 0.765 0.766 0.766 0.764 0.767 0.768 0.768 0.768 0.762 0.760 0.763 0.761 0.760 0.757 0.754 0.752 0.751 0.751 0.752 0.752 0.749 0.747 0.750 0.748 0.745 0.743 0.743 0.740 0.737 0.737 0.740 0.735 0.738 0.740 0.740 0.740 0.736 0.740 0.735 0.734 0.733 0.731 0.730 0.732 0.734 0.736 0.735 0.735 0.734 0.739 0.734 0.733 0.734 0.735 0.730 0.728 0.725 0.723 0.723 0.722 0.717 0.717 0.711 0.708 0.706 0.704 0.705
0.770 0.769 0.769 0.768 0.767 0.766 0.765 0.766 0.766 0.769 0.769 0.773 0.774 0.770 0.767 0.762 0.762 0.765 0.761 0.759 0.759 0.757 0.753 0.751 0.751 0.754 0.753 0.754 0.754 0.750 0.746 0.743 0.741 0.741 0.738 0.739 0.741 0.736 0.737 0.740 0.741 0.740 0.737 0.738 0.735 0.736 0.734 0.731 0.730 0.730 0.732 0.734 0.735 0.735 0.737 0.734 0.732 0.731 0.732 0.734 0.730 0.730 0.724 0.723 0.724 0.726 0.720 0.718 0.714 0.709 0.708 0.708 0.709
0.772 0.771 0.771 0.770 0.769 0.768 0.768 0.767 0.768 0.769 0.770 0.775 0.773 0.771 0.767 0.765 0.762 0.762 0.760 0.760 0.760 0.758 0.755 0.752 0.751 0.752 0.752 0.751 0.751 0.749 0.750 0.746 0.746 0.744 0.738 0.740 0.742 0.738 0.736 0.737 0.738 0.738 0.739 0.737 0.736 0.736 0.733 0.730 0.731 0.729 0.729 0.730 0.731 0.734 0.736 0.733 0.732 0.732 0.733 0.732 0.732 0.726 0.726 0.725 0.724 0.729 0.725 0.723 0.714 0.712 0.713 0.711 0.707
0.774 0.774 0.773 0.772 0.772 0.771 0.770 0.769 0.769 0.774 0.776 0.771 0.770 0.773 0.775 0.771 0.765 0.763 0.763 0.762 0.760 0.758 0.758 0.756 0.754 0.751 0.751 0.749 0.750 0.753 0.752 0.750 0.748 0.744 0.739 0.740 0.741 0.739 0.736 0.736 0.737 0.738 0.738 0.737 0.737 0.735 0.733 0.730 0.733 0.731 0.730 0.729 0.732 0.735 0.734 0.736 0.736 0.733 0.735 0.731 0.728 0.726 0.726 0.728 0.725 0.724 0.725 0.723 0.715 0.715 0.712 0.709 0.706
0.777 0.776 0.776 0.775 0.774 0.773 0.772 0.771 0.770 0.773 0.771 0.771 0.774 0.778 0.773 0.769 0.769 0.766 0.767 0.765 0.765 0.760 0.759 0.760 0.758 0.752 0.757 0.754 0.749 0.753 0.751 0.746 0.744 0.743 0.740 0.740 0.742 0.739 0.737 0.736 0.737 0.737 0.738 0.737 0.736 0.734 0.733 0.731 0.733 0.733 0.730 0.731 0.734 0.736 0.738 0.740 0.737 0.735 0.734 0.732 0.728 0.725 0.726 0.729 0.726 0.722 0.719 0.718 0.716 0.713 0.710 0.708 0.704
0.779 0.779 0.778 0.778 0.777 0.776 0.775 0.774 0.773 0.773 0.776 0.779 0.781 0.776 0.774 0.774 0.773 0.769 0.769 0.771 0.765 0.762 0.760 0.760 0.758 0.755 0.756 0.755 0.751 0.754 0.750 0.747 0.747 0.744 0.740 0.741 0.742 0.742 0.739 0.736 0.738 0.740 0.740 0.738 0.735 0.736 0.735 0.734 0.732 0.737 0.736 0.733 0.735 0.737 0.741 0.738 0.734 0.734 0.729 0.728 0.726 0.725 0.726 0.723 0.720 0.717 0.717 0.718 0.715 0.711 0.708 0.705 0.702
0.782 0.782 0.781 0.780 0.779 0.778 0.777 0.776 0.775 0.776 0.781 0.784 0.780 0.778 0.777 0.777 0.776 0.773 0.775 0.771 0.766 0.763 0.763 0.761 0.763 0.760 0.759 0.755 0.754 0.754 0.749 0.749 0.750 0.745 0.741 0.741 0.743 0.743 0.740 0.737 0.738 0.740 0.740 0.738 0.740 0.738 0.734 0.734 0.736 0.738 0.736 0.736 0.736 0.736 0.737 0.738 0.734 0.730 0.728 0.728 0.727 0.721 0.720 0.718 0.716 0.717 0.719 0.718 0.716 0.712 0.708 0.704 0.701
