Source/.svn/pristine/b8/b87e76fa614e3d6b46d10f008816560cfd0d26af.svn-base
ncols               386
nrows               229
xllcorner    479497.492
yllcorner     73502.967
cellsize       1000.000
NODATA_value -999
[rows 132 to 164 of 229, columns 146 to 218 of 386]
0.671 0.668 0.664 0.661 0.657 0.653 0.650 0.645 0.641 0.637 0.632 0.626 0.620 0.612 0.605 0.599 0.590 0.582 0.572 0.563 0.555 0.542 0.534 0.535 0.546 0.556 0.567 0.578 0.586 0.594 0.597 0.602 0.612 0.618 0.621 0.625 0.631 0.633 0.637 0.640 0.643 0.646 0.650 0.652 0.655 0.657 0.660 0.664 0.666 0.667 0.670 0.672 0.675 0.677 0.678 0.679 0.679 0.683 0.684 0.685 0.687 0.688 0.688 0.691 0.695 0.698 0.703 0.704 0.706 0.709 0.711 0.712 0.712
0.672 0.668 0.665 0.661 0.658 0.654 0.650 0.646 0.642 0.637 0.632 0.626 0.619 0.612 0.605 0.598 0.589 0.580 0.572 0.562 0.551 0.540 0.534 0.534 0.545 0.557 0.568 0.577 0.584 0.591 0.598 0.603 0.612 0.617 0.620 0.625 0.630 0.634 0.638 0.640 0.643 0.646 0.650 0.653 0.655 0.658 0.661 0.664 0.667 0.668 0.669 0.671 0.674 0.677 0.679 0.679 0.680 0.681 0.683 0.684 0.685 0.686 0.688 0.691 0.695 0.699 0.702 0.704 0.705 0.708 0.709 0.713 0.715
0.673 0.669 0.666 0.662 0.659 0.655 0.651 0.647 0.642 0.637 0.631 0.625 0.620 0.613 0.606 0.599 0.591 0.584 0.573 0.565 0.557 0.547 0.543 0.545 0.551 0.560 0.570 0.577 0.580 0.591 0.597 0.604 0.612 0.618 0.620 0.624 0.629 0.634 0.638 0.641 0.644 0.646 0.650 0.653 0.656 0.659 0.661 0.664 0.667 0.668 0.670 0.671 0.672 0.676 0.677 0.679 0.680 0.681 0.682 0.684 0.686 0.688 0.689 0.693 0.696 0.698 0.700 0.702 0.706 0.708 0.711 0.712 0.714
0.674 0.671 0.667 0.663 0.660 0.656 0.652 0.648 0.643 0.637 0.632 0.627 0.622 0.615 0.609 0.602 0.595 0.587 0.579 0.572 0.563 0.559 0.556 0.556 0.559 0.565 0.571 0.577 0.583 0.591 0.598 0.605 0.612 0.618 0.620 0.624 0.629 0.634 0.638 0.641 0.644 0.647 0.650 0.653 0.656 0.660 0.662 0.665 0.668 0.671 0.671 0.672 0.673 0.674 0.676 0.678 0.679 0.681 0.683 0.686 0.688 0.689 0.689 0.693 0.695 0.697 0.700 0.704 0.707 0.707 0.709 0.711 0.717
0.675 0.672 0.669 0.665 0.661 0.657 0.653 0.649 0.644 0.640 0.634 0.630 0.624 0.619 0.613 0.607 0.599 0.593 0.587 0.580 0.573 0.569 0.567 0.567 0.569 0.568 0.572 0.579 0.586 0.592 0.600 0.607 0.613 0.619 0.623 0.626 0.630 0.634 0.638 0.641 0.645 0.647 0.651 0.653 0.657 0.660 0.662 0.665 0.668 0.671 0.672 0.672 0.673 0.674 0.676 0.678 0.681 0.683 0.686 0.688 0.688 0.688 0.689 0.691 0.694 0.697 0.701 0.706 0.707 0.707 0.710 0.713 0.716
0.677 0.673 0.670 0.666 0.662 0.658 0.654 0.650 0.645 0.642 0.637 0.632 0.627 0.622 0.617 0.611 0.606 0.599 0.593 0.587 0.582 0.579 0.577 0.577 0.575 0.574 0.577 0.583 0.589 0.596 0.602 0.608 0.614 0.619 0.623 0.628 0.631 0.635 0.639 0.642 0.645 0.648 0.651 0.654 0.657 0.660 0.663 0.665 0.668 0.671 0.672 0.672 0.673 0.676 0.678 0.681 0.683 0.684 0.686 0.686 0.687 0.687 0.689 0.691 0.693 0.695 0.700 0.704 0.706 0.707 0.711 0.712 0.714
0.679 0.676 0.672 0.668 0.663 0.660 0.656 0.651 0.647 0.643 0.639 0.633 0.628 0.623 0.618 0.613 0.607 0.604 0.600 0.595 0.591 0.588 0.586 0.585 0.584 0.584 0.586 0.589 0.594 0.600 0.606 0.611 0.616 0.621 0.625 0.629 0.632 0.636 0.640 0.643 0.646 0.649 0.652 0.654 0.657 0.660 0.663 0.665 0.667 0.671 0.673 0.673 0.676 0.678 0.679 0.681 0.682 0.682 0.683 0.685 0.685 0.687 0.689 0.693 0.695 0.696 0.696 0.702 0.707 0.707 0.707 0.710 0.710
0.680 0.678 0.673 0.669 0.665 0.662 0.657 0.653 0.649 0.644 0.640 0.635 0.630 0.625 0.620 0.616 0.612 0.608 0.604 0.601 0.598 0.595 0.590 0.588 0.590 0.593 0.593 0.596 0.599 0.605 0.610 0.614 0.619 0.623 0.627 0.631 0.634 0.638 0.641 0.644 0.647 0.649 0.652 0.654 0.657 0.661 0.663 0.665 0.667 0.672 0.672 0.673 0.675 0.676 0.678 0.679 0.680 0.681 0.682 0.683 0.686 0.687 0.691 0.694 0.696 0.697 0.697 0.699 0.703 0.706 0.707 0.710 0.708
0.683 0.678 0.676 0.671 0.667 0.664 0.659 0.655 0.651 0.646 0.643 0.638 0.633 0.628 0.623 0.620 0.616 0.612 0.609 0.605 0.602 0.601 0.596 0.593 0.595 0.596 0.599 0.602 0.605 0.609 0.613 0.618 0.622 0.626 0.629 0.632 0.636 0.639 0.642 0.645 0.648 0.650 0.653 0.656 0.658 0.662 0.663 0.665 0.668 0.671 0.672 0.673 0.674 0.677 0.678 0.678 0.679 0.680 0.682 0.685 0.686 0.688 0.692 0.694 0.698 0.698 0.698 0.698 0.701 0.705 0.705 0.709 0.706
0.685 0.680 0.677 0.674 0.670 0.666 0.661 0.657 0.653 0.649 0.645 0.641 0.636 0.631 0.627 0.623 0.620 0.616 0.613 0.609 0.605 0.606 0.605 0.602 0.602 0.602 0.604 0.607 0.611 0.614 0.617 0.621 0.624 0.628 0.631 0.634 0.638 0.641 0.643 0.646 0.649 0.651 0.654 0.656 0.659 0.662 0.663 0.666 0.669 0.670 0.671 0.673 0.674 0.676 0.677 0.677 0.679 0.682 0.684 0.686 0.685 0.688 0.691 0.694 0.696 0.696 0.697 0.698 0.699 0.702 0.704 0.708 0.705
0.686 0.683 0.679 0.676 0.672 0.668 0.663 0.659 0.655 0.651 0.647 0.643 0.639 0.634 0.631 0.627 0.624 0.620 0.617 0.613 0.611 0.612 0.611 0.610 0.609 0.608 0.609 0.612 0.615 0.618 0.621 0.624 0.627 0.630 0.633 0.637 0.640 0.642 0.645 0.648 0.650 0.652 0.654 0.657 0.660 0.662 0.664 0.666 0.669 0.670 0.671 0.672 0.673 0.675 0.677 0.677 0.680 0.682 0.685 0.686 0.685 0.689 0.689 0.692 0.696 0.696 0.696 0.697 0.699 0.701 0.703 0.706 0.703
0.688 0.685 0.680 0.678 0.674 0.669 0.665 0.661 0.657 0.653 0.650 0.646 0.642 0.638 0.634 0.631 0.627 0.624 0.620 0.618 0.616 0.616 0.616 0.615 0.615 0.615 0.615 0.617 0.619 0.622 0.625 0.628 0.630 0.633 0.636 0.639 0.641 0.644 0.647 0.649 0.652 0.654 0.655 0.657 0.661 0.663 0.664 0.666 0.668 0.670 0.671 0.673 0.675 0.676 0.677 0.678 0.681 0.683 0.684 0.685 0.685 0.689 0.691 0.692 0.695 0.696 0.696 0.696 0.699 0.699 0.702 0.703 0.703
0.688 0.685 0.682 0.679 0.675 0.671 0.668 0.663 0.659 0.655 0.652 0.648 0.645 0.641 0.638 0.635 0.631 0.628 0.625 0.623 0.622 0.621 0.620 0.619 0.620 0.620 0.621 0.622 0.624 0.626 0.629 0.631 0.634 0.636 0.638 0.641 0.643 0.646 0.648 0.651 0.653 0.654 0.656 0.658 0.661 0.662 0.664 0.666 0.668 0.671 0.672 0.675 0.676 0.677 0.677 0.678 0.681 0.683 0.684 0.685 0.685 0.688 0.690 0.691 0.692 0.695 0.695 0.697 0.696 0.696 0.700 0.700 0.700
0.690 0.686 0.683 0.681 0.677 0.674 0.670 0.665 0.661 0.657 0.654 0.651 0.648 0.644 0.641 0.638 0.635 0.633 0.630 0.628 0.626 0.625 0.625 0.624 0.624 0.625 0.626 0.627 0.628 0.630 0.632 0.634 0.636 0.639 0.641 0.643 0.645 0.647 0.649 0.652 0.654 0.656 0.658 0.660 0.661 0.663 0.665 0.667 0.669 0.671 0.673 0.674 0.675 0.676 0.678 0.679 0.682 0.683 0.683 0.685 0.685 0.687 0.689 0.690 0.692 0.693 0.693 0.692 0.693 0.696 0.696 0.699 0.698
0.693 0.691 0.687 0.683 0.679 0.676 0.670 0.667 0.663 0.660 0.656 0.654 0.651 0.648 0.645 0.642 0.639 0.637 0.635 0.633 0.631 0.630 0.629 0.629 0.629 0.629 0.630 0.631 0.632 0.634 0.636 0.637 0.639 0.641 0.643 0.645 0.648 0.649 0.651 0.653 0.655 0.658 0.659 0.661 0.662 0.663 0.665 0.668 0.671 0.672 0.674 0.674 0.676 0.678 0.679 0.680 0.681 0.683 0.684 0.685 0.685 0.686 0.688 0.689 0.691 0.690 0.691 0.691 0.693 0.695 0.694 0.695 0.695
0.692 0.691 0.689 0.685 0.679 0.676 0.672 0.669 0.665 0.662 0.659 0.656 0.654 0.652 0.649 0.646 0.643 0.641 0.639 0.637 0.636 0.635 0.634 0.633 0.633 0.634 0.634 0.635 0.636 0.637 0.639 0.641 0.642 0.644 0.646 0.647 0.649 0.651 0.653 0.655 0.657 0.659 0.660 0.661 0.663 0.664 0.666 0.668 0.670 0.672 0.674 0.675 0.677 0.679 0.679 0.680 0.681 0.684 0.684 0.685 0.685 0.685 0.686 0.688 0.688 0.688 0.688 0.690 0.692 0.692 0.693 0.693 0.694
0.693 0.691 0.689 0.686 0.681 0.677 0.673 0.670 0.667 0.664 0.661 0.659 0.657 0.655 0.654 0.650 0.647 0.645 0.643 0.642 0.640 0.639 0.638 0.638 0.637 0.638 0.638 0.640 0.640 0.641 0.642 0.644 0.645 0.646 0.648 0.649 0.651 0.653 0.655 0.657 0.658 0.659 0.661 0.662 0.663 0.665 0.666 0.668 0.671 0.672 0.673 0.676 0.678 0.679 0.680 0.681 0.681 0.682 0.683 0.684 0.685 0.685 0.685 0.685 0.685 0.686 0.688 0.690 0.691 0.691 0.692 0.693 0.694
0.695 0.691 0.690 0.689 0.683 0.678 0.676 0.672 0.669 0.666 0.663 0.661 0.659 0.657 0.655 0.654 0.650 0.648 0.646 0.645 0.644 0.643 0.642 0.642 0.642 0.641 0.642 0.642 0.643 0.644 0.645 0.646 0.648 0.649 0.650 0.652 0.653 0.655 0.656 0.657 0.659 0.660 0.661 0.663 0.664 0.666 0.667 0.668 0.670 0.671 0.675 0.676 0.677 0.679 0.681 0.679 0.681 0.681 0.682 0.682 0.682 0.683 0.684 0.684 0.685 0.686 0.686 0.687 0.688 0.688 0.689 0.690 0.691
0.697 0.693 0.692 0.691 0.685 0.680 0.678 0.676 0.671 0.668 0.665 0.664 0.662 0.660 0.657 0.657 0.654 0.652 0.650 0.648 0.647 0.646 0.646 0.645 0.645 0.645 0.645 0.645 0.646 0.647 0.648 0.649 0.650 0.651 0.652 0.653 0.655 0.656 0.658 0.659 0.660 0.661 0.662 0.664 0.665 0.667 0.668 0.669 0.671 0.672 0.674 0.675 0.678 0.680 0.679 0.679 0.680 0.680 0.680 0.681 0.682 0.684 0.685 0.685 0.686 0.686 0.686 0.687 0.687 0.687 0.687 0.688 0.688
0.702 0.695 0.691 0.690 0.688 0.685 0.681 0.675 0.673 0.670 0.668 0.667 0.665 0.665 0.663 0.660 0.657 0.655 0.653 0.651 0.650 0.650 0.649 0.648 0.649 0.648 0.648 0.648 0.649 0.649 0.650 0.652 0.653 0.654 0.655 0.655 0.656 0.658 0.658 0.660 0.661 0.662 0.663 0.665 0.667 0.668 0.670 0.671 0.672 0.673 0.674 0.676 0.678 0.679 0.679 0.678 0.678 0.679 0.681 0.682 0.683 0.684 0.685 0.686 0.687 0.686 0.687 0.687 0.688 0.688 0.688 0.688 0.687
0.704 0.699 0.695 0.692 0.688 0.685 0.681 0.678 0.675 0.673 0.671 0.670 0.670 0.667 0.665 0.662 0.659 0.657 0.656 0.654 0.653 0.652 0.652 0.653 0.653 0.652 0.652 0.652 0.651 0.652 0.654 0.654 0.655 0.655 0.656 0.657 0.658 0.659 0.660 0.661 0.662 0.663 0.664 0.666 0.667 0.670 0.671 0.673 0.673 0.674 0.676 0.678 0.678 0.677 0.678 0.678 0.679 0.681 0.682 0.682 0.685 0.685 0.687 0.687 0.688 0.688 0.688 0.688 0.688 0.689 0.689 0.689 0.688
0.706 0.702 0.697 0.693 0.690 0.687 0.685 0.680 0.678 0.675 0.674 0.674 0.672 0.669 0.666 0.664 0.662 0.660 0.659 0.657 0.656 0.655 0.654 0.654 0.655 0.655 0.655 0.654 0.654 0.654 0.656 0.656 0.657 0.657 0.658 0.659 0.659 0.660 0.661 0.662 0.663 0.665 0.666 0.667 0.668 0.669 0.672 0.673 0.674 0.675 0.676 0.676 0.677 0.677 0.677 0.679 0.680 0.682 0.684 0.683 0.685 0.685 0.685 0.685 0.685 0.686 0.688 0.688 0.688 0.689 0.689 0.691 0.689
0.704 0.699 0.696 0.694 0.692 0.690 0.687 0.684 0.682 0.680 0.678 0.674 0.672 0.672 0.669 0.666 0.664 0.663 0.662 0.661 0.659 0.658 0.657 0.656 0.657 0.658 0.657 0.656 0.656 0.657 0.658 0.657 0.658 0.659 0.659 0.660 0.660 0.661 0.662 0.663 0.665 0.666 0.668 0.669 0.670 0.670 0.671 0.673 0.674 0.675 0.675 0.676 0.676 0.677 0.678 0.680 0.681 0.682 0.683 0.683 0.684 0.685 0.685 0.685 0.685 0.685 0.685 0.687 0.688 0.690 0.690 0.690 0.688
0.702 0.699 0.698 0.696 0.694 0.691 0.688 0.686 0.683 0.679 0.678 0.676 0.674 0.672 0.670 0.669 0.668 0.668 0.665 0.664 0.662 0.660 0.659 0.659 0.659 0.659 0.658 0.658 0.658 0.659 0.660 0.660 0.660 0.660 0.661 0.661 0.662 0.662 0.664 0.665 0.666 0.668 0.669 0.670 0.670 0.671 0.672 0.674 0.675 0.675 0.675 0.676 0.677 0.678 0.680 0.681 0.682 0.683 0.684 0.685 0.684 0.685 0.686 0.686 0.686 0.686 0.685 0.685 0.687 0.687 0.689 0.689 0.688
0.702 0.701 0.700 0.698 0.695 0.691 0.688 0.685 0.684 0.679 0.679 0.677 0.675 0.673 0.673 0.671 0.671 0.670 0.667 0.665 0.666 0.663 0.661 0.661 0.661 0.661 0.660 0.659 0.660 0.661 0.661 0.661 0.661 0.661 0.662 0.662 0.663 0.664 0.665 0.667 0.667 0.669 0.670 0.670 0.672 0.673 0.673 0.675 0.675 0.677 -999.000 -999.000 0.678 0.679 0.681 0.681 0.682 0.682 0.685 0.684 0.684 0.684 0.684 0.685 0.687 0.686 0.686 0.685 0.685 0.687 0.686 0.688 0.689
0.704 0.704 0.701 0.698 0.693 0.692 0.688 0.685 0.684 0.681 0.679 0.677 0.676 0.677 0.675 0.672 0.672 0.672 0.669 0.667 0.666 0.666 0.664 0.663 0.663 0.663 0.662 0.661 0.662 0.663 0.663 0.663 0.663 0.663 0.663 0.664 0.665 0.665 0.667 0.668 0.669 0.670 0.672 0.673 0.673 0.673 -999.000 -999.000 -999.000 -999.000 -999.000 -999.000 -999.000 0.681 0.681 0.681 0.682 0.682 0.683 0.684 0.685 0.684 0.683 0.684 0.686 0.687 0.686 0.685 0.684 0.685 0.687 0.688 0.688
0.707 0.704 0.699 0.697 0.694 0.691 0.688 0.686 0.683 0.681 0.680 0.679 0.679 0.679 0.677 0.673 0.673 0.673 0.671 0.669 0.667 0.667 0.666 0.665 0.665 0.665 0.664 0.663 0.663 0.664 0.664 0.664 0.664 0.664 0.665 0.665 0.667 0.667 0.667 0.669 0.671 0.672 0.673 0.673 -999.000 -999.000 -999.000 -999.000 -999.000 -999.000 -999.000 -999.000 -999.000 0.682 0.681 0.681 0.681 0.681 0.683 0.685 0.684 0.684 0.684 0.683 0.685 0.686 0.684 0.684 0.683 0.685 0.686 0.687 0.690
0.706 0.702 0.698 0.695 0.694 0.691 0.688 0.686 0.684 0.683 0.682 0.683 0.681 0.679 0.678 0.675 0.674 0.675 0.674 0.672 0.671 0.669 0.667 0.667 0.667 0.666 0.666 0.665 0.664 0.665 0.665 0.665 0.665 0.666 0.666 0.668 0.668 0.669 0.669 0.670 0.672 0.674 0.675 0.675 -999.000 -999.000 -999.000 -999.000 -999.000 -999.000 -999.000 -999.000 -999.000 0.680 0.680 0.681 0.681 0.680 0.683 0.685 0.684 0.683 0.683 0.682 0.685 0.686 0.685 0.684 0.683 0.684 0.685 0.687 0.688
0.704 0.701 0.698 0.695 0.692 0.690 0.688 0.688 0.687 0.686 0.686 0.683 0.681 0.679 0.679 0.676 0.676 0.677 0.675 0.673 0.672 0.669 0.669 0.668 0.669 0.669 0.668 0.666 0.666 0.666 0.666 0.666 0.667 0.667 0.668 0.669 0.670 0.671 0.670 0.671 0.673 -999.000 -999.000 -999.000 -999.000 -999.000 -999.000 -999.000 -999.000 -999.000 -999.000 -999.000 -999.000 0.681 0.682 0.682 0.682 0.680 0.682 0.684 0.684 0.683 0.683 0.682 0.683 0.685 0.685 0.683 0.683 0.684 0.686 0.686 0.686
0.702 0.699 0.697 0.694 0.692 0.692 0.691 0.690 0.690 0.693 0.689 0.686 0.685 0.681 0.679 0.677 0.676 0.677 0.675 0.674 0.672 0.671 0.670 0.671 0.670 0.670 0.669 0.668 0.667 0.667 0.667 0.668 0.669 0.669 0.670 0.671 0.672 0.673 0.673 0.673 0.675 -999.000 -999.000 -999.000 -999.000 -999.000 -999.000 -999.000 -999.000 -999.000 -999.000 -999.000 -999.000 -999.000 0.683 0.683 0.681 0.679 0.680 0.681 0.684 0.684 0.683 0.682 0.681 0.682 0.682 0.682 0.683 0.685 0.686 0.685 0.684
0.701 0.698 0.696 0.695 0.695 0.695 0.694 0.695 0.694 0.690 0.689 0.689 0.688 0.684 0.682 0.680 0.678 0.676 0.676 0.674 0.673 0.672 0.672 0.673 0.672 0.671 0.670 0.669 0.668 0.669 0.669 0.670 0.671 0.671 0.672 0.671 0.673 0.674 0.675 0.676 -999.000 -999.000 -999.000 -999.000 -999.000 -999.000 -999.000 -999.000 -999.000 -999.000 -999.000 -999.000 -999.000 -999.000 0.683 0.682 0.681 0.679 0.679 0.681 0.684 0.684 0.684 0.683 0.682 0.682 0.682 0.681 0.682 0.684 0.685 0.683 0.683
0.700 0.698 0.698 0.697 0.697 0.697 0.697 0.695 0.694 0.690 0.689 0.687 0.687 0.686 0.683 0.682 0.681 0.677 0.676 0.675 0.674 0.674 0.674 0.673 0.672 0.672 0.670 0.670 0.670 0.670 0.671 0.671 0.672 0.672 0.672 0.673 0.674 0.674 0.675 0.675 0.676 0.677 -999.000 -999.000 -999.000 -999.000 -999.000 -999.000 -999.000 -999.000 -999.000 -999.000 -999.000 -999.000 0.682 0.681 0.681 0.681 0.680 0.680 0.682 0.683 0.684 0.683 0.684 0.684 0.682 0.682 0.681 0.682 0.682 0.682 0.685
0.701 0.701 0.700 0.700 0.701 0.701 0.700 0.695 0.692 0.690 0.690 0.686 0.688 0.686 0.683 0.682 0.681 0.678 0.677 0.676 0.676 0.676 0.675 0.674 0.673 0.672 0.671 0.671 0.671 0.672 0.672 0.672 0.673 0.673 0.675 0.674 0.675 0.675 0.675 0.676 0.676 0.677 -999.000 -999.000 -999.000 -999.000 -999.000 -999.000 -999.000 -999.000 -999.000 -999.000 -999.000 0.683 0.681 0.682 0.683 0.682 0.681 0.679 0.681 0.684 0.685 0.684 0.685 0.683 0.683 0.682 0.681 0.682 0.682 0.682 0.683
