Source/.svn/pristine/b8/b87e76fa614e3d6b46d10f008816560cfd0d26af.svn-base
ncols               386
nrows               229
xllcorner    479497.492
yllcorner     73502.967
cellsize       1000.000
NODATA_value -999
[rows 132 to 164 of 229, columns 0 to 72 of 386]
-999.000 -999.000 -999.000 -999.000 -999.000 -999.000 -999.000 -999.000 -999.000 -999.000 -999.000 -999.000 -999.000 -999.000 -999.000 -999.000 -999.000 -999.000 -999.000 -999.000 -999.000 -999.000 -999.000 -999.000 -999.000 -999.000 -999.000 -999.000 -999.000 -999.000 0.741 0.740 0.740 0.740 0.740 0.740 0.740 0.742 0.741 0.740 0.741 0.742 0.742 0.740 0.739 0.739 0.738 0.738 0.738 0.738 0.737 0.737 0.737 0.737 0.738 0.737 0.738 0.738 0.738 0.738 0.738 0.737 0.737 0.737 0.737 0.737 0.737 0.737 0.737 0.736 0.736 0.735 0.734
-999.000 -999.000 -999.000 -999.000 -999.000 -999.000 -999.000 -999.000 -999.000 -999.000 -999.000 -999.000 -999.000 -999.000 -999.000 -999.000 -999.000 -999.000 -999.000 -999.000 -999.000 -999.000 -999.000 -999.000 -999.000 -999.000 -999.000 -999.000 -999.000 0.742 0.741 0.741 0.740 0.740 0.740 0.740 0.741 0.741 0.741 0.741 0.743 0.742 0.741 0.740 0.740 0.739 0.739 0.739 0.738 0.738 0.738 0.738 0.738 0.738 0.739 0.739 0.739 0.739 0.739 0.739 0.738 0.738 0.738 0.738 0.738 0.738 0.738 0.738 0.738 0.738 0.736 0.735 0.735
-999.000 -999.000 -999.000 -999.000 -999.000 -999.000 -999.000 -999.000 -999.000 -999.000 -999.000 -999.000 -999.000 -999.000 -999.000 -999.000 -999.000 -999.000 -999.000 -999.000 -999.000 -999.000 -999.000 -999.000 -999.000 -999.000 -999.000 -999.000 0.743 0.742 0.741 0.741 0.741 0.741 0.741 0.741 0.742 0.742 0.742 0.743 0.743 0.742 0.741 0.740 0.740 0.740 0.739 0.739 0.739 0.739 0.739 0.739 0.739 0.739 0.739 0.739 0.740 0.739 0.740 0.740 0.739 0.739 0.739 0.739 0.739 0.739 0.739 0.739 0.738 0.737 0.737 0.736 0.737
-999.000 -999.000 -999.000 -999.000 -999.000 -999.000 -999.000 -999.000 -999.000 -999.000 -999.000 -999.000 -999.000 -999.000 -999.000 -999.000 -999.000 -999.000 -999.000 -999.000 -999.000 -999.000 -999.000 -999.000 -999.000 -999.000 -999.000 0.743 0.742 0.741 0.741 0.741 0.741 0.741 0.741 0.743 0.744 0.743 0.743 0.743 0.742 0.742 0.741 0.741 0.740 0.740 0.740 0.740 0.740 0.739 0.739 0.739 0.739 0.740 0.740 0.740 0.740 0.740 0.740 0.740 0.740 0.740 0.740 0.740 0.740 0.740 0.740 0.740 0.739 0.739 0.737 0.738 0.737
-999.000 -999.000 -999.000 -999.000 -999.000 -999.000 -999.000 -999.000 -999.000 -999.000 -999.000 -999.000 -999.000 -999.000 -999.000 -999.000 -999.000 -999.000 -999.000 -999.000 -999.000 -999.000 -999.000 -999.000 -999.000 -999.000 0.743 0.743 0.742 0.742 0.742 0.741 0.742 0.742 0.744 0.744 0.745 0.744 0.743 0.743 0.742 0.742 0.741 0.741 0.741 0.741 0.741 0.740 0.741 0.741 0.741 0.740 0.740 0.741 0.741 0.741 0.741 0.741 0.741 0.741 0.741 0.741 0.741 0.741 0.741 0.742 0.741 0.741 0.740 0.739 0.739 0.739 0.738
-999.000 -999.000 -999.000 -999.000 -999.000 -999.000 -999.000 -999.000 -999.000 -999.000 -999.000 -999.000 -999.000 -999.000 -999.000 -999.000 -999.000 -999.000 -999.000 -999.000 -999.000 -999.000 -999.000 -999.000 -999.000 0.743 0.743 0.743 0.742 0.742 0.742 0.742 0.742 0.744 0.745 0.746 0.745 0.746 0.744 0.744 0.743 0.742 0.742 0.742 0.742 0.742 0.741 0.741 0.742 0.742 0.741 0.741 0.742 0.742 0.742 0.742 0.742 0.742 0.742 0.742 0.742 0.742 0.742 0.743 0.743 0.743 0.742 0.742 0.741 0.741 0.740 0.740 0.739
-999.000 -999.000 -999.000 -999.000 -999.000 -999.000 -999.000 -999.000 -999.000 -999.000 -999.000 -999.000 -999.000 -999.000 -999.000 -999.000 -999.000 -999.000 -999.000 -999.000 -999.000 -999.000 -999.000 -999.000 0.744 0.743 0.743 0.743 0.742 0.742 0.742 0.743 0.745 0.746 0.747 0.746 0.746 0.747 0.745 0.743 0.743 0.743 0.742 0.742 0.742 0.742 0.742 0.742 0.742 0.742 0.742 0.742 0.742 0.743 0.743 0.743 0.743 0.743 0.743 0.743 0.744 0.744 0.744 0.744 0.744 0.744 0.744 0.743 0.742 0.742 0.741 0.742 0.740
-999.000 -999.000 -999.000 -999.000 -999.000 -999.000 -999.000 -999.000 -999.000 -999.000 -999.000 -999.000 -999.000 -999.000 -999.000 -999.000 -999.000 -999.000 -999.000 -999.000 -999.000 -999.000 -999.000 0.744 0.744 0.743 0.743 0.743 0.742 0.743 0.744 0.745 0.746 0.747 0.747 0.748 0.748 0.746 0.745 0.743 0.743 0.743 0.743 0.743 0.743 0.743 0.743 0.743 0.743 0.743 0.743 0.743 0.743 0.744 0.744 0.744 0.744 0.744 0.744 0.744 0.745 0.745 0.745 0.745 0.745 0.745 0.745 0.744 0.743 0.743 0.742 0.743 0.741
-999.000 -999.000 -999.000 -999.000 -999.000 -999.000 -999.000 -999.000 -999.000 -999.000 -999.000 -999.000 -999.000 -999.000 -999.000 -999.000 -999.000 -999.000 -999.000 -999.000 -999.000 -999.000 0.744 0.744 0.744 0.743 0.743 0.743 0.743 0.744 0.745 0.746 0.747 0.748 0.749 0.749 0.748 0.746 0.744 0.744 0.744 0.744 0.744 0.744 0.744 0.744 0.744 0.744 0.744 0.744 0.743 0.744 0.744 0.745 0.745 0.745 0.745 0.745 0.746 0.746 0.746 0.746 0.746 0.746 0.746 0.746 0.746 0.745 0.744 0.744 0.744 0.744 0.742
-999.000 -999.000 -999.000 -999.000 -999.000 -999.000 -999.000 -999.000 -999.000 -999.000 -999.000 -999.000 -999.000 -999.000 -999.000 -999.000 -999.000 -999.000 -999.000 -999.000 0.744 0.744 0.744 0.744 0.743 0.743 0.743 0.743 0.745 0.746 0.746 0.747 0.748 0.750 0.750 0.749 0.748 0.747 0.744 0.744 0.744 0.744 0.745 0.745 0.745 0.745 0.745 0.745 0.745 0.745 0.745 0.745 0.745 0.746 0.746 0.746 0.746 0.746 0.747 0.747 0.747 0.747 0.747 0.747 0.747 0.747 0.747 0.746 0.745 0.745 0.745 0.744 0.743
-999.000 -999.000 -999.000 -999.000 -999.000 -999.000 -999.000 -999.000 -999.000 -999.000 -999.000 -999.000 -999.000 -999.000 -999.000 -999.000 -999.000 -999.000 -999.000 0.744 0.744 0.744 0.744 0.744 0.744 0.744 0.744 0.745 0.747 0.747 0.747 0.748 0.750 0.750 0.750 0.749 0.749 0.747 0.745 0.745 0.745 0.745 0.746 0.745 0.745 0.746 0.745 0.746 0.746 0.746 0.745 0.746 0.746 0.747 0.747 0.747 0.747 0.747 0.748 0.748 0.748 0.748 0.748 0.749 0.749 0.749 0.748 0.747 0.747 0.746 0.746 0.745 0.744
-999.000 -999.000 -999.000 -999.000 -999.000 -999.000 -999.000 -999.000 -999.000 -999.000 -999.000 -999.000 -999.000 -999.000 -999.000 -999.000 -999.000 -999.000 -999.000 0.744 0.744 0.744 0.745 0.744 0.744 0.744 0.745 0.747 0.748 0.748 0.748 0.750 0.750 0.750 0.750 0.749 0.748 0.746 0.746 0.746 0.746 0.746 0.746 0.746 0.746 0.746 0.746 0.746 0.746 0.746 0.746 0.747 0.747 0.747 0.748 0.748 0.748 0.748 0.749 0.749 0.750 0.750 0.749 0.750 0.750 0.750 0.749 0.748 0.748 0.748 0.748 0.747 0.746
-999.000 -999.000 -999.000 -999.000 -999.000 -999.000 -999.000 -999.000 -999.000 -999.000 -999.000 -999.000 -999.000 -999.000 -999.000 -999.000 -999.000 -999.000 -999.000 -999.000 0.745 0.745 0.745 0.744 0.745 0.746 0.747 0.748 0.748 0.749 0.749 0.750 0.751 0.750 0.750 0.748 0.746 0.746 0.746 0.746 0.747 0.747 0.747 0.747 0.747 0.747 0.747 0.747 0.747 0.747 0.747 0.748 0.748 0.748 0.749 0.749 0.749 0.749 0.750 0.750 0.751 0.751 0.751 0.751 0.751 0.751 0.750 0.750 0.750 0.749 0.748 0.748 0.747
-999.000 -999.000 -999.000 -999.000 -999.000 -999.000 -999.000 -999.000 -999.000 -999.000 -999.000 -999.000 -999.000 -999.000 -999.000 -999.000 -999.000 -999.000 -999.000 -999.000 -999.000 0.745 0.744 0.745 0.746 0.747 0.748 0.748 0.749 0.749 0.750 0.751 0.750 0.750 0.749 0.747 0.747 0.747 0.747 0.747 0.748 0.748 0.748 0.748 0.748 0.748 0.748 0.748 0.748 0.748 0.748 0.748 0.749 0.749 0.749 0.750 0.750 0.750 0.751 0.751 0.752 0.752 0.752 0.752 0.752 0.752 0.752 0.751 0.751 0.751 0.750 0.749 0.748
-999.000 -999.000 -999.000 -999.000 -999.000 -999.000 -999.000 -999.000 -999.000 -999.000 -999.000 -999.000 -999.000 -999.000 -999.000 -999.000 -999.000 -999.000 -999.000 -999.000 -999.000 -999.000 0.745 0.747 0.747 0.748 0.749 0.749 0.749 0.750 0.751 0.750 0.750 0.749 0.747 0.747 0.747 0.747 0.748 0.748 0.748 0.749 0.749 0.749 0.749 0.749 0.749 0.749 0.749 0.749 0.749 0.749 0.750 0.750 0.750 0.751 0.751 0.752 0.752 0.753 0.753 0.753 0.753 0.753 0.753 0.753 0.753 0.753 0.752 0.752 0.751 0.750 0.750
-999.000 -999.000 -999.000 -999.000 -999.000 -999.000 -999.000 -999.000 -999.000 -999.000 -999.000 -999.000 -999.000 -999.000 -999.000 -999.000 -999.000 -999.000 -999.000 -999.000 -999.000 -999.000 0.747 0.748 0.749 0.749 0.749 0.750 0.750 0.750 0.749 0.750 0.749 0.748 0.748 0.748 0.748 0.748 0.749 0.749 0.749 0.749 0.749 0.749 0.749 0.749 0.750 0.750 0.750 0.750 0.750 0.751 0.750 0.751 0.751 0.751 0.752 0.753 0.753 0.753 0.754 0.754 0.754 0.754 0.754 0.754 0.754 0.754 0.753 0.753 0.752 0.752 0.752
-999.000 -999.000 -999.000 -999.000 -999.000 -999.000 -999.000 -999.000 -999.000 -999.000 -999.000 -999.000 -999.000 -999.000 -999.000 -999.000 -999.000 -999.000 -999.000 -999.000 0.745 0.747 0.748 0.750 0.750 0.749 0.750 0.751 0.750 0.749 0.749 0.749 0.749 0.749 0.748 0.748 0.748 0.749 0.749 0.750 0.750 0.750 0.750 0.750 0.750 0.750 0.751 0.751 0.751 0.751 0.751 0.751 0.751 0.752 0.752 0.752 0.753 0.754 0.754 0.754 0.754 0.755 0.755 0.755 0.756 0.756 0.755 0.755 0.754 0.754 0.754 0.754 0.753
-999.000 -999.000 -999.000 -999.000 -999.000 -999.000 -999.000 -999.000 -999.000 -999.000 -999.000 -999.000 -999.000 -999.000 -999.000 -999.000 -999.000 -999.000 -999.000 -999.000 0.747 0.749 0.750 0.751 0.750 0.750 0.751 0.751 0.751 0.750 0.749 0.750 0.749 0.749 0.749 0.749 0.749 0.749 0.750 0.750 0.750 0.751 0.751 0.751 0.751 0.751 0.751 0.752 0.752 0.752 0.752 0.752 0.753 0.753 0.753 0.753 0.754 0.754 0.755 0.755 0.756 0.756 0.756 0.757 0.757 0.757 0.756 0.756 0.756 0.755 0.756 0.755 0.754
-999.000 -999.000 -999.000 -999.000 -999.000 -999.000 -999.000 -999.000 -999.000 -999.000 -999.000 -999.000 -999.000 -999.000 -999.000 -999.000 -999.000 -999.000 -999.000 0.747 0.749 0.750 0.751 0.750 0.750 0.750 0.751 0.751 0.750 0.749 0.749 0.750 0.749 0.749 0.749 0.749 0.750 0.750 0.750 0.751 0.751 0.751 0.751 0.751 0.752 0.752 0.752 0.752 0.752 0.753 0.753 0.753 0.754 0.754 0.754 0.754 0.755 0.755 0.755 0.756 0.756 0.756 0.757 0.757 0.758 0.758 0.758 0.758 0.758 0.757 0.757 0.756 0.758
-999.000 -999.000 -999.000 -999.000 -999.000 -999.000 -999.000 -999.000 -999.000 -999.000 -999.000 -999.000 -999.000 -999.000 -999.000 -999.000 -999.000 -999.000 0.746 0.749 0.750 0.751 0.750 0.750 0.750 0.751 0.752 0.750 0.750 0.750 0.750 0.749 0.749 0.750 0.750 0.750 0.751 0.751 0.751 0.751 0.751 0.752 0.752 0.752 0.753 0.753 0.753 0.753 0.753 0.754 0.754 0.754 0.755 0.755 0.755 0.756 0.756 0.756 0.756 0.757 0.757 0.757 0.757 0.758 0.759 0.760 0.760 0.760 0.759 0.758 0.758 0.758 0.759
-999.000 -999.000 -999.000 -999.000 -999.000 -999.000 -999.000 -999.000 -999.000 -999.000 -999.000 -999.000 -999.000 -999.000 -999.000 -999.000 -999.000 -999.000 0.748 0.749 0.751 0.750 0.750 0.750 0.751 0.752 0.751 0.750 0.750 0.750 0.750 0.750 0.750 0.750 0.751 0.751 0.751 0.751 0.752 0.752 0.752 0.752 0.753 0.753 0.753 0.754 0.754 0.754 0.754 0.755 0.755 0.755 0.756 0.756 0.757 0.757 0.757 0.757 0.758 0.758 0.758 0.758 0.758 0.758 0.759 0.760 0.760 0.761 0.760 0.760 0.760 0.760 0.762
-999.000 -999.000 -999.000 -999.000 -999.000 -999.000 -999.000 -999.000 -999.000 -999.000 -999.000 -999.000 -999.000 -999.000 -999.000 -999.000 -999.000 -999.000 0.750 0.751 0.750 0.750 0.751 0.751 0.750 0.751 0.750 0.750 0.749 0.750 0.751 0.751 0.751 0.751 0.752 0.752 0.752 0.753 0.752 0.752 0.752 0.753 0.753 0.754 0.754 0.754 0.755 0.755 0.755 0.756 0.756 0.757 0.757 0.757 0.758 0.758 0.758 0.759 0.759 0.759 0.759 0.760 0.760 0.760 0.760 0.760 0.760 0.760 0.761 0.762 0.761 0.762 0.762
-999.000 -999.000 -999.000 -999.000 -999.000 -999.000 -999.000 -999.000 -999.000 -999.000 -999.000 -999.000 -999.000 -999.000 -999.000 -999.000 -999.000 0.748 0.750 0.751 0.751 0.751 0.751 0.750 0.750 0.750 0.750 0.750 0.750 0.750 0.751 0.752 0.752 0.752 0.752 0.752 0.752 0.752 0.752 0.753 0.753 0.754 0.754 0.755 0.755 0.755 0.756 0.756 0.756 0.757 0.757 0.758 0.758 0.759 0.759 0.759 0.760 0.760 0.760 0.761 0.761 0.761 0.761 0.761 0.761 0.761 0.761 0.761 0.762 0.763 0.763 0.763 0.763
-999.000 -999.000 -999.000 -999.000 -999.000 -999.000 -999.000 -999.000 -999.000 -999.000 -999.000 -999.000 -999.000 -999.000 -999.000 -999.000 0.748 0.749 0.750 0.751 0.751 0.751 0.751 0.750 0.750 0.750 0.749 0.750 0.750 0.750 0.751 0.752 0.752 0.751 0.751 0.752 0.752 0.752 0.753 0.753 0.754 0.754 0.755 0.755 0.756 0.756 0.757 0.757 0.758 0.758 0.759 0.759 0.760 0.760 0.760 0.761 0.761 0.762 0.762 0.762 0.762 0.763 0.763 0.763 0.763 0.763 0.763 0.763 0.763 0.763 0.763 0.762 0.763
-999.000 -999.000 -999.000 -999.000 -999.000 -999.000 -999.000 -999.000 -999.000 -999.000 -999.000 -999.000 -999.000 -999.000 -999.000 -999.000 0.749 0.749 0.750 0.751 0.751 0.752 0.751 0.751 0.751 0.750 0.750 0.749 0.750 0.751 0.752 0.752 0.751 0.751 0.752 0.752 0.752 0.753 0.753 0.754 0.754 0.755 0.755 0.756 0.757 0.757 0.758 0.758 0.759 0.759 0.760 0.760 0.761 0.761 0.762 0.762 0.763 0.763 0.763 0.764 0.764 0.764 0.765 0.765 0.765 0.765 0.765 0.765 0.765 0.765 0.764 0.764 0.764
-999.000 -999.000 -999.000 -999.000 -999.000 -999.000 -999.000 -999.000 -999.000 -999.000 -999.000 -999.000 -999.000 -999.000 -999.000 -999.000 -999.000 0.749 0.750 0.750 0.750 0.751 0.751 0.751 0.751 0.750 0.750 0.750 0.750 0.751 0.752 0.751 0.751 0.752 0.752 0.752 0.753 0.754 0.754 0.755 0.755 0.756 0.756 0.757 0.758 0.758 0.759 0.759 0.760 0.760 0.761 0.762 0.762 0.763 0.763 0.764 0.764 0.765 0.765 0.765 0.766 0.766 0.766 0.767 0.767 0.767 0.767 0.767 0.767 0.767 0.766 0.766 0.766
-999.000 -999.000 -999.000 -999.000 -999.000 -999.000 -999.000 -999.000 -999.000 -999.000 -999.000 -999.000 -999.000 -999.000 -999.000 -999.000 0.750 0.751 0.753 0.751 0.751 0.751 0.751 0.749 0.750 0.749 0.750 0.750 0.750 0.751 0.751 0.751 0.752 0.752 0.752 0.753 0.754 0.754 0.755 0.755 0.756 0.757 0.757 0.758 0.759 0.759 0.760 0.760 0.761 0.762 0.762 0.763 0.764 -999.000 -999.000 -999.000 -999.000 -999.000 0.767 0.767 0.767 0.768 0.768 0.768 0.769 0.769 0.769 0.769 0.769 0.769 0.768 0.768 0.768
-999.000 -999.000 -999.000 -999.000 -999.000 -999.000 -999.000 -999.000 -999.000 -999.000 -999.000 -999.000 -999.000 -999.000 -999.000 -999.000 0.752 0.753 0.753 0.754 0.753 0.752 0.750 0.749 0.749 0.749 0.750 0.750 0.751 0.751 0.751 0.752 0.752 0.753 0.753 0.754 0.754 0.755 0.756 0.756 0.757 0.758 0.758 0.759 0.760 0.760 -999.000 -999.000 -999.000 -999.000 -999.000 -999.000 -999.000 -999.000 -999.000 -999.000 -999.000 -999.000 -999.000 -999.000 -999.000 -999.000 -999.000 -999.000 -999.000 -999.000 -999.000 -999.000 0.771 0.771 0.771 0.770 0.770
-999.000 -999.000 -999.000 -999.000 -999.000 -999.000 -999.000 -999.000 -999.000 -999.000 -999.000 -999.000 -999.000 -999.000 -999.000 0.751 0.752 0.754 0.753 0.753 0.752 0.750 0.749 0.749 0.749 0.750 0.750 0.750 0.751 0.751 0.752 0.752 0.753 0.753 0.754 0.755 0.755 0.756 0.756 0.757 0.758 0.758 0.759 -999.000 -999.000 -999.000 -999.000 -999.000 -999.000 -999.000 -999.000 -999.000 -999.000 -999.000 -999.000 -999.000 -999.000 -999.000 -999.000 -999.000 -999.000 -999.000 -999.000 -999.000 -999.000 -999.000 -999.000 -999.000 -999.000 -999.000 -999.000 -999.000 -999.000
-999.000 -999.000 -999.000 -999.000 -999.000 -999.000 -999.000 -999.000 -999.000 -999.000 -999.000 -999.000 -999.000 -999.000 -999.000 -999.000 -999.000 0.753 0.752 0.752 0.750 0.749 0.749 0.749 0.750 0.750 0.750 0.751 0.751 0.752 0.752 0.753 0.753 0.754 0.755 0.755 0.756 0.757 0.757 0.758 -999.000 -999.000 -999.000 -999.000 -999.000 -999.000 -999.000 -999.000 -999.000 -999.000 -999.000 -999.000 -999.000 -999.000 -999.000 -999.000 -999.000 -999.000 -999.000 -999.000 -999.000 -999.000 -999.000 -999.000 -999.000 -999.000 -999.000 -999.000 -999.000 -999.000 -999.000 -999.000 -999.000
-999.000 -999.000 -999.000 -999.000 -999.000 -999.000 -999.000 -999.000 -999.000 -999.000 -999.000 -999.000 -999.000 -999.000 -999.000 -999.000 -999.000 -999.000 0.752 0.751 0.749 0.749 0.749 0.749 0.750 0.750 0.751 0.751 0.752 0.752 0.753 0.753 0.754 0.755 0.755 0.756 0.757 0.757 -999.000 -999.000 -999.000 -999.000 -999.000 -999.000 -999.000 -999.000 -999.000 -999.000 -999.000 -999.000 -999.000 -999.000 -999.000 -999.000 -999.000 -999.000 -999.000 -999.000 -999.000 -999.000 -999.000 -999.000 -999.000 -999.000 -999.000 -999.000 -999.000 -999.000 -999.000 -999.000 -999.000 -999.000 0.777
-999.000 -999.000 -999.000 -999.000 -999.000 -999.000 -999.000 -999.000 -999.000 -999.000 -999.000 -999.000 -999.000 -999.000 -999.000 -999.000 -999.000 -999.000 -999.000 -999.000 0.749 0.749 0.749 0.750 0.750 0.751 0.751 0.752 0.752 0.753 0.753 0.754 0.754 0.755 0.756 0.757 -999.000 -999.000 -999.000 -999.000 -999.000 -999.000 -999.000 -999.000 -999.000 -999.000 -999.000 -999.000 -999.000 -999.000 -999.000 -999.000 -999.000 -999.000 -999.000 -999.000 -999.000 -999.000 -999.000 -999.000 -999.000 -999.000 -999.000 -999.000 -999.000 -999.000 -999.000 -999.000 -999.000 -999.000 -999.000 -999.000 0.780
-999.000 -999.000 -999.000 -999.000 -999.000 -999.000 -999.000 -999.000 -999.000 -999.000 -999.000 -999.000 -999.000 -999.000 -999.000 -999.000 -999.000 -999.000 -999.000 -999.000 -999.000 0.749 0.750 0.750 0.751 0.751 0.751 0.752 0.753 0.753 0.754 0.754 0.755 0.756 -999.000 -999.000 -999.000 -999.000 -999.000 -999.000 -999.000 -999.000 -999.000 -999.000 -999.000 -999.000 -999.000 -999.000 -999.000 -999.000 -999.000 -999.000 -999.000 -999.000 -999.000 -999.000 -999.000 -999.000 -999.000 -999.000 -999.000 -999.000 -999.000 -999.000 -999.000 -999.000 -999.000 -999.000 -999.000 -999.000 -999.000 -999.000 0.782
